0.000000000000e+00
-9.999995952158e-01
9.999989241968e-01
-9.999973522846e-01
-9.999522363335e-01
9.999919996955e-01
9.999782341438e-01
-9.997346700015e-01
9.999499648500e-01
-9.999528046121e-01
-9.999654462406e-01
-9.999838707057e-01
-9.999846467633e-01
-9.999862772938e-01
-9.999890457062e-01
-9.999921491869e-01
-9.999930785224e-01
-9.999916076924e-01
-9.999910238630e-01
-9.999905791339e-01
-9.999910846640e-01
-9.999918633583e-01
-9.999922491855e-01
-9.999901367099e-01
-9.999913195476e-01
-9.999925451285e-01
-9.999926771179e-01
-9.999937855407e-01
-9.999935556444e-01
-9.999934738149e-01
-9.999921587562e-01
-9.999898282889e-01
-9.999893671225e-01
-9.999839035884e-01
-9.999858688491e-01
-9.999890033580e-01
-9.999896646934e-01
-9.999910455134e-01
-9.999907167763e-01
-9.999878999819e-01
-9.999840201175e-01
-9.999855261931e-01
-9.999867724143e-01
-9.999885753282e-01
-9.999854699842e-01
-9.999825916710e-01
-9.999754440920e-01
-9.999734779276e-01
-9.999729842068e-01
-9.999563749062e-01
-9.999563383292e-01
-9.999302075126e-01
-9.999143946039e-01
-9.998797014469e-01
-9.999480987115e-01
-9.999483593877e-01
-9.999576713426e-01
-9.999517050896e-01
-9.999525421043e-01
-9.999689258631e-01
-9.999767150080e-01
-9.999792223521e-01
-9.999833859891e-01
-9.999821180865e-01
-9.999710764750e-01
-9.999702616882e-01
-9.999704273492e-01
-9.999558720320e-01
9.996178318072e-01
9.999501617099e-01
9.999367976761e-01
9.999448545098e-01
-9.994102397621e-01
-9.998439468659e-01
9.990717188472e-01
9.998984268102e-01
9.998440223544e-01
9.980960251105e-01
-9.998664727109e-01
-9.999341763017e-01
-9.999701749310e-01
-9.999740577384e-01
-9.999764616918e-01
-9.999759907559e-01
-9.998903117251e-01
-9.999415779547e-01
-9.999376455256e-01
-9.999455859073e-01
-9.999781942707e-01
-9.999843166868e-01
-9.999836835358e-01
-9.999847412404e-01
-9.999853955168e-01
-9.999786235507e-01
-9.999762867006e-01
-9.999787792029e-01
-9.999808649104e-01
-9.999821004847e-01
-9.999790580434e-01
-9.999729964166e-01
-9.999592492443e-01
-9.998215194479e-01
9.998262160650e-01
-9.992896867867e-01
-9.999276120754e-01
-9.999123237449e-01
-9.998400867235e-01
-9.999116452220e-01
-9.998786521461e-01
9.995432476971e-01
-9.998014133474e-01
-9.991170941757e-01
-9.997414121251e-01
9.998736166435e-01
9.999581072702e-01
9.999687402681e-01
9.999678693806e-01
9.999715736709e-01
9.999730265541e-01
9.999768914743e-01
9.999737271838e-01
9.999606814110e-01
9.999595200380e-01
9.999355035325e-01
9.999580437773e-01
9.999723623656e-01
9.999743964365e-01
9.999692443082e-01
9.999686002256e-01
9.999731909050e-01
9.999695944088e-01
9.999710947681e-01
9.999627408554e-01
9.999602633912e-01
9.999511106197e-01
9.999461803885e-01
9.999580201531e-01
9.999225609775e-01
9.997421252697e-01
-9.999095375318e-01
-9.998589470705e-01
-9.997518434813e-01
9.998481035744e-01
9.999448448057e-01
9.999476520137e-01
9.999575307560e-01
9.999529238788e-01
9.999599473150e-01
9.999505783617e-01
9.999360901032e-01
9.999593268781e-01
9.999667987502e-01
9.999743986630e-01
9.999616676885e-01
9.999683020980e-01
9.999738037384e-01
9.999752254280e-01
9.999768940602e-01
9.999741551446e-01
9.999682875581e-01
9.999708359946e-01
9.999690370794e-01
9.999467047108e-01
9.999249718092e-01
9.999458812668e-01
9.999427303536e-01
-9.761767515963e-01
-9.999126586882e-01
-9.999349010102e-01
-9.998688394859e-01
-9.999381711329e-01
-9.999570729612e-01
-9.999426969509e-01
9.987300242198e-01
-9.989885066430e-01
9.996961672637e-01
9.999454948159e-01
9.999163337452e-01
9.997825520681e-01
-9.993598123835e-01
9.998154582896e-01
9.998939033547e-01
9.999095997921e-01
9.996114840092e-01
-9.998692985963e-01
-9.987814812548e-01
9.997779039005e-01
-9.997743003036e-01
9.993019579402e-01
-9.999565282690e-01
-9.999749958336e-01
-9.999776671806e-01
-9.999772366683e-01
-9.999785276353e-01
-9.999808754932e-01
-9.999800752553e-01
-9.999767100403e-01
-9.999807343431e-01
-9.999738595146e-01
-9.999758148110e-01
-9.999813741745e-01
-9.999814198819e-01
-9.999833945670e-01
-9.999840700568e-01
-9.999866268532e-01
-9.999889042155e-01
-9.999879858979e-01
-9.999848143266e-01
-9.999830043552e-01
-9.999808026794e-01
-9.999827573304e-01
-9.999862734227e-01
-9.999875360787e-01
-9.999852672569e-01
-9.999846407297e-01
-9.999852877323e-01
-9.999837475491e-01
-9.999814678231e-01
-9.999821465039e-01
-9.999835121801e-01
-9.999852087046e-01
-9.999882785068e-01
-9.999894445860e-01
-9.999901382455e-01
-9.999900338725e-01
-9.999895988212e-01
-9.999906937146e-01
-9.999917490838e-01
-9.999911198894e-01
-9.999895286379e-01
-9.999892419998e-01
-9.999900574617e-01
-9.999900498137e-01
-9.999898077678e-01
-9.999890739111e-01
-9.999881834851e-01
-9.999855617973e-01
-9.999777157706e-01
-9.999783868161e-01
-9.999834936810e-01
-9.999850543989e-01
-9.999860128107e-01
-9.999869117683e-01
-9.999875103077e-01
-9.999855720872e-01
-9.999818965348e-01
-9.999724356604e-01
-9.999436787833e-01
-9.997992117684e-01
9.997957267746e-01
9.990388121777e-01
9.996392941694e-01
9.999151325315e-01
9.999532331413e-01
9.999424840463e-01
9.998457574683e-01
9.998798077655e-01
9.999318268961e-01
9.999350478818e-01
9.999108613702e-01
9.997575574285e-01
-9.998785981587e-01
-9.997763083630e-01
9.998571195089e-01
9.998542564020e-01
9.998458654057e-01
9.999190032189e-01
9.998952562898e-01
9.996055801647e-01
-9.996244705885e-01
-9.999488453395e-01
-9.999076837596e-01
-9.999276404101e-01
-9.998757572115e-01
9.998691310401e-01
9.999154099863e-01
9.999498084768e-01
9.999540966507e-01
9.999125934064e-01
9.997955705793e-01
9.998367051927e-01
-9.998496790798e-01
-9.999484443745e-01
-9.999355687345e-01
-9.999046852822e-01
-9.998887589767e-01
9.996408338689e-01
9.999099271514e-01
9.999240117009e-01
9.999364500237e-01
9.997649812937e-01
-9.997353881264e-01
-9.998516295853e-01
-9.987557392634e-01
9.995680848468e-01
9.998336533307e-01
9.999456316520e-01
9.999671007455e-01
9.999640691822e-01
9.999495169335e-01
9.999494118684e-01
9.999405398113e-01
9.998928004713e-01
9.999259731845e-01
9.999025209608e-01
9.998880182574e-01
9.996867421085e-01
-9.999385708900e-01
-9.999666419275e-01
-9.999719209318e-01
-9.999582725295e-01
-9.999590026894e-01
-9.999568036394e-01
-9.999321395567e-01
-9.999092275378e-01
-9.999127323173e-01
-9.999463770982e-01
-9.999525673384e-01
-9.999648049496e-01
-9.999693037245e-01
-9.999581505647e-01
-9.999490735536e-01
-9.999572859370e-01
-9.999739699152e-01
-9.999772889210e-01
-9.999756148248e-01
-9.999750264376e-01
-9.999714612084e-01
-9.999354584153e-01
-9.998629490953e-01
-9.998970643022e-01
-9.999442291534e-01
-9.999638112454e-01
-9.999614516896e-01
-9.999465869387e-01
-9.999626995606e-01
-9.999755789949e-01
-9.999783468527e-01
-9.999717856637e-01
-9.999700209736e-01
-9.999685642898e-01
-9.999374193874e-01
-9.999231341030e-01
-9.999263020669e-01
-9.998690994476e-01
-9.998991457171e-01
-9.998889844500e-01
9.994855343083e-01
9.998786607434e-01
9.995233200784e-01
-9.995078381648e-01
9.999299615951e-01
9.999461576268e-01
9.999369676809e-01
9.999433457367e-01
9.999534311919e-01
9.999275011117e-01
9.999236191665e-01
9.999142564613e-01
9.999559629221e-01
9.999689422028e-01
9.999579292318e-01
9.999544836610e-01
9.999641114381e-01
9.999705702572e-01
9.999754154393e-01
9.999740378471e-01
9.999650906383e-01
9.999640090627e-01
9.999678914383e-01
9.999617942740e-01
9.999539046557e-01
9.999601204211e-01
9.999673960239e-01
9.999430380105e-01
9.999044120042e-01
9.999439392549e-01
9.999647549818e-01
9.999679993400e-01
9.999582160353e-01
9.999539027395e-01
9.999220887706e-01
9.999246728106e-01
9.999396828554e-01
9.999526821772e-01
9.999522090332e-01
9.999450327386e-01
9.998919665057e-01
9.998759461119e-01
9.999412145485e-01
9.999400163925e-01
9.999000296868e-01
-9.997115852617e-01
-9.998960864632e-01
9.967657983383e-01
-9.995708412538e-01
-9.996835787109e-01
-9.996489385708e-01
9.991782270597e-01
-9.993474958975e-01
-9.997706825344e-01
9.994200847149e-01
-9.998462099581e-01
-9.998291881659e-01
-9.996699908885e-01
-9.999050972322e-01
-9.998571444662e-01
-9.993227979333e-01
-9.999312828082e-01
-9.999384429161e-01
-9.999612022118e-01
-9.999726567926e-01
-9.999770658292e-01
-9.999791134386e-01
-9.999776893709e-01
-9.999751066126e-01
-9.999740005432e-01
-9.999770744655e-01
-9.999794882977e-01
-9.999776408447e-01
-9.999756952152e-01
-9.999784533033e-01
-9.999774940603e-01
-9.999776010233e-01
-9.999743771906e-01
-9.999792883879e-01
-9.999781637277e-01
-9.999817364232e-01
-9.999814442491e-01
-9.999760625632e-01
-9.999591087858e-01
-9.999558701484e-01
-9.999616541349e-01
-9.999692656710e-01
-9.999672913659e-01
-9.999488710473e-01
-9.998967227297e-01
-9.999439726816e-01
-9.999503970048e-01
-9.999508960642e-01
-9.999561279966e-01
-9.999514148982e-01
-9.999335558636e-01
-9.999298426462e-01
-9.999079161180e-01
-9.999510105960e-01
-9.999715026488e-01
-9.999701749420e-01
-9.999684467156e-01
-9.999645197789e-01
-9.999688794825e-01
-9.999712879709e-01
-9.999684699355e-01
-9.999787488729e-01
-9.999814539722e-01
-9.999836612766e-01
-9.999851810017e-01
-9.999845248394e-01
-9.999778437372e-01
-9.999731880148e-01
-9.999618210167e-01
-9.999641864867e-01
-9.999681071531e-01
-9.999713685758e-01
-9.999681364523e-01
-9.999639048656e-01
-9.999356664366e-01
-9.999226251587e-01
-9.999196217178e-01
-9.998906699445e-01
-9.999548785041e-01
-9.999590424610e-01
-9.999259462643e-01
-9.998255956749e-01
-9.998322506640e-01
9.994597229109e-01
9.999314148311e-01
9.998983557415e-01
9.999100790496e-01
9.999090633622e-01
9.998003862798e-01
9.999268065157e-01
9.999439296994e-01
9.999088056216e-01
9.999036697058e-01
9.999316829014e-01
9.999022322514e-01
9.966943136824e-01
-9.998455493905e-01
9.998006703702e-01
9.998625565197e-01
9.998842317134e-01
-9.982645307846e-01
-9.998128721045e-01
-9.999283021049e-01
-9.999398901712e-01
-9.998898009650e-01
-9.999116864027e-01
-9.998900922534e-01
-9.989691775440e-01
-9.997251058242e-01
9.987239541921e-01
-9.995879492721e-01
-9.997805201722e-01
-9.997268484805e-01
-9.877911506978e-01
9.997979523947e-01
9.999186029469e-01
9.999260413265e-01
9.998844735712e-01
9.998635179076e-01
-9.997834754676e-01
-9.999198596589e-01
-9.999462928116e-01
-9.999517902102e-01
-9.999519720094e-01
-9.998924877511e-01
-9.997603404196e-01
-9.996914370996e-01
-9.998915818569e-01
-9.998084638360e-01
-9.999038631894e-01
-9.999505060705e-01
-9.999372188861e-01
-9.998875008176e-01
-9.999178316334e-01
-9.999408322079e-01
-9.999583499885e-01
-9.999655821378e-01
-9.999707902308e-01
-9.999775393664e-01
-9.999748565216e-01
-9.999715992340e-01
-9.999614768082e-01
-9.999598986500e-01
-9.999670903925e-01
-9.999727585905e-01
-9.999750324053e-01
-9.999729117430e-01
-9.999725908863e-01
-9.999796674941e-01
-9.999827635130e-01
-9.999843233714e-01
-9.999850754924e-01
-9.999832104082e-01
-9.999822193192e-01
-9.999829684051e-01
-9.999823166308e-01
-9.999825997405e-01
-9.999833921020e-01
-9.999825450395e-01
-9.999806194262e-01
-9.999842565320e-01
-9.999832625350e-01
-9.999776423936e-01
-9.999801628784e-01
-9.999795365610e-01
-9.999836354932e-01
-9.999849267659e-01
-9.999794243717e-01
-9.999748507975e-01
-9.999670677719e-01
-9.999511634970e-01
-9.999357187473e-01
-9.999445552271e-01
-9.999493221028e-01
-9.999692163609e-01
-9.999792696588e-01
-9.999795736247e-01
-9.999773757599e-01
-9.999727890677e-01
-9.999722429910e-01
-9.999656422036e-01
-9.999589430259e-01
-9.999225096099e-01
-9.998346556365e-01
-9.995578363745e-01
9.997417438232e-01
-9.998258190108e-01
-9.999038108260e-01
-9.998194812708e-01
-9.998081082441e-01
-9.998520806133e-01
-9.998477121815e-01
-9.997175224878e-01
9.996245736091e-01
9.995521392648e-01
9.998971781548e-01
9.999135307234e-01
9.998922295146e-01
9.998928760790e-01
9.998952181986e-01
9.998981311986e-01
9.998187771021e-01
-9.994613744962e-01
-9.999176822740e-01
-9.999296311549e-01
-9.998816716919e-01
-9.999355216100e-01
-9.999195078474e-01
-9.999178687287e-01
-9.999358536342e-01
-9.999336852646e-01
-9.999606918585e-01
-9.999697245468e-01
-9.999735045744e-01
-9.999703039474e-01
-9.999661349451e-01
-9.999529278329e-01
-9.999166833982e-01
-9.998387043989e-01
-9.998930776009e-01
-9.999453095785e-01
-9.999285499177e-01
-9.998623604649e-01
-9.999353924351e-01
-9.999605539044e-01
-9.999673374384e-01
-9.999725737819e-01
-9.999703138430e-01
-9.999529758578e-01
-9.999615025083e-01
-9.999576691042e-01
-9.999632833896e-01
-9.999648268524e-01
-9.999589067486e-01
-9.999687283491e-01
-9.999715572211e-01
-9.999727028339e-01
-9.999623609569e-01
-9.999627245769e-01
-9.999665159934e-01
-9.999744070471e-01
-9.999828411043e-01
-9.999838491446e-01
-9.999825225058e-01
-9.999798520429e-01
-9.999745396831e-01
-9.999675817154e-01
-9.999688392071e-01
-9.999649629304e-01
-9.999461564584e-01
-9.998715144169e-01
-9.998747827106e-01
-9.999262635657e-01
-9.997962024907e-01
-9.998348335788e-01
-9.999124341129e-01
-9.999340450860e-01
-9.999164140657e-01
-9.999288107654e-01
-9.999580406651e-01
-9.999693317387e-01
-9.999709381070e-01
-9.999757065145e-01
-9.999803756683e-01
-9.999729826719e-01
-9.999706012804e-01
-9.999610688486e-01
-9.999455059633e-01
-9.999597243161e-01
-9.999669338358e-01
-9.999693387617e-01
-9.999702921645e-01
-9.999706475416e-01
-9.999792265133e-01
-9.999754996634e-01
-9.999710338961e-01
-9.999737888325e-01
-9.999655947933e-01
-9.999658930691e-01
-9.999680309674e-01
-9.999732382857e-01
-9.999744094456e-01
-9.999740113760e-01
-9.999680482274e-01
-9.999580038981e-01
-9.999619299015e-01
-9.999635106270e-01
-9.999520150505e-01
-9.999172524598e-01
-9.999317057215e-01
-9.999055171029e-01
-9.999388080473e-01
-9.999304570326e-01
-9.995981065390e-01
-9.998995809441e-01
-9.999395025088e-01
-9.999180385547e-01
-9.999027897359e-01
-9.999152798304e-01
-9.999065347744e-01
-9.999461957188e-01
-9.999612670011e-01
-9.999623929504e-01
-9.999635095843e-01
-9.999679445664e-01
-9.999591146792e-01
-9.998877119482e-01
-9.997753427939e-01
-9.998579676159e-01
-9.996490625391e-01
-9.997174280395e-01
-9.996243304174e-01
-9.999379634479e-01
-9.999589482640e-01
-9.999563460384e-01
-9.999518680842e-01
-9.999230852295e-01
-9.999229560236e-01
-9.999589113221e-01
-9.999594349317e-01
-9.999672037796e-01
-9.999475561810e-01
-9.998899710930e-01
-9.998755324940e-01
-9.997656948746e-01
-9.997889159258e-01
-9.998629967783e-01
-9.998396364861e-01
-9.998990063526e-01
-9.999455186067e-01
-9.999630222519e-01
-9.999708290192e-01
-9.999751635640e-01
-9.999758504998e-01
-9.999771132494e-01
-9.999744341053e-01
-9.999722896957e-01
-9.999592619462e-01
-9.999555593509e-01
-9.999527990069e-01
-9.999368561841e-01
-9.999395598679e-01
-9.998856712868e-01
-9.998705752056e-01
-9.995451179227e-01
-9.995752462559e-01
-9.998815511698e-01
-9.999179633303e-01
-9.999215555111e-01
-9.998813393710e-01
9.996380466240e-01
9.998694804550e-01
9.997874192633e-01
9.984245309142e-01
-9.996708244022e-01
-9.998322322040e-01
-9.995465182743e-01
9.989068508028e-01
9.997188869648e-01
9.997807932453e-01
-9.995125015597e-01
-9.998741183035e-01
-9.999133847067e-01
-9.999531469842e-01
-9.999520301246e-01
-9.999173129299e-01
-9.998879884783e-01
-9.999369961493e-01
-9.999623035111e-01
-9.999717008820e-01
-9.999726200649e-01
-9.999573983865e-01
-9.999090408212e-01
-9.998559160842e-01
-9.998905058547e-01
-9.998077456176e-01
-9.997135021174e-01
-9.998051560826e-01
-9.998515219364e-01
-9.999084609596e-01
-9.998844790187e-01
-9.998241816282e-01
-9.997729695969e-01
-9.997481891765e-01
-9.997218453740e-01
-9.994547823528e-01
-9.993344105243e-01
-9.997655161707e-01
-9.996530933661e-01
9.017263146550e-01
9.994299170529e-01
-9.996400009541e-01
-9.998694210149e-01
-9.998273635101e-01
-9.998554606912e-01
-9.998556323411e-01
-9.999174766800e-01
-9.999511224725e-01
-9.999626546137e-01
-9.999619657480e-01
-9.999678807850e-01
-9.999582892178e-01
-9.999623179649e-01
-9.999628112363e-01
-9.999608205799e-01
-9.999525987763e-01
-9.998942452399e-01
-9.998175214551e-01
-9.998279565909e-01
-9.998520815657e-01
-9.998707669776e-01
-9.998038712745e-01
-9.999341944599e-01
-9.999385693368e-01
-9.999012357047e-01
-9.999175628082e-01
-9.999436369351e-01
-9.999494112298e-01
-9.998792107751e-01
-9.999068727846e-01
-9.998819872467e-01
-9.999394909739e-01
-9.999476990186e-01
-9.998453289162e-01
-9.998531566480e-01
-9.999294701854e-01
-9.999343933841e-01
-9.999485308361e-01
-9.999375018350e-01
-9.999605308953e-01
-9.999694367438e-01
-9.999769892825e-01
-9.999781416516e-01
-9.999742114982e-01
-9.999737233179e-01
-9.999662847933e-01
-9.999629951312e-01
-9.999557276070e-01
-9.999317269642e-01
-9.998800807108e-01
-9.998906039786e-01
-9.998458982635e-01
-9.998344947051e-01
-9.998861225256e-01
-9.999447063248e-01
-9.999524801755e-01
-9.999512452800e-01
-9.999672787587e-01
-9.999692104130e-01
-9.999701187344e-01
-9.999719867138e-01
-9.999748496995e-01
-9.999768084298e-01
-9.999738344440e-01
-9.999713702865e-01
-9.999757157035e-01
-9.999744058365e-01
-9.999774519279e-01
-9.999702434022e-01
-9.999378674639e-01
-9.999239935897e-01
-9.996627806816e-01
-9.996292647592e-01
9.993925202572e-01
9.998013578455e-01
9.998243865975e-01
9.997997661835e-01
9.998618997898e-01
9.998329174568e-01
9.999210873589e-01
9.999229914709e-01
9.999052809745e-01
9.999286823818e-01
9.999409366548e-01
9.999497344135e-01
9.999548200965e-01
9.999599652136e-01
9.999606321234e-01
9.999607060597e-01
9.999579080209e-01
9.999600545776e-01
9.999658225401e-01
9.999630537241e-01
9.999501223782e-01
9.999463819804e-01
9.999399838028e-01
9.999333616344e-01
9.999311895380e-01
9.999339410920e-01
9.999281772429e-01
9.999002798126e-01
9.997120373068e-01
-9.997348277525e-01
-9.998098474306e-01
-9.999250707947e-01
-9.999123122701e-01
-9.998047494890e-01
-9.994640568166e-01
9.968955851211e-01
9.996807665412e-01
9.998358706454e-01
9.997533239129e-01
9.998068095374e-01
9.995286287736e-01
9.997893639586e-01
9.997607196085e-01
-9.995248741466e-01
-9.994152655335e-01
-9.996017743498e-01
-9.996096432676e-01
-9.998733195013e-01
-9.997546520674e-01
-9.997435890678e-01
-9.987478398302e-01
9.997904653123e-01
9.999033661785e-01
9.999280121418e-01
9.999439458967e-01
9.999480205131e-01
9.999304851140e-01
9.999145633879e-01
9.999417756526e-01
9.999471138686e-01
9.999572639942e-01
9.999563086678e-01
9.999606456752e-01
9.999587541122e-01
9.999474737929e-01
9.999428931524e-01
9.999560779324e-01
9.999505999356e-01
9.999267651951e-01
9.998952640965e-01
9.998644091324e-01
9.998469639945e-01
9.998490847555e-01
9.999069452837e-01
9.999229332926e-01
9.999248985643e-01
9.999424487856e-01
9.999512602417e-01
9.999513921625e-01
9.999406251956e-01
9.999135871458e-01
9.997933765176e-01
9.998141562771e-01
9.998305418126e-01
9.996732747844e-01
9.995868060478e-01
9.997709189210e-01
9.996797678383e-01
9.996643085516e-01
9.997964328157e-01
-9.995637375850e-01
-9.998190931278e-01
9.992214867440e-01
9.996619458627e-01
9.998537960160e-01
9.999234454815e-01
9.998361950851e-01
9.998941793989e-01
9.999334820987e-01
9.999067619531e-01
9.998911365155e-01
9.999042329468e-01
9.999424451222e-01
9.999524304535e-01
9.999498044679e-01
9.999560425602e-01
9.999637093500e-01
9.999647509884e-01
9.999669281602e-01
9.999658861698e-01
9.999667224815e-01
9.999677752701e-01
9.999652310434e-01
9.999596893494e-01
9.999399249962e-01
9.999384811132e-01
9.999471691877e-01
9.999486122304e-01
9.999501820453e-01
9.999413641020e-01
9.998743810450e-01
9.998637415601e-01
9.999438286693e-01
9.999426703485e-01
9.999485971496e-01
9.999515653986e-01
9.999553619981e-01
9.999559549640e-01
9.999474717305e-01
9.998874515077e-01
9.999230327265e-01
9.998449581452e-01
9.997947280288e-01
9.996810819976e-01
9.998122783828e-01
9.998487311539e-01
-9.994683753293e-01
-9.996337414357e-01
-9.998506262483e-01
-9.992911333494e-01
9.998106220972e-01
9.999021131485e-01
9.999010811538e-01
9.999272662201e-01
9.999476457376e-01
9.999513274820e-01
9.999376990091e-01
9.999257262570e-01
9.993225710068e-01
-9.998927259230e-01
-9.999301660179e-01
-9.998829246014e-01
-9.998864840822e-01
-9.998598881971e-01
-9.998516438730e-01
-9.997881217241e-01
9.996616031258e-01
9.998410370722e-01
-9.993373951881e-01
-9.998169809143e-01
9.995755017275e-01
9.998906998792e-01
9.999273065346e-01
9.999442060658e-01
9.999486870735e-01
9.999362170950e-01
9.999462262385e-01
9.999517945369e-01
9.999561651904e-01
9.999546316943e-01
9.999548260297e-01
9.999542076945e-01
9.999541790783e-01
9.999510846320e-01
9.999480765875e-01
9.999513606143e-01
9.999453396906e-01
9.999284855539e-01
9.999455546792e-01
9.999428515537e-01
9.999597732520e-01
9.999571799737e-01
9.999572583118e-01
9.999222997864e-01
9.994472206438e-01
9.998947200418e-01
9.999252031280e-01
9.999564946846e-01
9.999666833830e-01
9.999691532423e-01
9.999651061079e-01
9.999658157780e-01
9.999580131288e-01
9.999605580346e-01
9.999675865338e-01
9.999682926655e-01
9.999658982514e-01
9.999609350279e-01
9.999549912219e-01
9.999428055316e-01
9.999402255589e-01
9.999478138360e-01
9.999296978978e-01
9.999270062839e-01
9.999452525371e-01
9.999601812520e-01
9.999588665032e-01
9.999474010007e-01
9.999430958242e-01
9.999531909715e-01
9.999624657214e-01
9.999530803134e-01
9.999413729517e-01
9.999346503680e-01
9.999537982632e-01
9.999575465471e-01
9.999614037547e-01
9.999544431540e-01
9.999593285900e-01
9.999574273956e-01
9.999618443923e-01
9.999593582812e-01
9.999610676835e-01
9.999620602289e-01
9.999544236014e-01
9.999484566988e-01
9.999558677735e-01
9.999606544474e-01
9.999657662467e-01
9.999607298870e-01
9.999558469074e-01
9.999456498577e-01
9.999591595423e-01
9.999626289942e-01
9.999659654195e-01
9.999663912614e-01
9.999647309614e-01
9.999597177827e-01
9.999479582510e-01
9.999524064329e-01
9.999405466662e-01
9.999389244193e-01
9.999481620360e-01
9.999533578266e-01
9.999558545793e-01
9.999387361792e-01
9.999302361611e-01
9.998985305230e-01
9.997940321096e-01
9.999057296644e-01
9.998971212617e-01
9.999131864238e-01
9.999407400738e-01
9.999138515202e-01
9.998675024055e-01
9.998827610664e-01
9.998364431414e-01
9.998108897550e-01
9.997294896022e-01
9.998933770576e-01
9.998149446682e-01
-9.987513825899e-01
-9.999007350453e-01
9.993131393369e-01
9.999081299011e-01
9.999310249839e-01
9.999442516838e-01
9.999529012920e-01
9.999421004136e-01
9.999277680888e-01
9.998928688487e-01
9.998879209685e-01
9.999053078329e-01
9.999324884576e-01
9.999045179098e-01
9.996777067625e-01
9.997869970739e-01
9.999200737971e-01
9.998837346439e-01
-9.991745097303e-01
-9.998857227536e-01
-9.998622966539e-01
-9.998196819869e-01
9.995753623641e-01
9.972718970514e-01
8.589127864836e-01
9.994764026018e-01
9.996533318505e-01
9.995413610969e-01
9.996487213831e-01
9.998322020354e-01
9.996682987826e-01
-9.993008807121e-01
-9.999139230875e-01
-9.998688960831e-01
9.997722222680e-01
9.998628507905e-01
9.999235003164e-01
9.999366157857e-01
9.999376581837e-01
9.999494894296e-01
9.999187629266e-01
9.999128773870e-01
9.999334961323e-01
9.999529431456e-01
9.999535799178e-01
9.999504958138e-01
9.999388946650e-01
9.999321760846e-01
9.998249225835e-01
9.996902821323e-01
9.997109120988e-01
9.996237914693e-01
9.999060896285e-01
9.999342012780e-01
9.999065216451e-01
9.998909712178e-01
9.998453383475e-01
9.999206122256e-01
9.999495760980e-01
9.999337300612e-01
9.999175641508e-01
9.998844009588e-01
9.999291779558e-01
9.999236425428e-01
9.999524844255e-01
9.999558111738e-01
9.999572696223e-01
9.999548031870e-01
9.999568380504e-01
9.999559713368e-01
9.999467815475e-01
9.999033619562e-01
9.998392127160e-01
-9.991400297469e-01
-9.996872597751e-01
9.997188643730e-01
9.998214251856e-01
9.994012540035e-01
9.998247903315e-01
9.999112721191e-01
9.999431435253e-01
9.999527492353e-01
9.999516566605e-01
9.999273351995e-01
9.998551086172e-01
9.998843625436e-01
9.997200332174e-01
9.997156767730e-01
9.999081961911e-01
9.998889434217e-01
9.998651020351e-01
9.998892869891e-01
9.999336884412e-01
9.999458050644e-01
9.999375575513e-01
9.999082201892e-01
9.997968960990e-01
-9.997995762214e-01
-9.999013247427e-01
-9.999405204589e-01
-9.999482261878e-01
-9.999118396220e-01
9.987877464413e-01
9.997778863893e-01
9.998882562907e-01
9.997835607331e-01
-9.994566170542e-01
-9.999388578912e-01
-9.999440135011e-01
-9.999507467381e-01
-9.999312711143e-01
-9.999527455862e-01
-9.999655450172e-01
-9.999702847982e-01
-9.999550617268e-01
-9.998672766267e-01
9.996793275032e-01
-9.995923556511e-01
-9.997874304074e-01
-9.999150369065e-01
-9.998967682571e-01
9.995643216611e-01
9.998817241107e-01
9.998842385976e-01
9.998351278177e-01
9.998388898311e-01
9.998493651828e-01
9.998149964854e-01
9.997266687058e-01
9.996534340984e-01
-9.981448669601e-01
-9.999160172441e-01
-9.998119636718e-01
-9.991511483686e-01
-9.997856216691e-01
-9.999071038317e-01
-9.998964434190e-01
9.981783033401e-01
-9.990278330407e-01
-9.998772586048e-01
-9.996631847779e-01
9.989753549367e-01
9.999167199267e-01
9.999489036375e-01
9.999493358240e-01
9.999536616921e-01
9.999562411845e-01
9.999573420368e-01
9.999553164922e-01
9.999549856990e-01
9.999562174128e-01
9.999537538383e-01
9.999419238108e-01
9.999161399867e-01
9.999238698084e-01
9.999043507643e-01
9.965282983094e-01
-9.998800294822e-01
9.994237857658e-01
9.994278573436e-01
-9.996533346730e-01
-9.998766887050e-01
-9.998621051887e-01
9.997681995177e-01
9.997355053412e-01
-9.998793331312e-01
-9.999372855525e-01
-9.998983007954e-01
-9.998716693062e-01
-9.998531622180e-01
-9.999144146697e-01
-9.999761714769e-01
-9.999807166212e-01
-9.999773447011e-01
-9.999593458462e-01
-9.999746569811e-01
-9.999561369266e-01
-9.999450043569e-01
-9.999498616940e-01
-9.999168572817e-01
-9.998788232559e-01
-9.998697132357e-01
-9.998577238978e-01
-9.998625601284e-01
-9.999085301133e-01
9.981104880338e-01
9.997393428108e-01
9.996103438495e-01
-9.988471596886e-01
-9.999030417689e-01
-9.999136232969e-01
-9.999335899881e-01
-9.997522586793e-01
9.996488100403e-01
9.997495063326e-01
9.998667039568e-01
9.998808923278e-01
9.999500631046e-01
9.999524456324e-01
9.999492107462e-01
9.999028699926e-01
9.998988968380e-01
9.998947964379e-01
9.999181191651e-01
9.997658616617e-01
9.998116770929e-01
9.998644012173e-01
9.998594942422e-01
9.998376185631e-01
9.998307539059e-01
9.999357275829e-01
9.999382969098e-01
9.999499146440e-01
9.999400157445e-01
9.998894096660e-01
9.998813064788e-01
9.987929970781e-01
9.995923588097e-01
-9.997372372608e-01
9.991850743671e-01
-9.997108368713e-01
-9.998879179447e-01
-9.999460058304e-01
-9.999643518619e-01
-9.999639493697e-01
-9.999445885899e-01
-9.999718605195e-01
-9.999758617772e-01
-9.999754559766e-01
-9.999670125202e-01
-9.999224303877e-01
-9.996631078328e-01
9.998098220574e-01
9.998800334922e-01
9.996526371308e-01
9.990705212215e-01
-9.987168516540e-01
-9.205071812788e-01
9.974869215038e-01
-9.998897568700e-01
-9.999243032994e-01
-9.998687915310e-01
-9.999362737387e-01
-9.999241651045e-01
-9.999152920531e-01
-9.998383554364e-01
9.996340376197e-01
9.998245208835e-01
9.999121125866e-01
9.999402756719e-01
9.999124556235e-01
9.999235570279e-01
9.999007426959e-01
9.977499806095e-01
-9.997195693003e-01
-9.993227440081e-01
-9.999404714089e-01
9.992718823402e-01
9.999172737610e-01
9.999469989460e-01
9.999561839375e-01
9.999493661632e-01
9.999059632901e-01
9.998662680326e-01
9.999135701233e-01
9.999338953946e-01
9.999117746284e-01
9.998833877784e-01
9.996920059543e-01
-9.997597650780e-01
-9.997491273156e-01
-9.998141631769e-01
-9.999245748972e-01
-9.999368744178e-01
-9.999453091382e-01
-9.995744959161e-01
-9.998536008707e-01
-9.999467888847e-01
-9.999538132034e-01
-9.999551167069e-01
-9.999736803614e-01
-9.999708406163e-01
-9.999501681692e-01
-9.999025313324e-01
9.995162576783e-01
-9.998562085814e-01
-9.996607637237e-01
-9.999620889186e-01
-9.999770139762e-01
-9.999518273045e-01
-9.996483150073e-01
9.982756071784e-01
9.998874372143e-01
9.998880090639e-01
9.999342061650e-01
9.997972667309e-01
-9.986453139843e-01
9.997912322073e-01
9.988554732088e-01
9.998493943294e-01
9.999357622945e-01
9.999383618931e-01
9.999259840477e-01
9.999379215311e-01
9.998235420889e-01
-9.990672764823e-01
-9.995540089625e-01
-9.994113993560e-01
-9.997320041995e-01
-9.994951011935e-01
9.997554279866e-01
9.998260320297e-01
9.974369963405e-01
9.971310422703e-01
-9.995547592568e-01
-9.998745142087e-01
-9.999222714661e-01
-9.997125216941e-01
-9.998609783451e-01
-9.999086319938e-01
-9.998339211461e-01
-9.999097207788e-01
-9.999355854324e-01
-9.999071088865e-01
-9.997627622963e-01
9.997878976634e-01
9.998572379477e-01
9.999050752984e-01
9.997904108696e-01
-9.995611724525e-01
-9.999103048394e-01
-9.999465433641e-01
-9.998764419770e-01
-9.990851398817e-01
9.997388168178e-01
9.992950584471e-01
-9.998974555144e-01
-9.999567965646e-01
-9.996474021531e-01
9.998519547469e-01
9.999181381343e-01
9.999460462834e-01
9.999462888696e-01
9.998956545209e-01
9.996681379684e-01
9.997208468249e-01
9.998843992170e-01
9.998963589557e-01
-9.998671047960e-01
9.997200629773e-01
9.999004735199e-01
9.999400221980e-01
9.999568799821e-01
9.999495279440e-01
9.999375836433e-01
9.999283238347e-01
9.998989835137e-01
9.998321504620e-01
9.998668592835e-01
9.997963325783e-01
9.998559372225e-01
9.998312347531e-01
9.998524844876e-01
9.998175568646e-01
9.993799285347e-01
9.940792991456e-01
-9.995909350883e-01
-9.987408249380e-01
9.738233462186e-01
9.991246781758e-01
9.998713535958e-01
9.999336391155e-01
9.999387512638e-01
9.998596442113e-01
9.998145571891e-01
9.999072514581e-01
9.999309562082e-01
9.817228354967e-01
-9.990157889140e-01
9.998002847683e-01
9.998529196138e-01
9.994329665095e-01
9.998684890819e-01
9.999556885625e-01
9.999597795940e-01
9.999435054990e-01
9.999408370036e-01
9.999289579039e-01
9.998871883739e-01
9.998762215890e-01
9.999275699510e-01
9.999554023223e-01
9.999461085531e-01
9.999170025728e-01
9.999403199536e-01
9.999168548605e-01
9.996926216469e-01
-9.999314047240e-01
-9.999556369445e-01
-9.999135409280e-01
-9.997800114474e-01
9.998382827205e-01
9.998855588410e-01
9.998512651964e-01
-9.997220125695e-01
-9.999092822369e-01
-9.999527156172e-01
-9.999304508627e-01
-9.998041886632e-01
-9.997771269308e-01
-9.998227042354e-01
-9.997000864687e-01
-9.999083453672e-01
-9.997239045082e-01
-9.997025971562e-01
-9.999109938238e-01
-9.999197722196e-01
-9.999390182749e-01
-9.995913231323e-01
-9.997843949243e-01
-9.999381660487e-01
-9.999283203189e-01
-9.997576123925e-01
9.999350248609e-01
9.999408229400e-01
9.999485918360e-01
9.999608961064e-01
9.999700616150e-01
9.999741972649e-01
9.999754769482e-01
9.999756017513e-01
9.999756281229e-01
9.999755080732e-01
9.999762772779e-01
9.999757609883e-01
9.999758641004e-01
9.999755971820e-01
9.999764588707e-01
9.999769935622e-01
9.999775335322e-01
9.999763766021e-01
9.999759294085e-01
9.999759193391e-01
9.999751964334e-01
9.999747061342e-01
9.999750785508e-01
9.999758874604e-01
9.999770130201e-01
9.999769565132e-01
9.999766887239e-01
9.999767014611e-01
9.999763127676e-01
9.999765359516e-01
9.999765065662e-01
9.999761038929e-01
9.999761989969e-01
9.999759265243e-01
9.999754082562e-01
9.999744414045e-01
9.999728211950e-01
9.999727608686e-01
9.999720273464e-01
9.999709806491e-01
9.999720889891e-01
9.999712341272e-01
9.999712361535e-01
9.999645785990e-01
9.999620615364e-01
9.999657598980e-01
9.999587693556e-01
9.999534900310e-01
9.999530890112e-01
9.999488121640e-01
9.999529430172e-01
9.998993693655e-01
9.999434577361e-01
9.999136316724e-01
9.998987194850e-01
9.999455818010e-01
9.999637015070e-01
9.999641776424e-01
9.999618358686e-01
9.999708381858e-01
9.999722580509e-01
9.999733286150e-01
9.999746108518e-01
9.999755261916e-01
9.999753577112e-01
9.999762154404e-01
9.999761371732e-01
9.999754364267e-01
9.999743476961e-01
9.999741992334e-01
9.999698532249e-01
9.999724707304e-01
9.999726430719e-01
9.999734141173e-01
9.999680373504e-01
9.999594866480e-01
9.999572760239e-01
9.999550249643e-01
9.999480553510e-01
9.999505628650e-01
9.999454901309e-01
9.999321813462e-01
9.999399417295e-01
9.999531585681e-01
9.999528236587e-01
9.999458566073e-01
9.999547789342e-01
9.999447886343e-01
9.998311269584e-01
9.998336888502e-01
9.998952758253e-01
-9.993129419072e-01
-9.999158191118e-01
-9.999646963702e-01
-9.999536492803e-01
-9.999025928996e-01
-9.998824362761e-01
-9.998503756175e-01
-9.999012418159e-01
-9.998984307536e-01
-9.999191684943e-01
9.993773508713e-01
9.997771581033e-01
9.998341877046e-01
9.998764460229e-01
9.999072184473e-01
9.998416298083e-01
9.997994563092e-01
9.998077698444e-01
9.998279713930e-01
-9.997651408128e-01
-9.998503860893e-01
-9.999394842747e-01
-9.999655400967e-01
-9.999702040601e-01
-9.999739823962e-01
-9.999728642072e-01
-9.999653404590e-01
-9.999769571275e-01
-9.999864639798e-01
-9.999808497372e-01
-9.999710214533e-01
-9.999525441824e-01
-9.999686941079e-01
-9.999670867343e-01
-9.998465281851e-01
-9.998294099286e-01
-9.999477020051e-01
-9.999181408239e-01
9.995999670205e-01
9.999121913436e-01
9.999415615842e-01
9.999572373396e-01
9.999694919850e-01
9.999706526939e-01
9.999715085006e-01
9.999726855133e-01
9.999723248042e-01
9.999725830355e-01
9.999685043733e-01
9.999558933287e-01
9.999555899979e-01
9.999673752209e-01
9.999683722893e-01
9.999691705621e-01
9.999666958594e-01
9.999599142761e-01
9.999575031334e-01
9.999434403752e-01
9.999223346979e-01
9.999554302445e-01
9.999177477285e-01
9.999479258549e-01
9.999539460435e-01
9.999572076611e-01
9.999526695253e-01
9.999222509247e-01
9.999071330652e-01
9.999097989661e-01
9.999166007425e-01
9.999442410323e-01
9.999536407489e-01
9.998974985728e-01
9.999358183303e-01
9.999666682397e-01
9.999729137262e-01
9.999724272792e-01
9.999755952855e-01
9.999757360344e-01
9.999767723964e-01
9.999767046940e-01
9.999772794242e-01
9.999768188949e-01
9.999773223958e-01
9.999772273898e-01
9.999768362082e-01
9.999754670250e-01
9.999780725857e-01
9.999780534443e-01
9.999762423292e-01
9.999729838622e-01
9.999780615063e-01
9.999786676018e-01
9.999781338608e-01
9.999779109445e-01
9.999781922101e-01
9.999781646822e-01
9.999778275690e-01
9.999771568339e-01
9.999776881257e-01
9.999783291995e-01
9.999786482004e-01
9.999776532049e-01
9.999731686074e-01
9.999717472063e-01
9.999701568430e-01
9.999729930438e-01
9.999754487007e-01
9.999743621015e-01
9.999738201552e-01
9.999754625295e-01
9.999782719977e-01
9.999787690080e-01
9.999788006234e-01
9.999794587081e-01
9.999791728267e-01
9.999790666658e-01
9.999777330433e-01
9.999748640501e-01
9.999719362379e-01
9.999678085548e-01
9.999552905380e-01
9.999679552512e-01
9.999760159189e-01
9.999737295946e-01
9.999570547272e-01
9.998346075036e-01
9.998847941107e-01
9.999622645089e-01
9.999674438380e-01
9.999604475320e-01
9.999685930364e-01
9.999333889970e-01
9.999587030229e-01
9.999680950387e-01
9.999707387854e-01
9.999640902060e-01
9.999369073440e-01
9.998800183941e-01
-9.999563641800e-01
-9.999781430594e-01
-9.999831635236e-01
-9.999684205596e-01
-9.999718222361e-01
-9.999734311441e-01
-9.999806839589e-01
-9.999818742299e-01
-9.999818596809e-01
-9.999815581467e-01
-9.999791032710e-01
-9.999646851036e-01
-9.998783103720e-01
-9.998899232087e-01
-9.999403482123e-01
-9.999245370254e-01
-9.999738326465e-01
-9.999589533226e-01
-9.997888071482e-01
9.999650109637e-01
9.999764061678e-01
9.999792124393e-01
9.999791578541e-01
9.999793173247e-01
9.999790551812e-01
9.999789558115e-01
9.999768432348e-01
9.999794800337e-01
9.999787729560e-01
9.999785321063e-01
9.999783645181e-01
9.999789231322e-01
9.999798553642e-01
9.999800424366e-01
9.999802601029e-01
9.999792952775e-01
9.999799766248e-01
9.999803185060e-01
9.999809183697e-01
9.999814828209e-01
9.999818359209e-01
9.999817834290e-01
9.999816306407e-01
9.999812796086e-01
9.999814467546e-01
9.999812048111e-01
9.999814663059e-01
9.999806006376e-01
9.999781048843e-01
9.999692143421e-01
9.999768243774e-01
9.999770492614e-01
9.999741317825e-01
9.999116924399e-01
-9.999614640090e-01
-9.999810936919e-01
-9.999657641716e-01
-9.997048067822e-01
9.999189472737e-01
9.999325705142e-01
9.998585837231e-01
9.999056880162e-01
9.999643322317e-01
9.999705406220e-01
9.999522975190e-01
9.999652703443e-01
9.999767815809e-01
9.999788117520e-01
9.999800926795e-01
9.999801754483e-01
9.999799966064e-01
9.999794918534e-01
9.999803449616e-01
9.999806803908e-01
9.999808652846e-01
9.999813342770e-01
9.999803872589e-01
9.999798084688e-01
9.999805606626e-01
9.999797755503e-01
9.999789908431e-01
9.999689716948e-01
9.999676400067e-01
9.999788985809e-01
9.999790298452e-01
9.999791382359e-01
9.999794225996e-01
9.999797650528e-01
9.999792841316e-01
9.999786721253e-01
9.999778000857e-01
9.999751671240e-01
9.999763682936e-01
9.999782524835e-01
9.999775270264e-01
9.999771142668e-01
9.999749128079e-01
9.999758938332e-01
9.999741554361e-01
9.999667010165e-01
9.999681780494e-01
9.999756903340e-01
9.999783618391e-01
9.999785537457e-01
9.999783990617e-01
9.999786999242e-01
9.999784043823e-01
9.999788541297e-01
9.999782403923e-01
9.999784954297e-01
9.999777936295e-01
9.999774557462e-01
9.999778133331e-01
9.999775210251e-01
9.999775662197e-01
9.999773535208e-01
9.999765727462e-01
9.999742770593e-01
9.999647151659e-01
9.998113730140e-01
9.997587778434e-01
-9.999454612269e-01
-9.998125369760e-01
-9.999386523458e-01
-9.999812065136e-01
-9.999866324739e-01
-9.999840318907e-01
-9.999461395506e-01
9.999653764275e-01
9.999659199238e-01
9.999698679704e-01
9.999678252030e-01
9.999754702762e-01
9.999798226746e-01
9.999812485491e-01
9.999822531509e-01
9.999823310785e-01
9.999832171306e-01
9.999825227604e-01
9.999826929058e-01
9.999838234262e-01
9.999838338955e-01
9.999842852316e-01
9.999842174485e-01
9.999844121491e-01
9.999841059916e-01
9.999826623720e-01
9.999814591545e-01
9.999811091593e-01
9.999801596956e-01
9.999779774192e-01
9.999690132931e-01
9.998765030462e-01
-9.999486703494e-01
-9.999849775931e-01
-9.999856864415e-01
-9.999746945745e-01
-9.999440007619e-01
-9.998437980321e-01
-9.999617719703e-01
-9.999687574196e-01
-9.999824666616e-01
-9.999876795667e-01
-9.999812676415e-01
-9.999658547480e-01
-9.999781322017e-01
-9.999383619144e-01
-9.999529800451e-01
-9.999825516830e-01
-9.999904464077e-01
-9.999868638612e-01
-9.999799711128e-01
-9.999782244535e-01
-9.999866967454e-01
-9.999782926231e-01
-9.999602630866e-01
-9.998906336415e-01
9.999297251288e-01
9.998467200380e-01
-9.999373696672e-01
-9.994532450998e-01
9.997643608902e-01
9.999339806213e-01
9.998822149594e-01
-9.998171001230e-01
-9.996824926047e-01
-9.998926836600e-01
-9.999079527002e-01
9.998828278121e-01
9.999608344959e-01
9.999538483690e-01
9.999525065587e-01
9.999267536443e-01
-9.997708670573e-01
-9.999170087841e-01
-9.997836913181e-01
9.999616755607e-01
9.999641116168e-01
9.999583685201e-01
9.999248620805e-01
9.999461990235e-01
9.999718961559e-01
9.999765643403e-01
9.999773366606e-01
9.999791193012e-01
9.999789049214e-01
9.999769805145e-01
9.999768287997e-01
9.999749147453e-01
9.999751075705e-01
9.999786612940e-01
9.999811006945e-01
9.999815854357e-01
9.999822327076e-01
9.999831271611e-01
9.999836416086e-01
9.999841856338e-01
9.999838939642e-01
9.999840005285e-01
9.999834533173e-01
9.999841414583e-01
9.999841832648e-01
9.999843642341e-01
9.999846896497e-01
9.999843845072e-01
9.999843372161e-01
9.999841944299e-01
9.999844029335e-01
9.999831549923e-01
9.999825884000e-01
9.999826654126e-01
9.999822768886e-01
9.999820413647e-01
9.999825975212e-01
9.999823265850e-01
9.999813187337e-01
9.999817047991e-01
9.999817675816e-01
9.999818162079e-01
9.999809645703e-01
9.999809996468e-01
9.999812753503e-01
9.999813339376e-01
9.999818535736e-01
9.999823098508e-01
9.999827723673e-01
9.999836320899e-01
9.999839079116e-01
9.999839214226e-01
9.999839348075e-01
9.999843403718e-01
9.999847745701e-01
9.999847670465e-01
9.999846915001e-01
9.999853342742e-01
9.999854510599e-01
9.999851165335e-01
9.999854783611e-01
9.999854135782e-01
9.999853835352e-01
9.999855813070e-01
9.999856447621e-01
9.999853007364e-01
9.999861466837e-01
9.999857892452e-01
9.999862408271e-01
9.999857362632e-01
9.999861481083e-01
9.999865708224e-01
9.999868922458e-01
9.999864558076e-01
9.999863865435e-01
9.999866293896e-01
9.999862866108e-01
9.999859677761e-01
9.999851350338e-01
9.999848853914e-01
9.999847697985e-01
9.999825036931e-01
9.999804124736e-01
9.999797009044e-01
9.999789504407e-01
9.999526413880e-01
9.998785654132e-01
-9.999686515412e-01
-9.999698914349e-01
9.999422915773e-01
9.999750419248e-01
9.999776525953e-01
9.999823747542e-01
9.999821292199e-01
9.999835865822e-01
9.999835007335e-01
9.999834262825e-01
9.999837528615e-01
9.999835287504e-01
9.999826253494e-01
9.999797500385e-01
9.999751085538e-01
9.999627086117e-01
9.999683060409e-01
9.999806750094e-01
9.999838258124e-01
9.999847206222e-01
9.999847658308e-01
9.999850531455e-01
9.999850632206e-01
9.999845410157e-01
9.999842056323e-01
9.999826727710e-01
9.999719064071e-01
-9.998367348532e-01
-9.999092994160e-01
9.999558397240e-01
9.999787266074e-01
9.999781476480e-01
9.999817188949e-01
9.999809599312e-01
9.999795353406e-01
9.999757592180e-01
9.999676607729e-01
9.999478424975e-01
9.999781824070e-01
9.999807011168e-01
9.999812674671e-01
9.999814214821e-01
9.999822407608e-01
9.999808521030e-01
9.999802287555e-01
9.999777857557e-01
9.999732353176e-01
9.999692160263e-01
9.999733943983e-01
9.999746956836e-01
9.999747688242e-01
9.999736221193e-01
9.999725175064e-01
9.998580723642e-01
9.999333143256e-01
9.999709459058e-01
9.999610577243e-01
-9.999282298433e-01
-9.999758511671e-01
-9.999769381839e-01
-9.994906880096e-01
9.999692660799e-01
9.999743183386e-01
9.999761584506e-01
9.999763983269e-01
9.999772822412e-01
9.999783395378e-01
9.999806953049e-01
9.999806684884e-01
9.999799970213e-01
9.999809015444e-01
9.999823314457e-01
9.999828161632e-01
9.999832917442e-01
9.999819629705e-01
9.999822949955e-01
9.999834221235e-01
9.999831031377e-01
9.999832541159e-01
9.999847006108e-01
9.999846533911e-01
9.999847643060e-01
9.999852734130e-01
9.999839113361e-01
9.999848826701e-01
9.999854698525e-01
9.999861874116e-01
9.999859146489e-01
9.999847997138e-01
9.999836970686e-01
9.999791389168e-01
9.999076556815e-01
-9.998536721842e-01
9.997682379716e-01
9.999786960796e-01
9.999852133827e-01
9.999861057208e-01
9.999869634046e-01
9.999873871263e-01
9.999880203433e-01
9.999879961949e-01
9.999883141532e-01
9.999884431174e-01
9.999886169230e-01
9.999882881554e-01
9.999882612083e-01
9.999882752375e-01
9.999882821677e-01
9.999881893596e-01
9.999879043800e-01
9.999882883128e-01
9.999881815520e-01
9.999878090839e-01
9.999874482592e-01
9.999876204836e-01
9.999871771371e-01
9.999872440500e-01
9.999870016247e-01
9.999870448589e-01
9.999862935844e-01
9.999823385392e-01
9.999838018999e-01
9.999861304737e-01
9.999871632169e-01
9.999876935120e-01
9.999879108499e-01
9.999872529252e-01
9.999913498775e-01
9.999904646981e-01
9.999876324664e-01
9.999884997587e-01
9.999878092209e-01
9.999877571704e-01
9.999879132070e-01
9.999874335003e-01
9.999880608637e-01
9.999878971350e-01
9.999875245044e-01
9.999873417929e-01
9.999878197433e-01
9.999880374992e-01
9.999887199353e-01
9.999889928990e-01
9.999886787607e-01
9.999888083314e-01
9.999885136461e-01
9.999885075954e-01
9.999880579352e-01
9.999879054520e-01
9.999872012365e-01
9.999851193404e-01
9.999762498898e-01
-9.999054503120e-01
-9.998847215039e-01
9.998915771126e-01
9.999667407960e-01
9.999468025366e-01
-9.999750403111e-01
-9.999434780890e-01
-9.995865145084e-01
-9.999653020856e-01
-9.999687192684e-01
-9.999396332169e-01
9.995726255267e-01
9.999719291611e-01
9.999802009676e-01
9.999836142301e-01
9.999840936170e-01
9.999850613912e-01
9.999846893423e-01
9.999860873509e-01
9.999861071975e-01
9.999870727561e-01
9.999866141252e-01
9.999863539501e-01
9.999864410897e-01
9.999849453359e-01
9.999801667757e-01
9.999746467671e-01
9.999802871984e-01
9.999782237051e-01
9.999790117289e-01
9.999791595385e-01
9.999149414990e-01
-9.999817787240e-01
-9.999877209670e-01
9.996046809772e-01
9.999385810022e-01
-9.999718338483e-01
-9.999866522192e-01
-9.999833075044e-01
-9.999539918415e-01
9.999168015684e-01
-9.994944319755e-01
-9.999837442606e-01
-9.999859064246e-01
-9.999738605618e-01
-9.999805254031e-01
-9.999895067532e-01
-9.999934029400e-01
-9.999931170199e-01
-9.999856497550e-01
-9.999783570014e-01
-9.999816102418e-01
9.999431298887e-01
9.999559792936e-01
9.998140444840e-01
-9.999502473572e-01
-9.999854484744e-01
-9.999887583459e-01
-9.999907620986e-01
-9.999915989703e-01
-9.999901799572e-01
-9.999587905002e-01
-9.998834956294e-01
-9.999607055953e-01
-9.999895005207e-01
-9.999891067878e-01
-9.999928578933e-01
-9.999953857063e-01
-9.999865654142e-01
-9.998448073152e-01
9.999506865108e-01
9.999662034427e-01
9.997818039040e-01
9.999348188446e-01
9.999838446014e-01
9.999856053545e-01
9.999870895336e-01
9.999871936379e-01
9.999875591191e-01
9.999886549713e-01
9.999885001085e-01
9.999880721410e-01
9.999886900493e-01
9.999886282995e-01
9.999888562154e-01
9.999897463732e-01
9.999895656708e-01
9.999898989427e-01
9.999900370721e-01
9.999899509496e-01
9.999896794876e-01
9.999893801478e-01
9.999893260367e-01
9.999888518143e-01
9.999885215656e-01
9.999879764616e-01
9.999879137616e-01
9.999880262871e-01
9.999871330204e-01
9.999866966947e-01
9.999853616257e-01
9.999852488938e-01
9.999855337961e-01
9.999873856930e-01
9.999871052522e-01
9.999881330406e-01
9.999879535297e-01
9.999881306720e-01
9.999868080502e-01
9.999860486623e-01
9.999862093163e-01
9.999861232850e-01
9.999875481587e-01
9.999873835611e-01
9.999876520340e-01
9.999865188833e-01
9.999863676114e-01
9.999861519987e-01
9.999872478472e-01
9.999872270612e-01
9.999844596818e-01
9.999808701894e-01
9.999560186794e-01
-9.999051706322e-01
9.998363482856e-01
9.999551157823e-01
9.997473506795e-01
-9.999827521430e-01
-9.999811339789e-01
9.999859957501e-01
9.999910503853e-01
9.999914868758e-01
9.999916801531e-01
9.999913013492e-01
9.999916388752e-01
9.999916766210e-01
9.999914382958e-01
9.999916511392e-01
9.999914797838e-01
9.999911485160e-01
9.999914609773e-01
9.999912043925e-01
9.999912378038e-01
9.999908888340e-01
9.999909557406e-01
9.999909023059e-01
9.999907233658e-01
9.999906438888e-01
9.999906969098e-01
9.999910688327e-01
9.999909299881e-01
9.999915016025e-01
9.999913255811e-01
9.999912047171e-01
9.999911720770e-01
9.999906547391e-01
9.999905770119e-01
9.999905492933e-01
9.999906441763e-01
9.999910175116e-01
9.999910527611e-01
9.999914696800e-01
9.999915685121e-01
9.999919557392e-01
9.999918029228e-01
9.999921792404e-01
9.999923379212e-01
9.999922716318e-01
9.999920416300e-01
9.999919492512e-01
9.999918845100e-01
9.999922693682e-01
9.999921289411e-01
9.999919225021e-01
9.999920968408e-01
9.999920520989e-01
9.999922183359e-01
9.999919938757e-01
9.999925940404e-01
9.999923759489e-01
9.999918546013e-01
9.999916849598e-01
9.999913134843e-01
9.999910863601e-01
9.999902301670e-01
9.999904668777e-01
9.999905524588e-01
9.999902530085e-01
9.999907129976e-01
9.999900075151e-01
9.999901624701e-01
9.999897216111e-01
9.999901285043e-01
9.999895691981e-01
9.999900331240e-01
9.999900393862e-01
9.999893618036e-01
9.999892657503e-01
9.999877490365e-01
9.999894138514e-01
9.999885155312e-01
9.999869293989e-01
9.999875244036e-01
9.999873866344e-01
9.999880468888e-01
9.999877556938e-01
9.999875930398e-01
9.999888719506e-01
9.999904504729e-01
9.999911851060e-01
9.999907406717e-01
9.999910486428e-01
9.999916638052e-01
9.999926423536e-01
9.999929487590e-01
9.999928529541e-01
9.999928198850e-01
9.999932544338e-01
9.999933799225e-01
9.999938944922e-01
9.999938728568e-01
9.999940783455e-01
9.999944672370e-01
9.999946422708e-01
9.999947071842e-01
9.999948187612e-01
9.999950173795e-01
9.999943537597e-01
9.999944365614e-01
9.999943915898e-01
9.999943220942e-01
9.999942024121e-01
9.999936260518e-01
9.999941857880e-01
9.999935009852e-01
9.999940865377e-01
9.999939534066e-01
9.999937758500e-01
9.999939462192e-01
9.999941536914e-01
9.999937580746e-01
9.999933910427e-01
9.999935565305e-01
9.999930850878e-01
9.999932089481e-01
9.999925016292e-01
9.999918391213e-01
9.999924036382e-01
9.999925043826e-01
9.999913470217e-01
9.999914970086e-01
9.999903199875e-01
9.999905899075e-01
9.999876169952e-01
9.999856569099e-01
9.999826714181e-01
9.999807823832e-01
9.999793305723e-01
9.999865253134e-01
9.999844064459e-01
9.999830661144e-01
9.999814574390e-01
9.999794910655e-01
9.999774465659e-01
9.999738482450e-01
9.999773674090e-01
9.999692388257e-01
9.999677397593e-01
9.999620090750e-01
9.999661664982e-01
9.999469649826e-01
9.999869156452e-01
9.999859121960e-01
9.999899423757e-01
9.999950541956e-01
9.999972134911e-01
9.999880568887e-01
9.999819203142e-01
0.000000000000e+00
0.000000000000e+00
0.000000000000e+00
0.000000000000e+00
0.000000000000e+00
0.000000000000e+00
0.000000000000e+00
-9.999297837402e-01
-9.998530117939e-01
-9.991525548753e-01
-9.999539329941e-01
-9.999827052159e-01
-9.999881815421e-01
-9.998631513360e-01
9.995921834825e-01
-9.998376284051e-01
-9.998568774869e-01
9.995947199973e-01
9.992183811473e-01
9.998448206038e-01
-9.998043672551e-01
9.999012142972e-01
9.999133586826e-01
9.965883913882e-01
9.998942462782e-01
-9.994330306879e-01
-9.999361731132e-01
-9.998722418000e-01
9.999289228260e-01
9.996973095290e-01
9.999321248422e-01
9.998854354313e-01
9.998937649103e-01
9.998928330556e-01
9.998309119843e-01
9.993586770404e-01
-9.999077213860e-01
9.997571823637e-01
9.996472420104e-01
-9.997437510508e-01
-9.997816387292e-01
9.996710518240e-01
9.840246422470e-01
9.999106319583e-01
9.999024147151e-01
9.995036415094e-01
9.998878333093e-01
9.996864819091e-01
9.999086210601e-01
9.998935589065e-01
9.999274098424e-01
9.993093522590e-01
-9.997004094797e-01
-9.999418048108e-01
9.996857301913e-01
9.998994506406e-01
9.999040650011e-01
-9.999265356031e-01
-9.999645098400e-01
9.996802982862e-01
-9.999287807270e-01
9.996214785811e-01
-9.998711811611e-01
-9.999510308454e-01
9.998615447470e-01
-9.994765438129e-01
9.999052535281e-01
-9.999234671171e-01
-9.999411647832e-01
-9.999452863759e-01
-9.996866832525e-01
-9.998344147180e-01
-9.999428634645e-01
-9.999434055803e-01
9.997570432095e-01
9.999006977771e-01
9.992400888411e-01
-9.997958381437e-01
9.998720011016e-01
-9.998987127075e-01
9.999043074013e-01
9.992428217071e-01
-9.998510107125e-01
9.994742376487e-01
-9.999513910770e-01
9.997791862994e-01
9.996671452468e-01
9.999134978322e-01
-9.994896519354e-01
-9.998779350965e-01
-9.998014130914e-01
-9.998580582629e-01
9.999080114554e-01
9.998414198672e-01
-9.997707620886e-01
9.999113814446e-01
-9.999337201767e-01
-9.977064244365e-01
9.999019234191e-01
9.998218158648e-01
9.998595857781e-01
9.998883190393e-01
-9.997132098041e-01
9.998625578624e-01
9.999316752010e-01
-9.995752250807e-01
9.999146683474e-01
9.999209382501e-01
9.999098468535e-01
-9.979423631924e-01
-9.998651573796e-01
-9.995655041441e-01
9.970971439150e-01
-9.995325840367e-01
9.999074978508e-01
9.998386322803e-01
9.998599546471e-01
9.999239369555e-01
-9.999685818652e-01
9.999091278901e-01
9.999332097585e-01
9.999132764131e-01
9.999147508195e-01
9.994658080671e-01
9.989540519286e-01
9.996432244646e-01
9.997847778708e-01
-9.999024797224e-01
-9.997127753331e-01
-9.999512940728e-01
-9.997485470125e-01
-9.999080493671e-01
9.998103279059e-01
9.999089557805e-01
9.998851253599e-01
9.997410303882e-01
-9.999681986346e-01
-9.969031224397e-01
9.998669163225e-01
-9.998921971041e-01
9.996879843275e-01
-9.880913009226e-01
-9.999129808749e-01
-9.988183401743e-01
9.998916559509e-01
-9.971553067941e-01
9.998570062690e-01
-9.999460121676e-01
-9.998741278857e-01
-9.991200147951e-01
-9.999003626527e-01
9.998682063949e-01
-9.996792114240e-01
9.996894889734e-01
-9.999238272385e-01
9.998545548249e-01
9.999149434316e-01
-9.998636399569e-01
-9.999659256571e-01
9.997061603171e-01
-9.999120027119e-01
9.998042703702e-01
9.998766301831e-01
9.988925549191e-01
9.999167512258e-01
-9.998689867649e-01
-9.999189960678e-01
9.993741962170e-01
-9.992656058353e-01
-9.998410694366e-01
9.997549660964e-01
9.994169388581e-01
-9.999662052787e-01
-9.998781717324e-01
-9.999570916247e-01
9.876908650087e-01
-9.999410235066e-01
-9.999573769905e-01
9.998718408762e-01
9.999083130543e-01
-9.999499316536e-01
-9.940303888831e-01
9.999305209852e-01
-9.998070864118e-01
9.998287610661e-01
9.997158983903e-01
-9.996635034083e-01
9.999253114425e-01
9.999108083988e-01
-9.996396678992e-01
-9.998854163692e-01
9.998837799007e-01
-9.998349358339e-01
9.995724881681e-01
9.998426981596e-01
9.999202724271e-01
-9.994339694618e-01
9.999051316065e-01
9.999394233615e-01
-9.996073920120e-01
9.999116121649e-01
-9.999085760949e-01
9.996122772644e-01
-9.999127538088e-01
-9.999832318907e-01
-9.996817000628e-01
-9.999646275495e-01
9.998905173221e-01
9.999079494642e-01
-9.998809856720e-01
9.997645015180e-01
9.995144901317e-01
9.998704716584e-01
9.998159973069e-01
9.997861616925e-01
9.999343746344e-01
-9.983378876292e-01
9.998857255096e-01
-9.998269626422e-01
-9.999482542847e-01
-9.999438522627e-01
9.998959757495e-01
9.997640706966e-01
9.999286237191e-01
-9.999203331460e-01
9.999316086760e-01
-9.999596687678e-01
-9.999790332205e-01
-9.988877360279e-01
-9.996585769850e-01
-9.998851412416e-01
-9.996417301251e-01
9.978389061882e-01
-9.999043750981e-01
-9.999777642497e-01
-9.999604136561e-01
-9.999068867817e-01
-9.999649606176e-01
-9.999128333009e-01
-9.999763669417e-01
-9.999717235507e-01
9.997035991944e-01
9.998414752896e-01
-9.999621681267e-01
