1 2    -0.006512
1 3    -0.002600
1 4    -0.009198
1 5    -0.007662
1 6    -0.012995
1 7    -0.006330
1 8    -0.005489
1 9    -0.009183
1 10    -0.014655
1 11    -0.013312
1 12    -0.006807
1 13    -0.009800
1 14    -0.010846
1 15    -0.010043
1 16    -0.011283
1 17    -0.015683
1 18    -0.009048
1 19    -0.015170
1 20    -0.014604
1 21    -0.010301
1 22    -0.007293
2 3    -0.004403
2 4    -0.005568
2 5    -0.006715
2 6    -0.005864
2 7    -0.006193
2 8    -0.008335
2 9    -0.007727
2 10    -0.007887
2 11    -0.005932
2 12    -0.007395
2 13    -0.007237
2 14    -0.010814
2 15    -0.010378
2 16    -0.008597
2 17    -0.011738
2 18    -0.007996
2 19    -0.011662
2 20    -0.014438
2 21    -0.008359
2 22    -0.007319
3 4    -0.006812
3 5    -0.006254
3 6    -0.002683
3 7    -0.002629
3 8    -0.005906
3 9    -0.008039
3 10    -0.006703
3 11    -0.004752
3 12    -0.007856
3 13    -0.006506
3 14    -0.009255
3 15    -0.015143
3 16    -0.010733
3 17    -0.011977
3 18    -0.007169
3 19    -0.006022
3 20    -0.009065
3 21    -0.006930
3 22    -0.009047
4 5    -0.005064
4 6    -0.005736
4 7    -0.007857
4 8    -0.008345
4 9    -0.007842
4 10    -0.006640
4 11    -0.004724
4 12    -0.007507
4 13    -0.006360
4 14    -0.016471
4 15    -0.005425
4 16    -0.007490
4 17    -0.016690
4 18    -0.012731
4 19    -0.013083
4 20    -0.009537
4 21    -0.013082
4 22    -0.011088
5 6    -0.008027
5 7    -0.001791
5 8    -0.000041
5 9    -0.008167
5 10    -0.002433
5 11    -0.008816
5 12    -0.005881
5 13    -0.004631
5 14    -0.011148
5 15    -0.009392
5 16    -0.009915
5 17    -0.012506
5 18    -0.009606
5 19    -0.010961
5 20    -0.009766
5 21    -0.006944
5 22    -0.009659
6 7    -0.012333
6 8    -0.008037
6 9    -0.008576
6 10    -0.004822
6 11    -0.011619
6 12    -0.009369
6 13    -0.008719
6 14    -0.013468
6 15    -0.006422
6 16    -0.008865
6 17    -0.010134
6 18    -0.003153
6 19    -0.015715
6 20    -0.008844
6 21    -0.008881
6 22    -0.014450
7 8    -0.007974
7 9    -0.012253
7 10    -0.012681
7 11    -0.007849
7 12    -0.010650
7 13    -0.007225
7 14    -0.008829
7 15    -0.011394
7 16    -0.013422
7 17    -0.016152
7 18    -0.007782
7 19    -0.015634
7 20    -0.011316
7 21    -0.007826
7 22    -0.005503
8 9    -0.009482
8 10    -0.008049
8 11    -0.010053
8 12    -0.012447
8 13    -0.001528
8 14    -0.009944
8 15    -0.013037
8 16    -0.012688
8 17    -0.016625
8 18    -0.008038
8 19    -0.014619
8 20    -0.013010
8 21    -0.004023
8 22    -0.019185
9 10    -0.014284
9 11    -0.006631
9 12    -0.011419
9 13    -0.005059
9 14    -0.012237
9 15    -0.009790
9 16    -0.011969
9 17    -0.018711
9 18    -0.014549
9 19    -0.022446
9 20    -0.016164
9 21    -0.015186
9 22    -0.008257
10 11    -0.008986
10 12    -0.003960
10 13    -0.009828
10 14    -0.007833
10 15    -0.014495
10 16    -0.007810
10 17    -0.015196
10 18    -0.009158
10 19    -0.016424
10 20    -0.014939
10 21    -0.008373
10 22    -0.009693
11 12    -0.008845
11 13    -0.003004
11 14    -0.009348
11 15    -0.012027
11 16    -0.005364
11 17    -0.012476
11 18    -0.006321
11 19    -0.013309
11 20    -0.011318
11 21    -0.007346
11 22    -0.012253
12 13    -0.007410
12 14    -0.008921
12 15    -0.009210
12 16    -0.013616
12 17    -0.015982
12 18    -0.015389
12 19    -0.017240
12 20    -0.012472
12 21    -0.007437
12 22    -0.008645
13 14    -0.014846
13 15    -0.005420
13 16    -0.010929
13 17    -0.016207
13 18    -0.006749
13 19    -0.022520
13 20    -0.009266
13 21    -0.001384
13 22    -0.013177
14 15    -0.009698
14 16    -0.012007
14 17    -0.022244
14 18    -0.012712
14 19    -0.022710
14 20    -0.015635
14 21    -0.011647
14 22    -0.013030
15 16    -0.016272
15 17    -0.019628
15 18    -0.005820
15 19    -0.022479
15 20    -0.017438
15 21    -0.009407
15 22    -0.017731
16 17    -0.016983
16 18    -0.020849
16 19    -0.023668
16 20    -0.020181
16 21    -0.012606
16 22    -0.014162
17 18    -0.019298
17 19    -0.019225
17 20    -0.018173
17 21    -0.027561
17 22    -0.020112
18 19    -0.020781
18 20    -0.015021
18 21    -0.014277
18 22    -0.014728
19 20    -0.017661
19 21    -0.018723
19 22    -0.025387
20 21    -0.016160
20 22    -0.013595
21 22    -0.014764
