 0.91331531E+00
 0.45442532E+00
 0.27950134E+00
 0.21452561E+00
 0.16095088E+00
 0.12623003E+00
 0.10349144E+00
 0.86420179E-01
 0.73427524E-01
 0.63148802E-01
 0.54925668E-01
 0.48349039E-01
 0.43055423E-01
 0.38888341E-01
 0.35242567E-01
 0.32016426E-01
 0.29269575E-01
 0.27049476E-01
 0.25032935E-01
 0.23222929E-01
 0.21633591E-01
 0.20282367E-01
 0.19093739E-01
 0.18123472E-01
 0.17197840E-01
 0.16331743E-01
 0.15545385E-01
 0.14810621E-01
 0.14078379E-01
 0.13366665E-01
 0.12765669E-01
 0.12255784E-01
 0.11754430E-01
 0.11239895E-01
 0.10754449E-01
 0.10308839E-01
 0.99691271E-02
 0.97130139E-02
 0.93987014E-02
 0.90875508E-02
 0.88050214E-02
 0.85647811E-02
 0.83354129E-02
 0.80888373E-02
 0.78986100E-02
 0.77188064E-02
 0.75629950E-02
 0.74297588E-02
 0.73383055E-02
 0.71944729E-02
 0.70305791E-02
 0.68948180E-02
 0.67513421E-02
 0.66829921E-02
 0.65862110E-02
 0.64764679E-02
 0.63655515E-02
 0.63049015E-02
 0.62418392E-02
 0.61671935E-02
 0.61110026E-02
 0.60265906E-02
 0.59240580E-02
 0.58163645E-02
 0.57076780E-02
 0.56525760E-02
 0.56007806E-02
 0.55852105E-02
 0.55469731E-02
 0.54959351E-02
 0.54727251E-02
 0.54316701E-02
 0.53805313E-02
 0.52972249E-02
 0.52509779E-02
 0.52119798E-02
 0.52047109E-02
 0.52006748E-02
 0.51944264E-02
 0.52018431E-02
 0.51732335E-02
 0.50863967E-02
 0.50353486E-02
 0.50206369E-02
 0.49889348E-02
 0.50015927E-02
 0.50138388E-02
 0.50011303E-02
 0.49827960E-02
 0.49784693E-02
 0.49538128E-02
 0.49043071E-02
 0.48846263E-02
 0.48851014E-02
 0.48456100E-02
 0.47870328E-02
 0.47313769E-02
 0.46734197E-02
 0.46568273E-02
 0.46398347E-02
 0.46187556E-02
 0.46161860E-02
 0.45830830E-02
 0.45466479E-02
 0.45375777E-02
 0.45396030E-02
 0.45438182E-02
 0.45263469E-02
 0.45612687E-02
 0.46022456E-02
 0.46374431E-02
 0.46402018E-02
 0.46353012E-02
 0.46394366E-02
 0.46250146E-02
 0.45752871E-02
 0.45388760E-02
 0.44995860E-02
 0.44750826E-02
 0.44518839E-02
 0.43972514E-02
 0.43326687E-02
 0.43166440E-02
 0.42760066E-02
 0.42796419E-02
 0.43030855E-02
 0.42849449E-02
 0.42631019E-02
 0.42357510E-02
 0.41971564E-02
 0.41209388E-02
 0.41141233E-02
 0.41232756E-02
 0.41470986E-02
 0.41743753E-02
 0.41569301E-02
 0.41099925E-02
 0.40819582E-02
 0.40518929E-02
 0.40636982E-02
 0.40777467E-02
 0.40523233E-02
 0.40551578E-02
 0.40985596E-02
 0.41256247E-02
 0.41461635E-02
 0.41540696E-02
 0.41734753E-02
 0.41700296E-02
 0.41195232E-02
 0.41023674E-02
 0.41011846E-02
 0.41075553E-02
 0.40947243E-02
 0.40972138E-02
 0.40784779E-02
 0.41175311E-02
 0.41290587E-02
 0.41430700E-02
 0.41683403E-02
 0.41479984E-02
 0.41506921E-02
 0.42065162E-02
 0.42383075E-02
 0.42454045E-02
 0.42580593E-02
 0.42448732E-02
 0.42323355E-02
 0.41935607E-02
 0.41262712E-02
 0.41025208E-02
 0.40691705E-02
 0.40269385E-02
 0.40018906E-02
 0.40388278E-02
 0.41056600E-02
 0.41109628E-02
 0.41181881E-02
 0.41245477E-02
 0.41492792E-02
 0.41828921E-02
 0.42576269E-02
 0.43603904E-02
 0.44182516E-02
 0.44892243E-02
 0.45468535E-02
 0.46111082E-02
 0.46907784E-02
 0.47346599E-02
 0.47963838E-02
 0.48822865E-02
 0.49295403E-02
 0.49676952E-02
 0.50075747E-02
 0.50532980E-02
 0.50957411E-02
 0.51540768E-02
 0.51894421E-02
 0.52161516E-02
 0.52192250E-02
 0.52654593E-02
 0.52946230E-02
 0.53565814E-02
 0.54024521E-02
 0.54023523E-02
 0.54186450E-02
 0.54209867E-02
 0.54455754E-02
 0.54275967E-02
 0.53831426E-02
 0.53634513E-02
 0.53959264E-02
 0.53995539E-02
 0.53379533E-02
 0.52540103E-02
 0.52126538E-02
 0.51817414E-02
 0.51668256E-02
 0.51858111E-02
 0.51855419E-02
 0.51315615E-02
 0.50898765E-02
 0.49860662E-02
 0.49101049E-02
 0.48236684E-02
 0.47436041E-02
 0.46815452E-02
 0.46085236E-02
 0.45763373E-02
 0.45307243E-02
 0.44582139E-02
 0.43940470E-02
 0.43495577E-02
 0.43050472E-02
 0.42434967E-02
 0.41330408E-02
 0.40076780E-02
 0.39239236E-02
 0.37611992E-02
 0.36357374E-02
 0.35435323E-02
 0.34667271E-02
 0.33881231E-02
 0.33566002E-02
 0.32968989E-02
 0.32717178E-02
 0.32403782E-02
 0.31795880E-02
 0.31529948E-02
 0.31405123E-02
 0.31293705E-02
 0.31250647E-02
 0.31142850E-02
 0.30852300E-02
 0.30450077E-02
 0.30114312E-02
 0.29815593E-02
 0.29241160E-02
 0.28861427E-02
 0.28792322E-02
 0.28800122E-02
 0.28709352E-02
 0.28273605E-02
 0.27952393E-02
 0.27910101E-02
 0.28038986E-02
 0.28060318E-02
 0.27921465E-02
 0.27923132E-02
 0.27875408E-02
 0.28140552E-02
 0.28558316E-02
 0.29226062E-02
 0.29473553E-02
 0.29651885E-02
 0.29567767E-02
 0.29880848E-02
 0.30006349E-02
 0.30092615E-02
 0.29853233E-02
 0.29613098E-02
 0.29602120E-02
 0.29514046E-02
 0.29223403E-02
 0.28945980E-02
 0.28752729E-02
 0.28499791E-02
 0.28039525E-02
 0.27596302E-02
 0.27079846E-02
 0.26646193E-02
 0.26542426E-02
 0.26431612E-02
 0.26182418E-02
 0.25648017E-02
 0.25048897E-02
 0.24291029E-02
 0.24243207E-02
 0.24277784E-02
 0.24167355E-02
 0.24282564E-02
 0.24246540E-02
 0.24270400E-02
 0.24545175E-02
 0.24929013E-02
 0.25299585E-02
 0.25381294E-02
 0.25246871E-02
 0.25395584E-02
 0.25249913E-02
 0.24994381E-02
 0.24669094E-02
 0.24510781E-02
 0.24288854E-02
 0.24316452E-02
 0.24494343E-02
 0.24553208E-02
 0.24315667E-02
 0.24224952E-02
 0.24124020E-02
 0.23825087E-02
 0.23776136E-02
 0.23948720E-02
 0.23750001E-02
 0.23219326E-02
 0.22962003E-02
 0.22746340E-02
 0.22210226E-02
 0.21564842E-02
 0.21008737E-02
 0.20443674E-02
 0.20066213E-02
 0.19535426E-02
 0.19259718E-02
 0.19089842E-02
 0.19103740E-02
 0.18987790E-02
 0.18677505E-02
 0.18313927E-02
 0.18240087E-02
 0.18243518E-02
 0.18058966E-02
 0.18205136E-02
 0.18386485E-02
 0.18359738E-02
 0.18187562E-02
 0.18217568E-02
 0.18317167E-02
 0.18209337E-02
 0.18018928E-02
 0.18287129E-02
 0.18284490E-02
 0.18380784E-02
 0.18267117E-02
 0.18089290E-02
 0.17799242E-02
 0.17428222E-02
 0.17288770E-02
 0.17113243E-02
 0.16986772E-02
 0.16914926E-02
 0.16893047E-02
 0.16770032E-02
 0.16428358E-02
 0.16195991E-02
 0.15980576E-02
 0.15876399E-02
 0.15716326E-02
 0.15666830E-02
 0.15617754E-02
 0.15624022E-02
 0.15605744E-02
 0.15549392E-02
 0.15352035E-02
 0.15199732E-02
 0.15161283E-02
 0.15065657E-02
 0.14906367E-02
 0.14562884E-02
 0.14309705E-02
 0.14085568E-02
 0.13777280E-02
 0.13589261E-02
 0.13418596E-02
 0.13097394E-02
 0.12902353E-02
 0.12910895E-02
 0.12954567E-02
 0.12944382E-02
 0.12595495E-02
 0.12615079E-02
 0.12594346E-02
 0.12524827E-02
 0.12599382E-02
 0.12695367E-02
 0.12743027E-02
 0.12878478E-02
 0.12980451E-02
 0.12938195E-02
 0.12968692E-02
 0.13206818E-02
 0.13249644E-02
 0.12984415E-02
 0.12970016E-02
 0.13181342E-02
 0.13549749E-02
 0.13896178E-02
 0.13859206E-02
 0.13634079E-02
 0.13568499E-02
 0.13439731E-02
 0.13338282E-02
 0.13233015E-02
 0.13048631E-02
 0.12781330E-02
 0.12748616E-02
 0.12738258E-02
 0.12862000E-02
 0.12784346E-02
 0.12679044E-02
 0.12535643E-02
 0.12643701E-02
 0.12600783E-02
 0.12505074E-02
 0.12386291E-02
 0.12148190E-02
 0.12043751E-02
 0.12025867E-02
 0.11980604E-02
 0.11882984E-02
 0.11737217E-02
 0.11629294E-02
 0.11620715E-02
 0.11709808E-02
 0.11835977E-02
 0.11977674E-02
 0.12224699E-02
 0.12281402E-02
 0.12297381E-02
 0.12220706E-02
 0.11895995E-02
 0.11617981E-02
 0.11734561E-02
 0.11901459E-02
 0.12049450E-02
 0.12142680E-02
 0.12175662E-02
 0.12035270E-02
 0.12081109E-02
 0.12246799E-02
 0.12554761E-02
 0.12822923E-02
 0.12871967E-02
 0.13105028E-02
 0.13323282E-02
 0.13458831E-02
 0.13623086E-02
 0.13635990E-02
 0.13598386E-02
 0.13570020E-02
 0.13617161E-02
 0.13617465E-02
 0.13636048E-02
 0.13447752E-02
 0.13196274E-02
 0.13047297E-02
 0.13127744E-02
 0.12989854E-02
 0.12834059E-02
 0.12708682E-02
 0.12688344E-02
 0.12697765E-02
 0.12661351E-02
 0.12629965E-02
 0.12499998E-02
 0.12377020E-02
 0.12174773E-02
 0.12004314E-02
 0.12069111E-02
 0.12099095E-02
 0.12047167E-02
 0.12009856E-02
 0.12090688E-02
 0.12215066E-02
 0.12477496E-02
 0.12697670E-02
 0.12675661E-02
 0.12469883E-02
 0.12214389E-02
 0.12117295E-02
 0.12176888E-02
 0.12346633E-02
 0.12278985E-02
 0.12169045E-02
 0.12268408E-02
 0.12191267E-02
 0.12195795E-02
 0.12140083E-02
 0.12203261E-02
 0.12137380E-02
 0.12006444E-02
 0.12052982E-02
 0.12297324E-02
 0.12713657E-02
 0.13038735E-02
 0.13494789E-02
 0.13769553E-02
 0.13714277E-02
 0.13692904E-02
 0.13647854E-02
 0.13591339E-02
 0.13790223E-02
 0.14125889E-02
 0.14320583E-02
 0.14647091E-02
 0.14826110E-02
 0.14945106E-02
 0.14972405E-02
 0.15154581E-02
 0.15016739E-02
 0.15022403E-02
 0.15161416E-02
 0.15129281E-02
 0.14990278E-02
 0.15027242E-02
 0.14934547E-02
 0.14700591E-02
 0.14624669E-02
 0.14570906E-02
 0.14322488E-02
 0.14225037E-02
 0.14153360E-02
 0.13997747E-02
 0.13759230E-02
 0.13504728E-02
 0.13254270E-02
 0.12956730E-02
 0.12863154E-02
 0.12647117E-02
 0.12325753E-02
 0.12047746E-02
 0.11843662E-02
 0.11849891E-02
 0.11777703E-02
 0.11718516E-02
 0.11498006E-02
 0.11327200E-02
 0.11339754E-02
 0.11192253E-02
 0.11083815E-02
 0.11158178E-02
 0.11293135E-02
 0.11232237E-02
 0.11110091E-02
 0.11084526E-02
 0.11126334E-02
 0.11234493E-02
 0.11234093E-02
 0.11275201E-02
 0.11535880E-02
 0.11658023E-02
 0.11626445E-02
 0.11528821E-02
 0.11501354E-02
 0.11344068E-02
 0.11092719E-02
 0.11071513E-02
 0.10964125E-02
 0.10618046E-02
 0.10382901E-02
 0.10405812E-02
 0.10668919E-02
 0.10734132E-02
 0.10528024E-02
 0.10271454E-02
 0.10090301E-02
 0.98640496E-03
 0.96511529E-03
 0.94449004E-03
 0.93973114E-03
 0.91817271E-03
 0.90064921E-03
 0.90347672E-03
 0.90577530E-03
 0.91680685E-03
 0.93279982E-03
 0.92409443E-03
 0.90788100E-03
 0.89946784E-03
 0.89274563E-03
 0.88988997E-03
 0.90444484E-03
 0.95014290E-03
 0.98312874E-03
 0.97810225E-03
 0.97936171E-03
 0.98917553E-03
 0.10189522E-02
 0.10483671E-02
 0.10433993E-02
 0.10475008E-02
 0.10622581E-02
 0.10784595E-02
 0.11116953E-02
 0.11159586E-02
 0.11071155E-02
 0.10896224E-02
 0.10622448E-02
 0.10496737E-02
 0.10556176E-02
 0.10504795E-02
 0.10327881E-02
 0.10257914E-02
 0.10000598E-02
 0.96652478E-03
 0.94622735E-03
 0.92039796E-03
 0.86980336E-03
 0.84647155E-03
 0.84991112E-03
 0.85389532E-03
 0.85112482E-03
 0.85203072E-03
 0.85962073E-03
 0.86417260E-03
 0.87765006E-03
 0.90210643E-03
 0.91906633E-03
 0.92770569E-03
 0.93998829E-03
 0.94759357E-03
 0.95382243E-03
 0.94297759E-03
 0.94161368E-03
 0.94013650E-03
 0.93325341E-03
 0.92787657E-03
 0.92390025E-03
 0.90751668E-03
 0.90286001E-03
 0.88578069E-03
 0.86650151E-03
 0.85175373E-03
 0.83503500E-03
 0.84510817E-03
 0.85310290E-03
 0.83769139E-03
 0.82041467E-03
 0.81057664E-03
 0.82662232E-03
 0.84054374E-03
 0.83065217E-03
 0.83489007E-03
 0.83110259E-03
 0.84982269E-03
 0.87046255E-03
 0.87585942E-03
 0.88472340E-03
 0.90218576E-03
 0.92592704E-03
 0.95207517E-03
 0.96476939E-03
 0.96784428E-03
 0.97714743E-03
 0.98893660E-03
 0.10188716E-02
 0.10179906E-02
 0.10092180E-02
 0.99409127E-03
 0.97268899E-03
 0.97384944E-03
 0.99796990E-03
 0.99406860E-03
 0.99141044E-03
 0.97159021E-03
 0.95576472E-03
 0.94365158E-03
 0.93285550E-03
 0.93641639E-03
 0.93786617E-03
 0.95309767E-03
 0.98657760E-03
 0.10117732E-02
 0.10112774E-02
 0.10072861E-02
 0.10250952E-02
 0.10341694E-02
 0.10256804E-02
 0.10079137E-02
 0.10135738E-02
 0.10250637E-02
 0.10298069E-02
 0.10351702E-02
 0.10418465E-02
 0.10265942E-02
 0.99313250E-03
 0.97404894E-03
 0.98101230E-03
 0.10002136E-02
 0.10192408E-02
 0.98906781E-03
 0.98516311E-03
 0.97850385E-03
 0.97514547E-03
 0.96853307E-03
 0.94847735E-03
 0.93529115E-03
 0.93201053E-03
 0.93626415E-03
 0.94654429E-03
 0.94143023E-03
 0.94509919E-03
 0.97127834E-03
 0.98985219E-03
 0.97719033E-03
 0.99542540E-03
 0.10179402E-02
 0.10470376E-02
 0.10463036E-02
 0.10499728E-02
 0.10500813E-02
 0.10339690E-02
 0.10161263E-02
 0.10056353E-02
 0.98970599E-03
 0.93732052E-03
 0.91144296E-03
 0.90174249E-03
 0.87415804E-03
 0.84874769E-03
 0.83789137E-03
 0.83065661E-03
 0.82203360E-03
 0.81885154E-03
 0.81909780E-03
 0.82953770E-03
 0.83007703E-03
 0.80760885E-03
 0.80025459E-03
 0.80487595E-03
 0.80834146E-03
 0.81629431E-03
 0.81652457E-03
 0.83575747E-03
 0.85401897E-03
 0.85329700E-03
 0.84909710E-03
 0.83627578E-03
 0.82255112E-03
 0.81229904E-03
 0.79729405E-03
 0.79198412E-03
 0.78852782E-03
 0.77912284E-03
 0.78995719E-03
 0.82554713E-03
 0.84929078E-03
 0.85292603E-03
 0.84860534E-03
 0.85039638E-03
 0.85522024E-03
 0.86301314E-03
 0.87325051E-03
 0.88215994E-03
 0.88268903E-03
 0.86068257E-03
 0.84523859E-03
 0.83071680E-03
 0.83622055E-03
 0.82118358E-03
 0.80882056E-03
 0.77970213E-03
 0.76605586E-03
 0.75211350E-03
 0.71776338E-03
 0.69260341E-03
 0.68075097E-03
 0.67231160E-03
 0.68128627E-03
 0.68098918E-03
 0.65948359E-03
 0.65134425E-03
 0.65099504E-03
 0.66754384E-03
 0.69984828E-03
 0.71007622E-03
 0.71295033E-03
 0.72866134E-03
 0.73794607E-03
 0.73089972E-03
 0.71990486E-03
 0.71923055E-03
 0.72125421E-03
 0.71176424E-03
 0.69168957E-03
 0.67513913E-03
 0.67815993E-03
 0.67813630E-03
 0.67908190E-03
 0.68974843E-03
 0.69624501E-03
 0.69228978E-03
 0.69421440E-03
 0.69987060E-03
 0.69880388E-03
 0.71464636E-03
 0.72860605E-03
 0.72241428E-03
 0.72540876E-03
 0.72434595E-03
 0.70885399E-03
 0.67800377E-03
 0.66919434E-03
 0.67171553E-03
 0.67117557E-03
 0.66202601E-03
 0.66268692E-03
 0.65820465E-03
 0.65382105E-03
 0.64792266E-03
 0.65276068E-03
 0.65935785E-03
 0.67271338E-03
 0.67761628E-03
 0.69171131E-03
 0.70500843E-03
 0.73564433E-03
 0.73877644E-03
 0.75228088E-03
 0.77281637E-03
 0.79059868E-03
 0.78752191E-03
 0.78112755E-03
 0.80081830E-03
 0.78352021E-03
 0.76295189E-03
 0.76287599E-03
 0.74045857E-03
 0.72762305E-03
 0.72782683E-03
 0.72782162E-03
 0.72508091E-03
 0.71030740E-03
 0.69643896E-03
 0.67904017E-03
 0.66447039E-03
 0.66095102E-03
 0.64995141E-03
 0.64324665E-03
 0.62794289E-03
 0.63926776E-03
 0.62645212E-03
 0.64916488E-03
 0.65952565E-03
 0.65268011E-03
 0.65689389E-03
 0.66543215E-03
 0.66469750E-03
 0.65406353E-03
 0.64196042E-03
 0.63506719E-03
 0.63447958E-03
 0.64252807E-03
 0.65300934E-03
 0.65457596E-03
 0.67382277E-03
 0.67181229E-03
 0.66334246E-03
 0.67499145E-03
 0.68975047E-03
 0.70274826E-03
 0.69247960E-03
 0.67429155E-03
 0.66383514E-03
 0.64244553E-03
 0.61990700E-03
 0.60592350E-03
 0.59569497E-03
 0.59752144E-03
 0.60945422E-03
 0.61857538E-03
 0.63179977E-03
 0.62119051E-03
 0.63389832E-03
 0.64679026E-03
 0.64632182E-03
 0.64059516E-03
 0.63501961E-03
 0.62702532E-03
 0.62535897E-03
 0.62715922E-03
 0.63024899E-03
 0.60980294E-03
 0.58531108E-03
 0.54878555E-03
 0.52365770E-03
 0.50805229E-03
 0.50662997E-03
 0.49469698E-03
 0.48024484E-03
 0.45933600E-03
 0.46745497E-03
 0.46889582E-03
 0.46487230E-03
 0.45498885E-03
 0.46456649E-03
 0.47221981E-03
 0.47584776E-03
 0.48702143E-03
 0.50543475E-03
 0.52596530E-03
 0.52342872E-03
 0.51944340E-03
 0.53049685E-03
 0.53676081E-03
 0.54580887E-03
 0.54780445E-03
 0.53943386E-03
 0.53333544E-03
 0.52374058E-03
 0.51835916E-03
 0.53016159E-03
 0.53087242E-03
 0.52227906E-03
 0.53183965E-03
 0.54675707E-03
 0.56028098E-03
 0.57148676E-03
 0.58186158E-03
 0.56788471E-03
 0.57405671E-03
 0.58590033E-03
 0.60907374E-03
 0.64523468E-03
 0.69900629E-03
 0.74188447E-03
 0.77381203E-03
 0.78751887E-03
 0.80285324E-03
 0.81015810E-03
 0.82954282E-03
 0.82876124E-03
 0.80851928E-03
 0.80146646E-03
 0.81786836E-03
 0.78806357E-03
 0.78183431E-03
 0.78213930E-03
 0.78484206E-03
 0.74505616E-03
 0.71229586E-03
 0.70733965E-03
 0.70480141E-03
 0.72832120E-03
 0.73348060E-03
 0.71953489E-03
 0.70813619E-03
 0.72035297E-03
 0.72250459E-03
 0.73036571E-03
 0.75783205E-03
 0.73796147E-03
 0.71016698E-03
 0.70369272E-03
 0.70588280E-03
 0.73338924E-03
 0.75159409E-03
 0.75326698E-03
 0.72037646E-03
 0.70892678E-03
 0.71545045E-03
 0.71487287E-03
 0.70573177E-03
 0.67929557E-03
 0.66249695E-03
 0.68409335E-03
 0.70462312E-03
 0.71565395E-03
 0.73164535E-03
 0.71696386E-03
 0.69703591E-03
 0.69727831E-03
 0.69542636E-03
 0.67781132E-03
 0.66437244E-03
 0.65224970E-03
 0.64006598E-03
 0.63242087E-03
 0.61908112E-03
 0.63349614E-03
 0.64968135E-03
 0.65404411E-03
 0.62979169E-03
 0.60888083E-03
 0.61071728E-03
 0.63123965E-03
 0.64143288E-03
 0.65565657E-03
 0.66241195E-03
 0.66008685E-03
 0.63903380E-03
 0.62526281E-03
 0.60026089E-03
 0.57784175E-03
 0.55198077E-03
 0.54711779E-03
 0.55490236E-03
 0.54399302E-03
 0.52586977E-03
 0.49227972E-03
 0.47089542E-03
 0.45775838E-03
 0.44164470E-03
 0.42794918E-03
 0.42996899E-03
 0.43354080E-03
 0.43531121E-03
 0.43416928E-03
 0.42321332E-03
 0.41924390E-03
 0.39766148E-03
 0.37261504E-03
 0.36116982E-03
 0.34841195E-03
 0.34200840E-03
 0.34132231E-03
 0.33525900E-03
 0.32459089E-03
 0.31917910E-03
 0.32003936E-03
 0.33189804E-03
 0.33994054E-03
 0.33641882E-03
 0.33131056E-03
 0.33505860E-03
 0.35120512E-03
 0.35382500E-03
 0.34513571E-03
 0.34208071E-03
 0.33615545E-03
 0.33027525E-03
 0.33263253E-03
 0.33803408E-03
 0.33861347E-03
 0.33651188E-03
 0.32495736E-03
 0.32892490E-03
 0.33185400E-03
 0.33685791E-03
 0.34778730E-03
 0.35974692E-03
 0.36556638E-03
 0.36967806E-03
 0.36943220E-03
 0.36108003E-03
 0.36156965E-03
 0.36045607E-03
 0.37187984E-03
 0.37107160E-03
 0.37088602E-03
 0.39632468E-03
 0.42322555E-03
 0.43663614E-03
 0.43455523E-03
 0.41929680E-03
 0.44229282E-03
 0.47702865E-03
 0.47051232E-03
 0.46398305E-03
 0.47709701E-03
 0.52210713E-03
 0.55759258E-03
 0.55521346E-03
 0.53006792E-03
 0.50962255E-03
 0.52072900E-03
 0.52278707E-03
 0.50954574E-03
 0.49700145E-03
 0.49809484E-03
 0.49163605E-03
 0.47697485E-03
 0.46191380E-03
 0.44135604E-03
 0.43183813E-03
 0.41790741E-03
 0.40315414E-03
 0.39235138E-03
 0.38002027E-03
 0.37508856E-03
 0.36227191E-03
 0.35597672E-03
 0.35338545E-03
 0.35612753E-03
 0.36128881E-03
 0.36287331E-03
 0.35553364E-03
 0.37086530E-03
 0.39896403E-03
 0.42027977E-03
 0.42420086E-03
 0.41542849E-03
 0.42204338E-03
 0.44303104E-03
 0.45622128E-03
 0.47737565E-03
 0.48902914E-03
 0.48899427E-03
 0.48003882E-03
 0.48270649E-03
 0.48602348E-03
 0.49684102E-03
 0.50879904E-03
 0.51492056E-03
 0.51265339E-03
 0.51535563E-03
 0.49397777E-03
 0.47506098E-03
 0.45961925E-03
 0.47611683E-03
 0.48357888E-03
 0.47636540E-03
 0.45662286E-03
 0.44542228E-03
 0.44382779E-03
 0.44662335E-03
 0.44651494E-03
 0.44918786E-03
 0.45390752E-03
 0.45907870E-03
 0.47346610E-03
 0.45387578E-03
 0.44013416E-03
 0.43704758E-03
 0.42279438E-03
 0.40875969E-03
 0.41314011E-03
 0.41075559E-03
 0.40116859E-03
 0.39213884E-03
 0.39100546E-03
 0.39054470E-03
 0.37653704E-03
 0.37244488E-03
 0.36361717E-03
 0.34319999E-03
 0.34265435E-03
 0.35845318E-03
 0.36448689E-03
 0.35914475E-03
 0.36031516E-03
 0.34291353E-03
 0.33742894E-03
 0.34409158E-03
 0.35948399E-03
 0.37268357E-03
 0.36839373E-03
 0.35666810E-03
 0.33889526E-03
 0.34054462E-03
 0.34669721E-03
 0.35358162E-03
 0.36984668E-03
 0.37665640E-03
 0.37052215E-03
 0.36387858E-03
 0.36680712E-03
 0.35916742E-03
 0.35564946E-03
 0.34675849E-03
 0.33674665E-03
 0.33795901E-03
 0.33275739E-03
 0.33337162E-03
 0.32807573E-03
 0.34081371E-03
 0.35441214E-03
 0.35421227E-03
 0.32782096E-03
 0.30299199E-03
 0.28468841E-03
 0.28311108E-03
 0.29226324E-03
 0.30240154E-03
 0.29826269E-03
 0.28052105E-03
 0.27442076E-03
 0.26945477E-03
 0.26185164E-03
 0.25313306E-03
 0.24778006E-03
 0.24646579E-03
 0.25572521E-03
 0.25959540E-03
 0.25439025E-03
 0.25490415E-03
 0.25271048E-03
 0.24756743E-03
 0.24985039E-03
 0.25055268E-03
 0.25237746E-03
 0.26077176E-03
 0.25641655E-03
 0.26048476E-03
 0.25915611E-03
 0.25978030E-03
 0.25830130E-03
 0.26053224E-03
 0.25903470E-03
 0.23979321E-03
 0.23620935E-03
 0.22968048E-03
 0.22294570E-03
 0.22604338E-03
 0.22557978E-03
 0.23592288E-03
 0.23303350E-03
 0.22990166E-03
 0.22934365E-03
 0.22376271E-03
 0.21540869E-03
 0.20141117E-03
 0.19773217E-03
 0.19537850E-03
 0.19122400E-03
 0.19266884E-03
 0.19518188E-03
 0.19983070E-03
 0.20333871E-03
 0.20826116E-03
 0.20908650E-03
 0.21307486E-03
 0.22431517E-03
 0.23313413E-03
 0.24305954E-03
 0.23359528E-03
 0.23803466E-03
 0.24926604E-03
 0.26412538E-03
 0.25191989E-03
 0.24440130E-03
 0.24578928E-03
 0.25119299E-03
 0.23753519E-03
 0.23616806E-03
 0.23306477E-03
 0.23043995E-03
 0.23181883E-03
 0.23132360E-03
 0.22223911E-03
 0.21372356E-03
 0.20788798E-03
 0.20988471E-03
 0.20603793E-03
 0.20082300E-03
 0.19653084E-03
 0.21185300E-03
 0.22182669E-03
 0.23606386E-03
 0.26341018E-03
 0.27986859E-03
 0.28718693E-03
 0.28916058E-03
 0.28867415E-03
 0.29213991E-03
 0.30358719E-03
 0.31255956E-03
 0.32918224E-03
 0.34369580E-03
 0.35277618E-03
 0.36342498E-03
 0.36837446E-03
 0.37094456E-03
 0.37877155E-03
 0.39364702E-03
 0.40604928E-03
 0.41601460E-03
 0.41256278E-03
 0.43266119E-03
 0.43845382E-03
 0.43115886E-03
 0.42121378E-03
 0.41803934E-03
 0.43326079E-03
 0.42571709E-03
 0.42244520E-03
 0.41864474E-03
 0.41877473E-03
 0.39382374E-03
 0.37928519E-03
 0.36005108E-03
 0.34611313E-03
 0.35421953E-03
 0.35784272E-03
 0.36410782E-03
 0.35887139E-03
 0.35713282E-03
 0.36152163E-03
 0.34953282E-03
 0.32684278E-03
 0.29593473E-03
 0.29549838E-03
 0.30498364E-03
 0.32713798E-03
 0.33838248E-03
 0.33069518E-03
 0.33451501E-03
 0.33544007E-03
 0.34006962E-03
 0.33774671E-03
 0.34153166E-03
 0.33846890E-03
 0.36268996E-03
 0.37963190E-03
 0.38547787E-03
 0.37763812E-03
 0.38506194E-03
 0.40027745E-03
 0.41457768E-03
 0.43524096E-03
 0.42669531E-03
 0.42378049E-03
 0.42625449E-03
 0.45109966E-03
 0.47112128E-03
 0.46933493E-03
 0.48748406E-03
 0.51754220E-03
 0.50956169E-03
 0.47190932E-03
 0.44260179E-03
 0.42735317E-03
 0.41020284E-03
 0.40033413E-03
 0.39677895E-03
 0.41374071E-03
 0.44282897E-03
 0.45089835E-03
 0.46126866E-03
 0.48040819E-03
 0.50247959E-03
 0.50020407E-03
 0.50490687E-03
 0.53922013E-03
 0.56238154E-03
 0.55852065E-03
 0.52696611E-03
 0.51782527E-03
 0.52378677E-03
 0.52994976E-03
 0.54600195E-03
 0.54342191E-03
 0.53577388E-03
 0.51994647E-03
 0.53672328E-03
 0.51963423E-03
 0.48235534E-03
 0.46064190E-03
 0.46138842E-03
 0.46863705E-03
 0.44737954E-03
 0.41703307E-03
 0.37195377E-03
 0.33955630E-03
 0.32680808E-03
 0.33024205E-03
 0.32204299E-03
 0.32853538E-03
 0.34109141E-03
 0.31965437E-03
 0.30397347E-03
 0.27850706E-03
 0.25809115E-03
 0.26835402E-03
 0.28697876E-03
 0.28595818E-03
 0.27916730E-03
 0.28047740E-03
 0.27953700E-03
 0.28343210E-03
 0.27161086E-03
 0.26489892E-03
 0.25599056E-03
 0.25450725E-03
 0.25236998E-03
 0.24899211E-03
 0.24723343E-03
 0.24000481E-03
 0.24392847E-03
 0.24771367E-03
 0.26182011E-03
 0.26315313E-03
 0.26195719E-03
 0.26396251E-03
 0.27178144E-03
 0.25396708E-03
 0.25063887E-03
 0.26100667E-03
 0.24542510E-03
 0.22265222E-03
 0.21887746E-03
 0.21821111E-03
 0.22295908E-03
 0.21916908E-03
 0.21986867E-03
 0.21783655E-03
 0.22407689E-03
 0.21718258E-03
 0.21802882E-03
 0.23327691E-03
 0.24246488E-03
 0.24172886E-03
 0.23055478E-03
 0.22293847E-03
 0.21353633E-03
 0.20498055E-03
 0.19541429E-03
 0.18412583E-03
 0.17307682E-03
 0.16933308E-03
 0.16543159E-03
 0.16249519E-03
 0.16467736E-03
 0.16747383E-03
 0.16341033E-03
 0.17124889E-03
 0.17776142E-03
 0.17171774E-03
 0.16009199E-03
 0.14440105E-03
 0.14327360E-03
 0.15343767E-03
 0.16675642E-03
 0.17829686E-03
 0.18776465E-03
 0.19637509E-03
 0.19811927E-03
 0.20897186E-03
 0.21803103E-03
 0.23209775E-03
 0.23816450E-03
 0.23219400E-03
 0.22485302E-03
 0.22545376E-03
 0.23383296E-03
 0.23624420E-03
 0.23382912E-03
 0.24206225E-03
 0.23787233E-03
 0.23177786E-03
 0.23232074E-03
 0.23379410E-03
 0.23073616E-03
 0.21181544E-03
 0.20984134E-03
 0.19288999E-03
 0.18918279E-03
 0.18078383E-03
 0.17600297E-03
 0.18069211E-03
 0.17866867E-03
 0.18081403E-03
 0.17216300E-03
 0.16895676E-03
 0.17167852E-03
 0.16836739E-03
 0.16659360E-03
 0.16861972E-03
 0.18135969E-03
 0.18492425E-03
 0.18557852E-03
 0.19002695E-03
 0.20407487E-03
 0.21920487E-03
 0.21148603E-03
 0.20469018E-03
 0.21441862E-03
 0.22056869E-03
 0.21314004E-03
 0.19329491E-03
 0.20132878E-03
 0.19982042E-03
 0.18871793E-03
 0.18107884E-03
 0.17049262E-03
 0.16668816E-03
 0.17015628E-03
 0.15855073E-03
 0.14838218E-03
 0.14138948E-03
 0.14017691E-03
 0.13644130E-03
 0.13324871E-03
 0.13637483E-03
 0.13927926E-03
 0.14791990E-03
 0.15108428E-03
 0.15881993E-03
 0.15337933E-03
 0.14601964E-03
 0.14270511E-03
 0.14583022E-03
 0.15386854E-03
 0.15943888E-03
 0.16760336E-03
 0.18396825E-03
 0.20464293E-03
 0.21382385E-03
 0.20346077E-03
 0.18794451E-03
 0.17984318E-03
 0.15997352E-03
 0.15605660E-03
 0.15270601E-03
 0.14849010E-03
 0.15056803E-03
 0.15672448E-03
 0.15768493E-03
 0.15232622E-03
 0.15287419E-03
 0.15178253E-03
 0.15142321E-03
 0.15814424E-03
 0.15747576E-03
 0.15862896E-03
 0.16343940E-03
 0.17593963E-03
 0.19948740E-03
 0.20925914E-03
 0.21509644E-03
 0.22429843E-03
 0.23305341E-03
 0.23930844E-03
 0.23520201E-03
 0.23049965E-03
 0.21860971E-03
 0.21143194E-03
 0.21315823E-03
 0.21461335E-03
 0.20883964E-03
 0.20708787E-03
 0.20222602E-03
 0.21355530E-03
 0.22184594E-03
 0.24265521E-03
 0.26862602E-03
 0.29600711E-03
 0.32171490E-03
 0.33879166E-03
 0.35381922E-03
 0.38327381E-03
 0.41535797E-03
 0.45044955E-03
 0.46397439E-03
 0.45921906E-03
 0.45423459E-03
 0.45662542E-03
 0.46321840E-03
 0.47463799E-03
 0.46224017E-03
 0.43673855E-03
 0.42329372E-03
 0.45640676E-03
 0.48606916E-03
 0.45878023E-03
 0.42723041E-03
 0.40077528E-03
 0.42180688E-03
 0.42297563E-03
 0.42688705E-03
 0.43104422E-03
 0.44270513E-03
 0.46085073E-03
 0.46628370E-03
 0.46989943E-03
 0.49956834E-03
 0.48680297E-03
 0.45336419E-03
 0.43778305E-03
 0.43526347E-03
 0.45053975E-03
 0.43290824E-03
 0.41668326E-03
 0.41380669E-03
 0.39694002E-03
 0.38613591E-03
 0.39593642E-03
 0.39695877E-03
 0.37876961E-03
 0.34310881E-03
 0.32836881E-03
 0.30983265E-03
 0.30849836E-03
 0.30847100E-03
 0.29935609E-03
 0.30222374E-03
 0.32742184E-03
 0.34427476E-03
 0.35909692E-03
 0.36463606E-03
 0.36487529E-03
 0.36298488E-03
 0.37264411E-03
 0.37370570E-03
 0.37882888E-03
 0.37257773E-03
 0.36592528E-03
 0.36656798E-03
 0.35567953E-03
 0.36635596E-03
 0.37169186E-03
 0.37112910E-03
 0.35744738E-03
 0.33531050E-03
 0.29750540E-03
 0.25478676E-03
 0.22138576E-03
 0.20575072E-03
 0.20001107E-03
 0.19514048E-03
 0.18175602E-03
 0.17747151E-03
 0.17839494E-03
 0.17998979E-03
 0.17940978E-03
 0.18635474E-03
 0.19517059E-03
 0.20410004E-03
 0.21671507E-03
 0.23102611E-03
 0.25285058E-03
 0.27980806E-03
 0.30478177E-03
 0.32375811E-03
 0.36145212E-03
 0.39695975E-03
 0.44132012E-03
 0.45274454E-03
 0.48276745E-03
 0.51111630E-03
 0.50774901E-03
 0.50751693E-03
 0.49621413E-03
 0.47209699E-03
 0.46162842E-03
 0.44366844E-03
 0.43875076E-03
 0.44252342E-03
 0.43150563E-03
 0.42544511E-03
 0.44039760E-03
 0.44041864E-03
 0.45344393E-03
 0.48181825E-03
 0.50234412E-03
 0.49880403E-03
 0.47971315E-03
 0.42951212E-03
 0.40050032E-03
 0.38585537E-03
 0.38903017E-03
 0.34394300E-03
 0.31333553E-03
 0.29767649E-03
 0.30671140E-03
 0.31978124E-03
 0.31891656E-03
 0.30026066E-03
 0.27138013E-03
 0.26291071E-03
 0.28392260E-03
 0.26212116E-03
 0.23257154E-03
 0.19513530E-03
 0.17185471E-03
 0.17399285E-03
 0.16132583E-03
 0.14814948E-03
 0.14873434E-03
 0.12708166E-03
 0.12051614E-03
 0.11825702E-03
 0.11672498E-03
 0.11852611E-03
 0.11842144E-03
 0.11853904E-03
 0.11957661E-03
 0.11912260E-03
 0.12120947E-03
 0.12666179E-03
 0.13171013E-03
 0.14324117E-03
 0.15912358E-03
 0.16188183E-03
 0.16441836E-03
 0.17907197E-03
 0.19345367E-03
 0.19524970E-03
 0.19952709E-03
 0.22310113E-03
 0.25528410E-03
 0.25805580E-03
 0.22882707E-03
 0.20076999E-03
 0.19839683E-03
 0.18744504E-03
 0.17882544E-03
 0.17846606E-03
 0.17512768E-03
 0.17103524E-03
 0.16349128E-03
 0.16045648E-03
 0.15875481E-03
 0.16148470E-03
 0.16862945E-03
 0.17440371E-03
 0.17720304E-03
 0.19438960E-03
 0.20686959E-03
 0.22819570E-03
 0.24715245E-03
 0.24469494E-03
 0.23858089E-03
 0.23797170E-03
 0.24281480E-03
 0.25369265E-03
 0.23862535E-03
 0.24148695E-03
 0.23343535E-03
 0.22981689E-03
 0.23213772E-03
 0.22652179E-03
 0.22282598E-03
 0.20781128E-03
 0.19962188E-03
 0.20291602E-03
 0.21212390E-03
 0.21886154E-03
 0.22858584E-03
 0.23278707E-03
 0.23782651E-03
 0.23392139E-03
 0.23940816E-03
 0.24786327E-03
 0.25134104E-03
 0.28584939E-03
 0.29557082E-03
 0.28264925E-03
 0.28078191E-03
 0.26638288E-03
 0.27344421E-03
 0.27655112E-03
 0.27837485E-03
 0.27850873E-03
 0.27515219E-03
 0.27781774E-03
 0.28375996E-03
 0.29270520E-03
 0.28695098E-03
 0.28679150E-03
 0.28470915E-03
 0.29360636E-03
 0.31078785E-03
 0.32851788E-03
 0.36563097E-03
 0.40051836E-03
 0.41888101E-03
 0.42186098E-03
 0.41752712E-03
 0.42019812E-03
 0.43521946E-03
 0.43085037E-03
 0.41030847E-03
 0.40498106E-03
 0.41816598E-03
 0.42369311E-03
 0.46459538E-03
 0.48824412E-03
 0.48680487E-03
 0.51582429E-03
 0.57398053E-03
 0.63546765E-03
 0.65597549E-03
 0.63089299E-03
 0.61628242E-03
 0.60468841E-03
 0.62133216E-03
 0.56901826E-03
 0.51624008E-03
 0.48625942E-03
 0.45589808E-03
 0.44237906E-03
 0.42211027E-03
 0.42230702E-03
 0.40319977E-03
 0.38174916E-03
 0.35124886E-03
 0.30863400E-03
 0.29050987E-03
 0.29674246E-03
 0.30919119E-03
 0.30050941E-03
 0.26971355E-03
 0.26627620E-03
 0.25082030E-03
 0.23833967E-03
 0.24049277E-03
 0.22196638E-03
 0.20269150E-03
 0.19423202E-03
 0.19315395E-03
 0.18777770E-03
 0.17841217E-03
 0.17164056E-03
 0.17305786E-03
 0.17651130E-03
 0.17333583E-03
 0.18008562E-03
 0.18036111E-03
 0.17564348E-03
 0.16665946E-03
 0.16524347E-03
 0.16798094E-03
 0.16706845E-03
 0.16486425E-03
 0.16997985E-03
 0.17156176E-03
 0.17354873E-03
 0.17615583E-03
 0.17525764E-03
 0.17508119E-03
 0.17871530E-03
 0.18346643E-03
 0.18026580E-03
 0.17585779E-03
 0.16913018E-03
 0.16740786E-03
 0.16775393E-03
 0.16918031E-03
 0.16499296E-03
 0.16245460E-03
 0.16505891E-03
 0.16386332E-03
 0.16624959E-03
 0.16401843E-03
 0.16534895E-03
 0.17052986E-03
 0.17424277E-03
 0.17569220E-03
 0.18667688E-03
 0.20651474E-03
 0.21101247E-03
 0.22073004E-03
 0.23280897E-03
 0.24956329E-03
 0.25748539E-03
 0.24137877E-03
 0.24494333E-03
 0.24095595E-03
 0.22723280E-03
 0.21082161E-03
 0.21032484E-03
 0.21603615E-03
 0.23092063E-03
 0.23343055E-03
 0.23022310E-03
 0.22675840E-03
 0.23672620E-03
 0.24327352E-03
 0.23923652E-03
 0.24275723E-03
 0.24697365E-03
 0.24861177E-03
 0.26577880E-03
 0.26466017E-03
 0.26767102E-03
 0.29272966E-03
 0.25781126E-03
 0.23231140E-03
 0.21031725E-03
 0.20431690E-03
 0.20412966E-03
 0.21253448E-03
 0.20878221E-03
 0.22302731E-03
 0.24381840E-03
 0.23862182E-03
 0.24757002E-03
 0.25034491E-03
 0.24412829E-03
 0.26115001E-03
 0.25284063E-03
 0.23428047E-03
 0.21423422E-03
 0.21385017E-03
 0.21079863E-03
 0.20258018E-03
 0.20136892E-03
 0.19910420E-03
 0.20227402E-03
 0.19914487E-03
 0.19950010E-03
 0.20455502E-03
 0.21835252E-03
 0.24201895E-03
 0.27020853E-03
 0.27055692E-03
 0.28073249E-03
 0.26835915E-03
 0.27497426E-03
 0.27898672E-03
 0.29489119E-03
 0.32275843E-03
 0.36007442E-03
 0.38784110E-03
 0.38659650E-03
 0.37278028E-03
 0.38783514E-03
 0.41017459E-03
 0.39445527E-03
 0.38722052E-03
 0.37984083E-03
 0.35879370E-03
 0.35647807E-03
 0.35429506E-03
 0.35364538E-03
 0.35917075E-03
 0.37512782E-03
 0.40360043E-03
 0.43567898E-03
 0.42706627E-03
 0.41447205E-03
 0.41353819E-03
 0.42670276E-03
 0.45593724E-03
 0.48460625E-03
 0.45812988E-03
 0.45117007E-03
 0.48266221E-03
 0.50490188E-03
 0.51629015E-03
 0.51588890E-03
 0.52327424E-03
 0.53828061E-03
 0.56469784E-03
 0.56902021E-03
 0.56079744E-03
 0.56165134E-03
 0.56392265E-03
 0.57952895E-03
 0.57962427E-03
 0.58956039E-03
 0.61971960E-03
 0.68240142E-03
 0.77531714E-03
 0.86275034E-03
 0.92007731E-03
 0.96731364E-03
 0.99013070E-03
 0.10236163E-02
 0.10578779E-02
 0.11582732E-02
 0.13111218E-02
 0.13568208E-02
 0.13885151E-02
 0.14418912E-02
 0.13631617E-02
 0.13200137E-02
 0.12913154E-02
 0.12856341E-02
 0.12538198E-02
 0.12121179E-02
 0.12469469E-02
 0.13048120E-02
 0.12405174E-02
 0.11800655E-02
 0.11721479E-02
 0.12194941E-02
 0.12219190E-02
 0.12340135E-02
 0.12905597E-02
 0.12943693E-02
 0.12811531E-02
 0.11802328E-02
 0.10877261E-02
 0.10899641E-02
 0.11105962E-02
 0.11311893E-02
 0.11758651E-02
 0.11654916E-02
 0.11349958E-02
 0.11463002E-02
 0.11894993E-02
 0.12410820E-02
 0.12982411E-02
 0.13262216E-02
 0.13123960E-02
 0.13833272E-02
 0.15363525E-02
 0.16027191E-02
 0.16766238E-02
 0.17683938E-02
 0.19463394E-02
 0.21965579E-02
 0.23326731E-02
 0.24729052E-02
 0.24422081E-02
 0.24354352E-02
 0.24509176E-02
 0.25162516E-02
 0.25429531E-02
 0.24487803E-02
 0.23438122E-02
 0.23313491E-02
 0.22301848E-02
 0.21605951E-02
 0.22112786E-02
 0.22936823E-02
 0.22813238E-02
 0.22917590E-02
 0.22831792E-02
 0.22738940E-02
 0.22037933E-02
 0.21223684E-02
 0.21174818E-02
 0.20868420E-02
 0.19929043E-02
 0.20797987E-02
 0.22952789E-02
 0.25266707E-02
 0.26994447E-02
 0.27725419E-02
 0.28646309E-02
 0.29679993E-02
 0.30794196E-02
 0.31483722E-02
 0.30511535E-02
 0.29620133E-02
 0.29332380E-02
 0.28045827E-02
 0.27365433E-02
 0.27650411E-02
 0.26033236E-02
 0.25306410E-02
 0.25405099E-02
 0.23618037E-02
 0.21775214E-02
 0.21774542E-02
 0.20701508E-02
 0.19824738E-02
 0.17755194E-02
 0.16925066E-02
 0.16804300E-02
 0.17445634E-02
 0.16900114E-02
 0.16138048E-02
 0.16025655E-02
 0.16078219E-02
 0.16168050E-02
 0.15520887E-02
 0.13631553E-02
 0.13033066E-02
 0.13066009E-02
 0.13061869E-02
 0.12615398E-02
 0.12454998E-02
 0.11774877E-02
 0.10951213E-02
 0.10106633E-02
 0.95973559E-03
 0.93119061E-03
 0.93477796E-03
 0.96487006E-03
 0.95260583E-03
 0.92368794E-03
 0.96537842E-03
 0.97873562E-03
 0.10286832E-02
 0.10618257E-02
 0.99742348E-03
 0.10457449E-02
 0.10792995E-02
 0.10560110E-02
 0.10879449E-02
 0.11623106E-02
 0.12189718E-02
 0.12790604E-02
 0.13153480E-02
 0.12130050E-02
 0.11060703E-02
 0.10841075E-02
 0.10173442E-02
 0.92563522E-03
 0.96130087E-03
 0.88879488E-03
 0.88121721E-03
 0.87209691E-03
 0.82323255E-03
 0.82342235E-03
 0.90894673E-03
 0.98271766E-03
 0.10083170E-02
 0.11070874E-02
 0.11583296E-02
 0.12628642E-02
 0.12064331E-02
 0.12584369E-02
 0.12584319E-02
 0.11594699E-02
 0.11011313E-02
 0.11587535E-02
 0.11649018E-02
 0.11128932E-02
 0.10563693E-02
 0.97709730E-03
 0.90982378E-03
 0.88221647E-03
 0.80763218E-03
 0.76808863E-03
 0.73345272E-03
 0.74180576E-03
 0.74200515E-03
 0.70805532E-03
 0.67275607E-03
 0.66529554E-03
 0.65310033E-03
 0.67294314E-03
 0.69310889E-03
 0.72961008E-03
 0.77446059E-03
 0.84454633E-03
 0.90706078E-03
 0.96755128E-03
 0.10048448E-02
 0.10373102E-02
 0.11255052E-02
 0.11623869E-02
 0.11989133E-02
 0.12593665E-02
 0.11412510E-02
 0.94886883E-03
 0.90360955E-03
 0.93507001E-03
 0.95704936E-03
 0.10405872E-02
 0.10422236E-02
 0.95188392E-03
 0.90720563E-03
 0.91572330E-03
 0.91200976E-03
 0.96627620E-03
 0.98258636E-03
 0.96138226E-03
 0.10739742E-02
 0.11175967E-02
 0.11244502E-02
 0.10933526E-02
 0.10848576E-02
 0.11139620E-02
 0.11465204E-02
 0.11409016E-02
 0.10669108E-02
 0.10241770E-02
 0.99151304E-03
 0.10315075E-02
 0.10516261E-02
 0.10631970E-02
 0.11060994E-02
 0.10709550E-02
 0.11128356E-02
 0.11504065E-02
 0.10929020E-02
 0.10728749E-02
 0.11047717E-02
 0.10156394E-02
 0.96400780E-03
 0.90519914E-03
 0.84490586E-03
 0.85022288E-03
 0.84659818E-03
 0.98422366E-03
 0.10292111E-02
 0.94336145E-03
 0.88978095E-03
 0.74629968E-03
 0.66334147E-03
 0.60615921E-03
 0.63368407E-03
 0.65174433E-03
 0.74858960E-03
 0.78548915E-03
 0.79772187E-03
 0.78183241E-03
 0.75405594E-03
 0.79470434E-03
 0.86640610E-03
 0.90240856E-03
 0.93785270E-03
 0.11010848E-02
 0.11838646E-02
 0.11950696E-02
 0.12151753E-02
 0.12940201E-02
 0.14934982E-02
 0.16341244E-02
 0.16724649E-02
 0.17719415E-02
 0.18218903E-02
 0.18548490E-02
 0.18338962E-02
 0.17063691E-02
 0.17095437E-02
 0.17864072E-02
 0.20469670E-02
 0.22841922E-02
 0.24397340E-02
 0.24645162E-02
 0.23744155E-02
 0.23424810E-02
 0.23759533E-02
 0.21496322E-02
 0.21199789E-02
 0.21360504E-02
 0.22228915E-02
 0.21270660E-02
 0.19313913E-02
 0.17936066E-02
 0.16783760E-02
 0.15112808E-02
 0.14985785E-02
 0.15118382E-02
 0.14874255E-02
 0.14716289E-02
 0.14613322E-02
 0.12917621E-02
 0.12451754E-02
 0.11823958E-02
 0.11317494E-02
 0.10329561E-02
 0.10097508E-02
 0.10065551E-02
 0.10042553E-02
 0.10013250E-02
 0.10176720E-02
 0.10193397E-02
 0.10251972E-02
 0.10612810E-02
 0.11537983E-02
 0.11777964E-02
 0.12126874E-02
 0.11186713E-02
 0.11418537E-02
 0.11541428E-02
 0.11286052E-02
 0.11129620E-02
 0.10683177E-02
 0.11486222E-02
 0.10922019E-02
 0.10552255E-02
 0.96127781E-03
 0.92014607E-03
 0.90824021E-03
 0.84144357E-03
 0.71097408E-03
 0.64541970E-03
 0.60745368E-03
 0.56461555E-03
 0.56438587E-03
 0.54969966E-03
 0.52747395E-03
 0.50054320E-03
 0.50052314E-03
 0.46575926E-03
 0.48366620E-03
 0.46542261E-03
 0.41623204E-03
 0.39095899E-03
 0.41688733E-03
 0.44173079E-03
 0.39633213E-03
 0.39760234E-03
 0.39499273E-03
 0.38317852E-03
 0.38470857E-03
 0.41955453E-03
 0.44302926E-03
 0.54597726E-03
 0.60854573E-03
 0.65710426E-03
 0.64112797E-03
 0.62345884E-03
 0.73563850E-03
 0.80012294E-03
 0.76840976E-03
 0.75414469E-03
 0.83342639E-03
 0.90221908E-03
 0.77127592E-03
 0.71829094E-03
 0.78740340E-03
 0.88527808E-03
 0.87100316E-03
 0.78648292E-03
 0.77037682E-03
 0.76623981E-03
 0.75917781E-03
 0.68035324E-03
 0.61622251E-03
 0.66918818E-03
 0.61756451E-03
 0.54119522E-03
 0.54556817E-03
 0.50092216E-03
 0.47523636E-03
 0.53510338E-03
 0.58399879E-03
 0.55992537E-03
 0.51708475E-03
 0.46573893E-03
 0.44741228E-03
 0.38277099E-03
 0.35269340E-03
 0.34693292E-03
 0.35591847E-03
 0.33947818E-03
 0.28018833E-03
 0.25454153E-03
 0.25432321E-03
 0.26472696E-03
 0.26582917E-03
 0.24993402E-03
 0.22669036E-03
 0.22050955E-03
 0.21550404E-03
 0.21421600E-03
 0.21025527E-03
 0.20671855E-03
 0.20251865E-03
 0.20098723E-03
 0.20245204E-03
 0.20477996E-03
 0.20727546E-03
 0.21195537E-03
 0.21157969E-03
 0.20865278E-03
 0.20787702E-03
 0.20546189E-03
 0.20380789E-03
 0.20410848E-03
 0.21298572E-03
 0.19707703E-03
 0.18644854E-03
 0.18587434E-03
 0.18308081E-03
 0.17757441E-03
 0.17454888E-03
 0.17376167E-03
 0.17394506E-03
 0.17466859E-03
 0.17420703E-03
 0.17467953E-03
 0.17647082E-03
 0.18873199E-03
 0.21260615E-03
 0.26231748E-03
 0.23381505E-03
 0.19995342E-03
 0.19083664E-03
 0.17517594E-03
 0.16423900E-03
 0.15701628E-03
 0.15562019E-03
 0.15954537E-03
 0.15338244E-03
 0.14081235E-03
 0.13214014E-03
 0.12692664E-03
 0.12364891E-03
 0.12082324E-03
 0.11837894E-03
 0.11719773E-03
 0.11657928E-03
 0.11635660E-03
 0.11671856E-03
 0.11839667E-03
 0.12087441E-03
 0.12337468E-03
 0.12593492E-03
 0.12852275E-03
 0.13013640E-03
 0.13150585E-03
 0.13379859E-03
 0.13670393E-03
 0.14038921E-03
 0.14518274E-03
 0.15096890E-03
 0.15724849E-03
 0.16132494E-03
 0.16392758E-03
 0.16730349E-03
 0.17052784E-03
 0.17395946E-03
 0.17988785E-03
 0.18667304E-03
 0.19283567E-03
 0.19962012E-03
 0.20713481E-03
 0.21423663E-03
 0.22112130E-03
 0.23112450E-03
 0.24462287E-03
 0.26359711E-03
 0.28497846E-03
 0.30862954E-03
 0.33293484E-03
 0.36774224E-03
 0.41586012E-03
 0.45911681E-03
 0.50197290E-03
 0.53515618E-03
 0.55392264E-03
 0.57482531E-03
 0.59695070E-03
 0.61563585E-03
 0.63718700E-03
 0.64877361E-03
 0.66878300E-03
 0.68624571E-03
 0.71885975E-03
 0.79490567E-03
 0.85160598E-03
 0.95789198E-03
 0.97881869E-03
 0.83794918E-03
 0.70137481E-03
 0.68230498E-03
 0.67053109E-03
 0.65826358E-03
 0.66531132E-03
 0.67319239E-03
 0.69295089E-03
 0.72817473E-03
 0.78501513E-03
 0.87103603E-03
 0.94044164E-03
 0.10428695E-02
 0.13886647E-02
 0.15141861E-02
 0.13529004E-02
 0.12418987E-02
 0.11761511E-02
 0.12075896E-02
 0.11767240E-02
 0.12444950E-02
 0.13773953E-02
 0.15943551E-02
 0.16724531E-02
 0.15441597E-02
 0.15214058E-02
 0.16468473E-02
 0.19096237E-02
 0.20871489E-02
 0.22575742E-02
 0.25570223E-02
 0.32827403E-02
 0.40028935E-02
 0.45434056E-02
 0.63677246E-02
 0.79918739E-02
 0.78282141E-02
 0.75201072E-02
 0.98324922E-02
 0.99563446E-02
 0.82011286E-02
 0.56409743E-02
 0.64553294E-02
 0.85368874E-02
 0.39397095E-02
 0.22869172E-02
 0.18098476E-02
 0.45616947E-02
 0.31952665E-02
 0.00000000E+00
 0.00000000E+00
 0.00000000E+00
 0.00000000E+00
 0.00000000E+00
 0.00000000E+00
 0.00000000E+00
 0.10642334E-01
 0.27846951E-02
 0.19822669E-02
 0.89682453E-02
 0.27914619E-02
 0.67236301E-01
 0.19359607E-04
 0.70250563E-04
 0.24055559E-04
 0.84906927E-04
 0.12679568E-03
 0.50777645E-04
 0.33650886E-03
 0.18584125E-04
 0.20670167E-04
 0.27265492E-03
 0.37172723E-04
 0.42825658E-03
 0.18706604E-05
 0.46252156E-04
 0.76326363E-04
 0.99451390E-04
 0.23469183E-04
 0.71064390E-04
 0.20655351E-04
 0.12697162E-04
 0.15812219E-04
 0.15332084E-03
 0.18648821E-03
 0.20653070E-03
 0.59587097E-05
 0.72317843E-05
 0.12445500E-04
 0.19003813E-03
 0.16802776E-03
 0.59835911E-05
 0.43103731E-04
 0.11986669E-04
 0.24278488E-03
 0.25968415E-03
 0.53338606E-04
 0.25419924E-04
 0.63756816E-04
 0.25830441E-03
 0.54860085E-04
 0.42835732E-03
 0.68044961E-04
 0.17748799E-03
 0.70674910E-04
 0.17971612E-03
 0.24498543E-03
 0.65545055E-04
 0.11994555E-03
 0.29271983E-03
 0.74906991E-04
 0.57525885E-04
 0.47094824E-04
 0.43195405E-04
 0.22144756E-03
 0.12824818E-03
 0.38405135E-03
 0.30738708E-03
 0.10711052E-04
 0.28014692E-03
 0.18178072E-03
 0.31847922E-03
 0.19464912E-03
 0.82042336E-04
 0.32653228E-03
 0.11071869E-03
 0.70797769E-04
 0.16074934E-03
 0.20090535E-05
 0.13753641E-03
 0.12571065E-04
 0.17884072E-03
 0.20203885E-03
 0.14247220E-03
 0.97599196E-04
 0.30279138E-03
 0.14753766E-03
 0.25681490E-04
 0.65474933E-04
 0.13820271E-03
 0.20123861E-03
 0.22581822E-03
 0.11270127E-03
 0.10869054E-03
 0.88261279E-04
 0.97872156E-04
 0.11208127E-03
 0.53776196E-05
 0.34357111E-04
 0.11844373E-03
 0.22880166E-04
 0.45106694E-04
 0.49439504E-04
 0.36874030E-03
 0.18594557E-04
 0.94967640E-04
 0.57431178E-04
 0.11388972E-03
 0.80725969E-04
 0.21672997E-03
 0.15645971E-04
 0.32563875E-04
 0.65271049E-04
 0.18832112E-03
 0.19064130E-03
 0.50909090E-04
 0.10915314E-03
 0.83516091E-04
 0.13211341E-03
 0.10908028E-03
 0.89194642E-04
 0.29806158E-05
 0.14034564E-04
 0.31208424E-03
 0.43871769E-05
 0.11496134E-03
 0.15999169E-05
 0.34055389E-03
 0.84348405E-04
 0.52978384E-05
 0.66268912E-04
 0.19911160E-03
 0.81809453E-05
 0.18216809E-03
 0.18124381E-03
 0.21364175E-05
 0.32665100E-05
 0.30491599E-04
 0.11868481E-04
 0.29786598E-04
 0.15497052E-03
 0.18696713E-03
 0.23263819E-03
 0.14223526E-05
 0.57560751E-04
 0.28068446E-03
 0.26923337E-04
 0.86695439E-04
 0.40417891E-04
 0.13656809E-04
 0.14743169E-04
 0.15025391E-04
 0.25001510E-03
 0.96802819E-04
 0.93655459E-04
 0.14874784E-03
 0.35984847E-03
 0.22332747E-03
 0.14800728E-03
 0.29802163E-03
 0.10652223E-04
 0.12054375E-03
 0.53267453E-03
 0.52025078E-04
 0.24650212E-03
 0.19746748E-03
 0.60566565E-04
 0.17294829E-04
 0.59365693E-04
 0.43015543E-03
 0.12585554E-03
 0.18048839E-03
 0.10599566E-03
 0.93140887E-04
 0.25457655E-03
 0.26556592E-03
 0.27813795E-03
 0.33317387E-04
 0.14854959E-03
 0.17708926E-05
 0.73262362E-05
 0.34890553E-04
 0.44976029E-03
 0.18221175E-05
 0.36644320E-05
 0.25813028E-03
 0.84279944E-05
 0.20825058E-04
 0.29785434E-03
 0.32859671E-04
 0.26860595E-03
 0.55189896E-03
 0.17716180E-03
 0.30196119E-03
 0.56576666E-03
 0.82237029E-04
 0.65676526E-05
 0.41390818E-04
 0.25516678E-04
 0.13818494E-03
 0.43399465E-03
 0.16842903E-03
 0.16261387E-03
 0.41279620E-03
 0.17512420E-03
 0.10862460E-04
 0.47904036E-04
 0.17768957E-03
 0.27782064E-04
 0.99121573E-04
 0.92732162E-04
 0.63155755E-04
 0.18632938E-03
 0.74766952E-03
 0.21237669E-03
 0.44682825E-03
 0.18554505E-03
 0.14625813E-03
 0.29309252E-03
 0.34420321E-03
 0.25585194E-03
 0.45369911E-03
 0.27529657E-03
 0.56868277E-03
 0.40080947E-03
 0.10216836E-03
 0.37941786E-04
 0.12849593E-03
 0.43985343E-04
 0.35518263E-04
 0.69482347E-03
 0.43302007E-03
 0.12427719E-02
 0.23365790E-03
 0.10892873E-04
 0.22949760E-04
 0.23025697E-03
 0.49194690E-04
 0.41438771E-05
 0.68301115E-05
 0.13459657E-03
 0.12376807E-02
 0.48581115E-03
