9.000000000000e-01
8.997422280972e-01
9.000889216813e-01
8.999627248413e-01
9.000036301966e-01
9.000176424469e-01
9.000088883115e-01
9.000035534751e-01
9.000024953561e-01
9.000015919005e-01
9.000014543435e-01
9.000014099699e-01
8.999977711881e-01
8.999959266254e-01
8.999961013939e-01
8.999947834911e-01
8.999942467038e-01
8.999938444806e-01
8.999940399574e-01
8.999940744120e-01
8.999958718450e-01
8.999971041726e-01
8.999982460194e-01
8.999996579568e-01
8.999990570384e-01
8.999994509042e-01
8.999993606774e-01
8.999985817793e-01
8.999986646866e-01
8.999994074487e-01
8.999995121629e-01
8.999993574836e-01
8.999987110130e-01
9.000006421784e-01
9.000015565586e-01
9.000009060596e-01
9.000008496909e-01
9.000007874353e-01
9.000011752436e-01
9.000015670245e-01
9.000026679825e-01
9.000035296430e-01
9.000031800784e-01
9.000036515840e-01
9.000040541030e-01
9.000053101743e-01
9.000054569398e-01
9.000053730859e-01
9.000044827462e-01
9.000040855035e-01
9.000040519516e-01
9.000042088006e-01
9.000041637350e-01
9.000041805387e-01
9.000048367893e-01
9.000047179232e-01
9.000047014285e-01
9.000048640987e-01
9.000048486571e-01
9.000048908421e-01
9.000046695630e-01
9.000047800708e-01
9.000054582598e-01
9.000058502517e-01
9.000054405667e-01
9.000048940144e-01
9.000049306835e-01
9.000051198224e-01
9.000053386241e-01
9.000057739766e-01
9.000055984233e-01
9.000056803575e-01
9.000055465749e-01
9.000052215332e-01
9.000047063836e-01
9.000044818409e-01
9.000043389544e-01
9.000037065824e-01
9.000033019689e-01
9.000034666711e-01
9.000027718647e-01
9.000027396468e-01
9.000023539465e-01
9.000022090289e-01
9.000027713791e-01
9.000029555267e-01
9.000026430292e-01
9.000022160726e-01
9.000019153105e-01
9.000010583235e-01
9.000005078868e-01
9.000003334431e-01
9.000003498430e-01
9.000003105766e-01
8.999999113797e-01
9.000000902980e-01
9.000002641715e-01
9.000000505090e-01
9.000001223091e-01
9.000004689519e-01
8.999999617065e-01
8.999990370377e-01
8.999981481188e-01
8.999981741402e-01
8.999984204902e-01
8.999989053855e-01
8.999985617091e-01
8.999982328181e-01
8.999983446457e-01
8.999980723313e-01
8.999977981982e-01
8.999981426989e-01
8.999977181322e-01
8.999975071734e-01
8.999973615391e-01
8.999969492299e-01
8.999968429444e-01
8.999988000764e-01
8.999986470151e-01
8.999985970146e-01
8.999982339190e-01
8.999981710301e-01
8.999981517042e-01
8.999983686077e-01
8.999986066010e-01
8.999982073185e-01
8.999987155321e-01
8.999985856419e-01
8.999983294721e-01
8.999989071729e-01
8.999986845492e-01
8.999985800659e-01
8.999987917156e-01
8.999989638202e-01
8.999991174188e-01
8.999987463812e-01
8.999982186813e-01
8.999984509687e-01
8.999993136461e-01
9.000001148715e-01
9.000000719152e-01
8.999992631868e-01
8.999985857667e-01
8.999991577961e-01
8.999989505092e-01
8.999988696365e-01
8.999987006021e-01
8.999982096456e-01
8.999993318767e-01
8.999997070413e-01
8.999995001439e-01
8.999993486793e-01
8.999987622196e-01
8.999982666875e-01
8.999983943221e-01
8.999986671676e-01
8.999980781322e-01
8.999972088133e-01
8.999962291751e-01
8.999957342311e-01
8.999961013150e-01
8.999964507779e-01
8.999963487392e-01
8.999957598641e-01
8.999944256115e-01
8.999932449353e-01
8.999937408701e-01
8.999941379982e-01
8.999936885545e-01
8.999935389509e-01
8.999941205606e-01
8.999943895527e-01
8.999935055152e-01
8.999929777782e-01
8.999927131876e-01
8.999924667788e-01
8.999922218220e-01
8.999916090124e-01
8.999913977835e-01
8.999912592972e-01
8.999912060181e-01
8.999900988903e-01
8.999892216526e-01
8.999891139631e-01
8.999889583104e-01
8.999879667490e-01
8.999870443577e-01
8.999864055302e-01
8.999860349202e-01
8.999851868467e-01
8.999846368352e-01
8.999838261536e-01
8.999832425436e-01
8.999824880583e-01
8.999822545273e-01
8.999817154855e-01
8.999812839539e-01
8.999816995120e-01
8.999811913027e-01
8.999802951131e-01
8.999799612757e-01
8.999796912313e-01
8.999797457320e-01
8.999799391908e-01
8.999811960541e-01
8.999821894360e-01
8.999814990383e-01
8.999815604613e-01
8.999817984063e-01
8.999823741946e-01
8.999828625883e-01
8.999831720733e-01
8.999825677013e-01
8.999828735386e-01
8.999837148981e-01
8.999835549456e-01
8.999836449485e-01
8.999832746023e-01
8.999839278566e-01
8.999833432725e-01
8.999834663719e-01
8.999838049376e-01
8.999841757808e-01
8.999845157967e-01
8.999850121354e-01
8.999857523980e-01
8.999863362633e-01
8.999866203286e-01
8.999860897401e-01
8.999860938012e-01
8.999862353715e-01
8.999864616375e-01
8.999867117392e-01
8.999872771703e-01
8.999881465646e-01
8.999878198907e-01
8.999883558404e-01
8.999889011501e-01
8.999898338657e-01
8.999909176033e-01
8.999916957415e-01
8.999928726546e-01
8.999937494925e-01
8.999940805824e-01
8.999943898237e-01
8.999949067349e-01
8.999951712883e-01
8.999959606932e-01
8.999975221398e-01
8.999986662177e-01
8.999987975059e-01
8.999987459721e-01
8.999987595589e-01
8.999985781611e-01
8.999990488720e-01
8.999994396796e-01
8.999994431907e-01
8.999989802715e-01
8.999991217604e-01
8.999996395385e-01
9.000001299651e-01
9.000000040251e-01
8.999993939914e-01
8.999994158839e-01
8.999998921174e-01
9.000001451398e-01
8.999997295761e-01
8.999996313262e-01
8.999997782628e-01
8.999993165116e-01
8.999991350981e-01
8.999991274733e-01
8.999989955214e-01
8.999983420184e-01
8.999980572650e-01
8.999979225628e-01
8.999980446449e-01
8.999981962637e-01
8.999985250666e-01
8.999989329006e-01
8.999987932919e-01
8.999988505918e-01
8.999986144277e-01
8.999981004669e-01
8.999985904696e-01
8.999985755734e-01
8.999982378902e-01
8.999984765241e-01
8.999990356363e-01
8.999993186605e-01
8.999994320679e-01
8.999993118680e-01
8.999992422103e-01
8.999995995627e-01
8.999994651423e-01
8.999992608108e-01
8.999990610752e-01
8.999995157890e-01
8.999994193094e-01
8.999995913569e-01
8.999998806067e-01
8.999999207115e-01
9.000002534849e-01
8.999993877655e-01
8.999985422490e-01
8.999983455261e-01
8.999989044657e-01
8.999991162870e-01
8.999996280361e-01
9.000000553813e-01
9.000005065473e-01
9.000004947457e-01
9.000003755989e-01
9.000009725205e-01
9.000010783415e-01
9.000015487808e-01
9.000017339505e-01
9.000016089386e-01
9.000011292225e-01
9.000007762582e-01
9.000011307805e-01
9.000012443267e-01
9.000014262724e-01
9.000019720176e-01
9.000021819753e-01
9.000017667268e-01
9.000015864830e-01
9.000017746257e-01
9.000020040093e-01
9.000018187823e-01
9.000019976520e-01
9.000021833063e-01
9.000023334700e-01
9.000024215176e-01
9.000024372862e-01
9.000022403600e-01
9.000020640126e-01
9.000019540673e-01
9.000019326291e-01
9.000017263336e-01
9.000018857427e-01
9.000015102320e-01
9.000013138585e-01
9.000011990833e-01
9.000012388176e-01
9.000009762765e-01
9.000007807929e-01
9.000009647228e-01
9.000010358865e-01
9.000012399699e-01
9.000013407783e-01
9.000012334911e-01
9.000012113377e-01
9.000010840149e-01
9.000014956581e-01
9.000013543528e-01
9.000012584399e-01
9.000012319298e-01
9.000014653162e-01
9.000016231842e-01
9.000017229242e-01
9.000015112527e-01
9.000015718363e-01
9.000016177140e-01
9.000014679938e-01
9.000016013697e-01
9.000015156110e-01
9.000010524270e-01
9.000014728638e-01
9.000018407122e-01
9.000020580831e-01
9.000019422365e-01
9.000020503473e-01
9.000022291871e-01
9.000023463991e-01
9.000022204633e-01
9.000022772322e-01
9.000022515187e-01
9.000022683195e-01
9.000023613028e-01
9.000024573454e-01
9.000023940411e-01
9.000022412995e-01
9.000021342009e-01
9.000028265022e-01
9.000029609550e-01
9.000029858221e-01
9.000033789217e-01
9.000034249878e-01
9.000031938155e-01
9.000027824505e-01
9.000023602769e-01
9.000020624655e-01
9.000021216553e-01
9.000022236035e-01
9.000020034645e-01
9.000019394429e-01
9.000015724527e-01
9.000015783833e-01
9.000014037438e-01
9.000014479652e-01
9.000011498903e-01
9.000011050249e-01
9.000011282828e-01
9.000013465910e-01
9.000013478668e-01
9.000016099778e-01
9.000019149332e-01
9.000013532825e-01
9.000013133598e-01
9.000014492567e-01
9.000011614080e-01
9.000008518497e-01
9.000003125564e-01
8.999996535908e-01
8.999992479579e-01
8.999992697583e-01
8.999994526479e-01
8.999996089138e-01
8.999994974782e-01
8.999991296699e-01
8.999984703474e-01
8.999982663984e-01
8.999981713683e-01
8.999983979982e-01
8.999987478432e-01
8.999986042217e-01
8.999984555194e-01
8.999983157288e-01
8.999983248442e-01
8.999984053767e-01
8.999984793208e-01
8.999985677727e-01
8.999983696091e-01
8.999986056156e-01
8.999984851294e-01
8.999987755821e-01
8.999988548812e-01
8.999983832591e-01
8.999987164321e-01
8.999984586944e-01
8.999980402529e-01
8.999978043434e-01
8.999981276796e-01
8.999981106920e-01
8.999981753925e-01
8.999980334344e-01
8.999979836194e-01
8.999977726791e-01
8.999976975007e-01
8.999978842459e-01
8.999980837799e-01
8.999978960676e-01
8.999976670941e-01
8.999973907820e-01
8.999980471205e-01
8.999982204421e-01
8.999984118318e-01
8.999986842453e-01
8.999988880992e-01
8.999986223656e-01
8.999986103592e-01
8.999988186339e-01
8.999988877825e-01
8.999989729393e-01
8.999987392511e-01
8.999988255019e-01
8.999986746879e-01
8.999983289904e-01
8.999983531629e-01
8.999977730380e-01
8.999975066142e-01
8.999976210323e-01
8.999976966931e-01
8.999977916086e-01
8.999975241544e-01
8.999975301342e-01
8.999976840577e-01
8.999974831151e-01
8.999971073754e-01
8.999975134809e-01
8.999978690041e-01
8.999983247903e-01
8.999982319756e-01
8.999985797957e-01
8.999989546000e-01
8.999989472166e-01
8.999992781455e-01
8.999988590888e-01
8.999991516390e-01
8.999999917711e-01
9.000006845281e-01
9.000009191926e-01
9.000010985168e-01
9.000008090075e-01
9.000007067927e-01
9.000006276285e-01
9.000006937429e-01
9.000005606440e-01
9.000006095874e-01
9.000001128579e-01
8.999999724754e-01
8.999997860213e-01
8.999997750693e-01
8.999998229237e-01
8.999995609996e-01
8.999993071660e-01
8.999991338920e-01
8.999988066398e-01
8.999989898238e-01
8.999989932692e-01
8.999987385315e-01
8.999990513298e-01
8.999991223782e-01
8.999988671547e-01
8.999989176559e-01
8.999986573766e-01
8.999986435265e-01
8.999985515406e-01
8.999988303436e-01
8.999992316154e-01
8.999994681584e-01
9.000000072927e-01
9.000003188530e-01
9.000001198808e-01
8.999996597785e-01
8.999992947062e-01
8.999990689212e-01
8.999993415209e-01
8.999994632471e-01
8.999992036062e-01
8.999990804962e-01
8.999992126136e-01
8.999986441843e-01
8.999984949372e-01
8.999984000538e-01
8.999984945551e-01
8.999985349177e-01
8.999983632459e-01
8.999986494290e-01
8.999989154643e-01
8.999991146724e-01
8.999990183911e-01
8.999989442499e-01
8.999988518117e-01
8.999988369857e-01
8.999989221520e-01
8.999989352876e-01
8.999993369895e-01
8.999994538342e-01
8.999988395337e-01
8.999985651559e-01
8.999986833041e-01
8.999988693041e-01
8.999990134440e-01
8.999988513528e-01
8.999990726246e-01
8.999992617003e-01
8.999994182887e-01
8.999992909970e-01
8.999990059327e-01
8.999990403436e-01
8.999991881621e-01
8.999991959852e-01
8.999993275907e-01
8.999994224579e-01
8.999996894747e-01
8.999993053075e-01
8.999991132539e-01
8.999992494967e-01
8.999990682650e-01
8.999993499261e-01
8.999994513165e-01
8.999994287345e-01
8.999994790273e-01
8.999998232638e-01
8.999999707720e-01
8.999996202024e-01
8.999995726973e-01
8.999995532161e-01
8.999992756293e-01
8.999991456941e-01
8.999990505091e-01
8.999992196074e-01
8.999989059926e-01
8.999990190407e-01
8.999992184178e-01
8.999991694859e-01
8.999993140338e-01
8.999995668089e-01
8.999992197411e-01
8.999996276390e-01
8.999998788086e-01
9.000001054676e-01
9.000000377381e-01
9.000000847416e-01
9.000000758271e-01
9.000001451032e-01
9.000001223224e-01
8.999998879739e-01
8.999996945292e-01
8.999995250565e-01
8.999989857523e-01
8.999991410362e-01
8.999992915384e-01
8.999989998723e-01
8.999991962661e-01
8.999994160785e-01
8.999996902373e-01
8.999998534834e-01
8.999993004677e-01
8.999989798807e-01
8.999985079201e-01
8.999980955100e-01
8.999980336133e-01
8.999983240876e-01
8.999987709239e-01
8.999991381824e-01
8.999993545536e-01
8.999991256089e-01
8.999989415318e-01
8.999989888760e-01
8.999989305578e-01
8.999990703909e-01
8.999988823476e-01
8.999984547902e-01
8.999984106730e-01
8.999982322663e-01
8.999982687042e-01
8.999982569968e-01
8.999980580884e-01
8.999977469021e-01
8.999978375930e-01
8.999982707158e-01
8.999980499999e-01
8.999974726564e-01
8.999975125273e-01
8.999971634969e-01
8.999967153289e-01
8.999966943600e-01
8.999964575893e-01
8.999963138122e-01
8.999961169956e-01
8.999962223969e-01
8.999963294711e-01
8.999968139253e-01
8.999967341486e-01
8.999966446408e-01
8.999967065857e-01
8.999971825271e-01
8.999970271917e-01
8.999969214046e-01
8.999967715570e-01
8.999964860546e-01
8.999970013379e-01
8.999975835678e-01
8.999970800501e-01
8.999968492965e-01
8.999969377625e-01
8.999969609838e-01
8.999967731893e-01
8.999968182427e-01
8.999966033845e-01
8.999966816925e-01
8.999964749176e-01
8.999962554043e-01
8.999963762293e-01
8.999964446590e-01
8.999963604944e-01
8.999963054816e-01
8.999967222055e-01
8.999971024584e-01
8.999974130621e-01
8.999977456989e-01
8.999977889717e-01
8.999978809817e-01
8.999972887952e-01
8.999972976099e-01
8.999978533575e-01
8.999980549067e-01
8.999976102697e-01
8.999972653395e-01
8.999972419794e-01
8.999975935202e-01
8.999977990352e-01
8.999981759900e-01
8.999983203975e-01
8.999982857098e-01
8.999981623714e-01
8.999978369116e-01
8.999972527258e-01
8.999971205738e-01
8.999969115115e-01
8.999964260190e-01
8.999963628944e-01
8.999967035133e-01
8.999971575308e-01
8.999968228089e-01
8.999972923950e-01
8.999974751468e-01
8.999973221172e-01
8.999972095278e-01
8.999968324036e-01
8.999968516225e-01
8.999974595794e-01
8.999979342628e-01
8.999978497173e-01
8.999976302638e-01
8.999976104145e-01
8.999973337957e-01
8.999971222410e-01
8.999973353162e-01
8.999975095578e-01
8.999975959001e-01
8.999975507016e-01
8.999974747790e-01
8.999975016466e-01
8.999971556323e-01
8.999972253864e-01
8.999972666034e-01
8.999973627554e-01
8.999974028857e-01
8.999978216556e-01
8.999983642941e-01
8.999984303159e-01
8.999984706301e-01
8.999989043206e-01
8.999989068715e-01
8.999993549118e-01
8.999999426083e-01
9.000003152463e-01
9.000005387898e-01
9.000008880926e-01
9.000011259825e-01
9.000012783034e-01
9.000014660143e-01
9.000018941424e-01
9.000021629316e-01
9.000021078341e-01
9.000019367679e-01
9.000018589726e-01
9.000017723679e-01
9.000018394930e-01
9.000020487784e-01
9.000020128329e-01
9.000021758352e-01
9.000020028935e-01
9.000021237802e-01
9.000022934414e-01
9.000022541078e-01
9.000019619793e-01
9.000018343950e-01
9.000017835546e-01
9.000020049763e-01
9.000017617076e-01
9.000014286552e-01
9.000017236916e-01
9.000016710972e-01
9.000016903909e-01
9.000019342022e-01
9.000018828967e-01
9.000016132066e-01
9.000013835700e-01
9.000012948972e-01
9.000013189680e-01
9.000011987928e-01
9.000012656568e-01
9.000013068993e-01
9.000013068014e-01
9.000011552343e-01
9.000015201666e-01
9.000013335657e-01
9.000012076029e-01
9.000012542032e-01
9.000017682444e-01
9.000017364327e-01
9.000014663174e-01
9.000013702659e-01
9.000013947759e-01
9.000012627975e-01
9.000012254387e-01
9.000012156649e-01
9.000012485825e-01
9.000010384791e-01
9.000009076376e-01
9.000008972549e-01
9.000006642652e-01
9.000003219643e-01
8.999998915124e-01
9.000000144098e-01
9.000003870456e-01
9.000004542088e-01
9.000004488666e-01
9.000004029181e-01
9.000001846097e-01
9.000002178043e-01
9.000006153174e-01
9.000005062258e-01
9.000004013339e-01
9.000003980458e-01
9.000003091441e-01
8.999998818906e-01
8.999998162730e-01
8.999998202144e-01
8.999995826594e-01
8.999994627245e-01
8.999989708624e-01
8.999990131757e-01
8.999995269824e-01
8.999997697570e-01
8.999995743323e-01
8.999995031475e-01
8.999993780251e-01
8.999990825008e-01
8.999989905557e-01
8.999991041897e-01
8.999989882837e-01
8.999988618439e-01
8.999992736002e-01
8.999992547097e-01
8.999990448069e-01
8.999992467644e-01
8.999994362910e-01
8.999998862071e-01
8.999999916574e-01
8.999997172294e-01
8.999997247592e-01
8.999999552224e-01
9.000000039161e-01
8.999999582915e-01
8.999999139901e-01
9.000001077806e-01
9.000002648594e-01
9.000002636888e-01
9.000002111036e-01
9.000002381297e-01
9.000003853893e-01
9.000004402614e-01
9.000005362942e-01
9.000006790773e-01
9.000011239380e-01
9.000009528968e-01
9.000011325573e-01
9.000012528495e-01
9.000011789136e-01
9.000014829720e-01
9.000013872995e-01
9.000013345751e-01
9.000016531423e-01
9.000021136342e-01
9.000020714287e-01
9.000019572415e-01
9.000020313754e-01
9.000023700986e-01
9.000024841574e-01
9.000022987620e-01
9.000018459673e-01
9.000018555504e-01
9.000021628614e-01
9.000022106875e-01
9.000021420662e-01
9.000019933558e-01
9.000018242920e-01
9.000017017326e-01
9.000017574754e-01
9.000016674440e-01
9.000017244693e-01
9.000019459711e-01
9.000018542027e-01
9.000018909880e-01
9.000016641843e-01
9.000015368058e-01
9.000014263629e-01
9.000014573877e-01
9.000011509035e-01
9.000007599035e-01
9.000007412494e-01
9.000012568296e-01
9.000015543190e-01
9.000014196386e-01
9.000011696357e-01
9.000010293412e-01
9.000011425198e-01
9.000012217632e-01
9.000012074320e-01
9.000009116432e-01
9.000008054919e-01
9.000004661606e-01
9.000003242680e-01
9.000003397719e-01
9.000007756672e-01
9.000011894216e-01
9.000016703332e-01
9.000017632957e-01
9.000017473330e-01
9.000016607945e-01
9.000010932832e-01
9.000009797306e-01
9.000009020750e-01
9.000008711905e-01
9.000008541157e-01
9.000008196940e-01
9.000006183983e-01
9.000008070385e-01
9.000008689284e-01
9.000007223836e-01
9.000005725728e-01
9.000004550326e-01
9.000004649623e-01
9.000004049605e-01
9.000005183600e-01
9.000006534896e-01
9.000010486597e-01
9.000010864512e-01
9.000009257100e-01
9.000006954847e-01
9.000007954959e-01
9.000008350380e-01
9.000009328239e-01
9.000008699059e-01
9.000006869789e-01
9.000009486874e-01
9.000008885707e-01
9.000012526918e-01
9.000014944590e-01
9.000017321836e-01
9.000018314288e-01
9.000016704181e-01
9.000016767113e-01
9.000018046671e-01
9.000020203517e-01
9.000022908734e-01
9.000021771817e-01
9.000021358876e-01
9.000022177142e-01
9.000020792537e-01
9.000019890622e-01
9.000021547541e-01
9.000021818853e-01
9.000021342734e-01
9.000018095902e-01
9.000017642022e-01
9.000017524084e-01
9.000016485310e-01
9.000016579033e-01
9.000018319119e-01
9.000019431885e-01
9.000017209706e-01
9.000017806256e-01
9.000019602765e-01
9.000021657290e-01
9.000021219279e-01
9.000020342464e-01
9.000022928129e-01
9.000024627236e-01
9.000023432896e-01
9.000023062578e-01
9.000022962500e-01
9.000022798607e-01
9.000023089879e-01
9.000022851197e-01
9.000021485121e-01
9.000019969859e-01
9.000020749929e-01
9.000019481056e-01
9.000017028551e-01
9.000015232200e-01
9.000015873707e-01
9.000015107956e-01
9.000015224177e-01
9.000014992234e-01
9.000011372537e-01
9.000012959692e-01
9.000015688784e-01
9.000017257748e-01
9.000016797274e-01
9.000016618151e-01
9.000013023556e-01
9.000008802636e-01
9.000010126751e-01
9.000012487263e-01
9.000014063208e-01
9.000013634984e-01
9.000011341120e-01
9.000013955269e-01
9.000013286962e-01
9.000013383354e-01
9.000012058478e-01
9.000012354920e-01
9.000015617647e-01
9.000016745738e-01
9.000016075019e-01
9.000018502155e-01
9.000021618049e-01
9.000022212097e-01
9.000022006347e-01
9.000021221215e-01
9.000024938118e-01
9.000025273163e-01
9.000024616058e-01
9.000025581548e-01
9.000024667249e-01
9.000021970080e-01
9.000023005787e-01
9.000023971006e-01
9.000024013447e-01
9.000027097297e-01
9.000027544534e-01
9.000026538297e-01
9.000027733210e-01
9.000028183785e-01
9.000027436293e-01
9.000028169030e-01
9.000028864235e-01
9.000026430752e-01
9.000024949723e-01
9.000023428383e-01
9.000026507064e-01
9.000029483658e-01
9.000029215849e-01
9.000027843312e-01
9.000026057513e-01
9.000026431604e-01
9.000024351145e-01
9.000025610367e-01
9.000025897554e-01
9.000028999893e-01
9.000029822266e-01
9.000028612086e-01
9.000027191606e-01
9.000025886981e-01
9.000025241488e-01
9.000024389950e-01
9.000022917152e-01
9.000023560624e-01
9.000021717802e-01
9.000020830355e-01
9.000020257197e-01
9.000019245944e-01
9.000016423822e-01
9.000015383228e-01
9.000015018729e-01
9.000013544199e-01
9.000013900450e-01
9.000015759262e-01
9.000018225615e-01
9.000019120356e-01
9.000016656668e-01
9.000017259185e-01
9.000018613317e-01
9.000018837072e-01
9.000018841344e-01
9.000022014398e-01
9.000022487636e-01
9.000020703727e-01
9.000018210720e-01
9.000017550579e-01
9.000017562547e-01
9.000015773914e-01
9.000015191579e-01
9.000015950724e-01
9.000018347844e-01
9.000015748367e-01
9.000014439155e-01
9.000014240650e-01
9.000014339284e-01
9.000017432462e-01
9.000016854947e-01
9.000015334798e-01
9.000018499589e-01
9.000018554664e-01
9.000017947650e-01
9.000015306711e-01
9.000013613248e-01
9.000013375628e-01
9.000015237771e-01
9.000014104766e-01
9.000010349350e-01
9.000010445775e-01
9.000010567211e-01
9.000016763873e-01
9.000019176061e-01
9.000018292248e-01
9.000015534237e-01
9.000016531266e-01
9.000017314175e-01
9.000016402201e-01
9.000017980201e-01
9.000017518823e-01
9.000016162642e-01
9.000014158515e-01
9.000012968295e-01
9.000011006706e-01
9.000009706145e-01
9.000013087220e-01
9.000012417699e-01
9.000011036187e-01
9.000009910770e-01
9.000006204904e-01
9.000006273920e-01
9.000003236803e-01
9.000000010687e-01
8.999998388168e-01
8.999995212790e-01
8.999994024354e-01
8.999994627361e-01
8.999998498215e-01
8.999997406440e-01
8.999997901211e-01
8.999996413919e-01
8.999995336809e-01
8.999989378661e-01
8.999988136912e-01
8.999986174233e-01
8.999986253922e-01
8.999987472913e-01
8.999981383177e-01
8.999985234396e-01
8.999988014834e-01
8.999985569838e-01
8.999979556328e-01
8.999978398645e-01
8.999975050429e-01
8.999975999129e-01
8.999980971487e-01
8.999979112586e-01
8.999980287235e-01
8.999976667084e-01
8.999973491987e-01
8.999970110682e-01
8.999974271328e-01
8.999977507456e-01
8.999977734390e-01
8.999975070829e-01
8.999972763920e-01
8.999971236027e-01
8.999974872351e-01
8.999979808765e-01
8.999977977763e-01
8.999974704931e-01
8.999977305250e-01
8.999981770391e-01
8.999986910080e-01
8.999990759200e-01
8.999993841448e-01
8.999997156011e-01
9.000001345852e-01
9.000005164048e-01
9.000005517648e-01
9.000003488436e-01
9.000002981026e-01
9.000000604965e-01
9.000002754471e-01
9.000007865892e-01
9.000005171828e-01
9.000005230465e-01
9.000004561895e-01
9.000003989108e-01
9.000003706455e-01
9.000003597354e-01
9.000003521062e-01
8.999999448636e-01
8.999998363799e-01
8.999997294230e-01
8.999999176819e-01
8.999997750354e-01
8.999999762180e-01
9.000001312381e-01
9.000001741442e-01
8.999999123189e-01
8.999995814775e-01
8.999994997343e-01
8.999992982651e-01
8.999991328761e-01
8.999999308829e-01
9.000002887780e-01
9.000003042146e-01
9.000001445901e-01
9.000003621988e-01
9.000005949298e-01
9.000007018800e-01
9.000007130733e-01
9.000009905013e-01
9.000012068362e-01
9.000014626893e-01
9.000014628516e-01
9.000014592163e-01
9.000014028070e-01
9.000012630339e-01
9.000015546815e-01
9.000014478172e-01
9.000011891758e-01
9.000014221557e-01
9.000011941572e-01
9.000013663820e-01
9.000013433177e-01
9.000013766713e-01
9.000017244936e-01
9.000017357640e-01
9.000015515797e-01
9.000013604282e-01
9.000013402424e-01
9.000011721079e-01
9.000014162991e-01
9.000014793445e-01
9.000015843341e-01
9.000016264517e-01
9.000016736060e-01
9.000018288665e-01
9.000016749338e-01
9.000019397848e-01
9.000021598552e-01
9.000022174211e-01
9.000020615935e-01
9.000017311471e-01
9.000015361698e-01
9.000014475942e-01
9.000010946509e-01
9.000011984947e-01
9.000010127741e-01
9.000009750028e-01
9.000010776280e-01
9.000007148737e-01
9.000006356406e-01
9.000006381183e-01
9.000001415206e-01
8.999998448972e-01
8.999999388838e-01
9.000004213770e-01
9.000002561433e-01
9.000001520878e-01
9.000004042269e-01
9.000005191736e-01
9.000002897300e-01
8.999999957705e-01
8.999998237786e-01
8.999998789270e-01
9.000000636185e-01
9.000004137318e-01
9.000004632094e-01
9.000004420618e-01
9.000007788758e-01
9.000010979755e-01
9.000015129877e-01
9.000014863848e-01
9.000013820185e-01
9.000011268674e-01
9.000010877824e-01
9.000011912994e-01
9.000011613632e-01
9.000011978136e-01
9.000010342315e-01
9.000010184225e-01
9.000012502370e-01
9.000011473015e-01
9.000009573265e-01
9.000011038653e-01
9.000014057720e-01
9.000014361696e-01
9.000013050873e-01
9.000010378484e-01
9.000011027914e-01
9.000008944428e-01
9.000010065768e-01
9.000009634758e-01
9.000010716965e-01
9.000012199942e-01
9.000012881993e-01
9.000011734058e-01
9.000012564619e-01
9.000011222668e-01
9.000012633570e-01
9.000012765064e-01
9.000014136169e-01
9.000012475710e-01
9.000014995436e-01
9.000015762123e-01
9.000015223321e-01
9.000017844956e-01
9.000018269803e-01
9.000018658612e-01
9.000018675903e-01
9.000015528632e-01
9.000013503506e-01
9.000010557569e-01
9.000012078682e-01
9.000008344118e-01
9.000005741686e-01
9.000003200716e-01
9.000004764196e-01
9.000005097355e-01
9.000008198269e-01
9.000005874379e-01
9.000005143045e-01
9.000002104270e-01
8.999997770497e-01
8.999999614982e-01
9.000004138245e-01
9.000006544782e-01
9.000004177731e-01
9.000004560184e-01
9.000002342828e-01
9.000002877410e-01
9.000000591728e-01
9.000001007230e-01
9.000005927065e-01
9.000006599659e-01
9.000005902076e-01
9.000004682915e-01
9.000000760639e-01
8.999999716751e-01
9.000001700733e-01
9.000001834608e-01
9.000001139213e-01
9.000004461105e-01
9.000007381110e-01
9.000002666975e-01
8.999996422338e-01
8.999994583238e-01
8.999998073013e-01
8.999997929432e-01
8.999995751838e-01
9.000000785335e-01
9.000001926414e-01
9.000005379688e-01
9.000011173023e-01
9.000009449472e-01
9.000005095333e-01
9.000002913516e-01
9.000001974255e-01
9.000000613102e-01
9.000006379837e-01
9.000006020242e-01
9.000001169556e-01
9.000004167951e-01
9.000001707288e-01
9.000001714837e-01
9.000002941441e-01
9.000003784652e-01
9.000003682330e-01
8.999995205343e-01
8.999992506534e-01
8.999991231072e-01
8.999992061011e-01
8.999992928130e-01
8.999991657530e-01
8.999986711252e-01
8.999984584297e-01
8.999994007386e-01
9.000002351702e-01
9.000005134326e-01
9.000002860266e-01
9.000004852645e-01
9.000002209226e-01
9.000000946659e-01
9.000000275182e-01
8.999999086926e-01
8.999997430455e-01
8.999994927297e-01
9.000002226670e-01
9.000002322814e-01
9.000002036509e-01
9.000007073396e-01
9.000012099818e-01
9.000012842706e-01
9.000005069757e-01
9.000004600149e-01
9.000002677956e-01
9.000002253336e-01
9.000004277420e-01
9.000008525576e-01
9.000005858878e-01
9.000001219275e-01
9.000001179216e-01
9.000003777592e-01
9.000006645175e-01
9.000006538112e-01
9.000002594807e-01
9.000000828943e-01
9.000000473973e-01
8.999997947523e-01
8.999995274437e-01
8.999992747658e-01
8.999990851585e-01
8.999990404838e-01
8.999990970759e-01
8.999989080516e-01
8.999989102717e-01
8.999993814475e-01
8.999995006392e-01
8.999993290653e-01
8.999992835481e-01
8.999990852467e-01
8.999988478617e-01
8.999984964241e-01
8.999984451645e-01
8.999985170831e-01
8.999982042052e-01
8.999979541642e-01
8.999977011896e-01
8.999985398904e-01
8.999982107378e-01
8.999980115292e-01
8.999980043707e-01
8.999978844986e-01
8.999976105208e-01
8.999981091351e-01
8.999984918371e-01
8.999984312442e-01
8.999981373491e-01
8.999984305508e-01
8.999987094832e-01
8.999992832214e-01
8.999996094107e-01
8.999994813773e-01
8.999998641107e-01
9.000002288219e-01
9.000007180972e-01
9.000002824167e-01
9.000001205756e-01
9.000002646047e-01
9.000003948978e-01
9.000004213952e-01
9.000002624732e-01
9.000002303166e-01
9.000002012269e-01
9.000002022644e-01
9.000003808435e-01
8.999999788813e-01
8.999997347246e-01
9.000003427811e-01
9.000003013886e-01
8.999996901488e-01
8.999993293287e-01
8.999993890600e-01
8.999993828649e-01
8.999999752802e-01
9.000004878010e-01
9.000003073516e-01
9.000003681702e-01
9.000006624284e-01
9.000003513542e-01
9.000004211579e-01
9.000003817416e-01
8.999998954744e-01
8.999998726008e-01
8.999999949905e-01
8.999996828330e-01
8.999997282831e-01
8.999994469773e-01
8.999990309032e-01
8.999995110102e-01
8.999996425454e-01
8.999992281220e-01
8.999990077402e-01
8.999986872686e-01
8.999986025204e-01
8.999982743647e-01
8.999981311999e-01
8.999982855395e-01
8.999984798746e-01
8.999991898775e-01
8.999999872545e-01
9.000003437089e-01
9.000001356366e-01
8.999997045722e-01
8.999998882232e-01
9.000004748586e-01
9.000011497189e-01
9.000009866381e-01
9.000006527283e-01
8.999999543646e-01
8.999995945293e-01
8.999994493686e-01
8.999996075782e-01
8.999992564060e-01
8.999991509857e-01
8.999993602601e-01
8.999993062667e-01
8.999996804096e-01
9.000001755135e-01
8.999999654476e-01
9.000000709645e-01
9.000000026474e-01
9.000002173285e-01
9.000001484389e-01
9.000001441566e-01
9.000003795484e-01
9.000010287303e-01
9.000012624554e-01
9.000011378674e-01
9.000010521292e-01
9.000007644683e-01
9.000002426606e-01
9.000000507274e-01
8.999998255918e-01
8.999999894572e-01
9.000002823529e-01
8.999997943155e-01
9.000000299022e-01
9.000001328256e-01
8.999996814289e-01
8.999994506774e-01
8.999991947017e-01
8.999986314201e-01
8.999988947165e-01
8.999985157483e-01
8.999985943523e-01
8.999988043611e-01
8.999989273963e-01
8.999988792661e-01
8.999986687527e-01
8.999986835814e-01
8.999989197255e-01
8.999989386609e-01
8.999987449420e-01
8.999988361629e-01
8.999986542582e-01
8.999989406881e-01
8.999989504820e-01
8.999991296018e-01
8.999987637191e-01
8.999989775528e-01
8.999990722886e-01
8.999994631212e-01
8.999993855929e-01
8.999987017187e-01
8.999989653877e-01
8.999995605846e-01
8.999997703054e-01
8.999994816122e-01
8.999999654736e-01
9.000001864022e-01
8.999998112629e-01
8.999991763529e-01
8.999994677472e-01
8.999997676628e-01
9.000000368656e-01
9.000003839428e-01
9.000005443906e-01
9.000006076030e-01
9.000000202893e-01
8.999989653287e-01
8.999994921740e-01
9.000003114384e-01
9.000004134917e-01
8.999993772121e-01
8.999992071055e-01
8.999990915535e-01
8.999995796864e-01
8.999991239649e-01
8.999989802048e-01
8.999992209513e-01
8.999995470612e-01
9.000004211114e-01
9.000007977187e-01
9.000004512422e-01
8.999998815014e-01
8.999991420049e-01
8.999992402910e-01
8.999990203596e-01
8.999989011670e-01
8.999988854869e-01
8.999988052366e-01
8.999983265748e-01
8.999981450577e-01
8.999981958437e-01
8.999983930721e-01
8.999976749060e-01
8.999978865651e-01
8.999981430903e-01
8.999975081905e-01
8.999974214921e-01
8.999981759954e-01
8.999983470480e-01
8.999984253911e-01
8.999985330343e-01
8.999984793694e-01
8.999985681155e-01
8.999985307575e-01
8.999984151352e-01
8.999990660276e-01
8.999994222459e-01
8.999996274703e-01
9.000000217658e-01
9.000001201159e-01
9.000010864080e-01
9.000012206864e-01
9.000005779727e-01
9.000000629914e-01
9.000001645417e-01
8.999994958703e-01
8.999988576183e-01
8.999986060294e-01
8.999993781597e-01
8.999995729885e-01
8.999998694881e-01
8.999997766009e-01
8.999998354508e-01
8.999996775395e-01
8.999994687320e-01
8.999997226195e-01
8.999992465298e-01
8.999987768941e-01
8.999985174994e-01
8.999984400932e-01
8.999988131631e-01
8.999986600359e-01
8.999980177903e-01
8.999975599853e-01
8.999975896795e-01
8.999980803237e-01
8.999982605930e-01
8.999976330507e-01
8.999973129578e-01
8.999975768150e-01
8.999985557786e-01
8.999993956081e-01
8.999996324176e-01
9.000001600022e-01
9.000002031251e-01
8.999992058031e-01
8.999990604126e-01
9.000000948707e-01
9.000008767960e-01
9.000009755067e-01
9.000008584636e-01
9.000004985390e-01
9.000007806840e-01
9.000006530531e-01
9.000007487739e-01
9.000006695223e-01
9.000001268215e-01
9.000000106778e-01
9.000005137040e-01
9.000005785341e-01
9.000004446380e-01
8.999999647528e-01
9.000000444856e-01
8.999998547234e-01
8.999999031166e-01
8.999998680470e-01
8.999996156406e-01
8.999995674731e-01
8.999995671356e-01
8.999988757225e-01
8.999990127380e-01
8.999984373467e-01
8.999978268265e-01
8.999975975856e-01
8.999981928395e-01
8.999985335720e-01
8.999982002815e-01
8.999980359860e-01
8.999980089001e-01
8.999984256266e-01
8.999986729971e-01
8.999990305421e-01
8.999989778290e-01
8.999980330465e-01
8.999985893411e-01
8.999993542246e-01
8.999994751432e-01
8.999995167406e-01
9.000001952526e-01
9.000002874090e-01
9.000001644148e-01
9.000003633862e-01
9.000007330915e-01
9.000007090393e-01
9.000002693779e-01
9.000001236961e-01
9.000005076278e-01
9.000004232886e-01
9.000004621711e-01
9.000003485949e-01
8.999998496859e-01
9.000004064397e-01
9.000013692382e-01
9.000017481321e-01
9.000019450395e-01
9.000018902230e-01
9.000021613406e-01
9.000024180819e-01
9.000019954407e-01
9.000014537312e-01
9.000013639289e-01
9.000015106863e-01
9.000013002946e-01
9.000016499965e-01
9.000020736591e-01
9.000018089353e-01
9.000022123834e-01
9.000020114573e-01
9.000018363138e-01
9.000018441118e-01
9.000017708801e-01
9.000015249827e-01
9.000011354578e-01
9.000010034200e-01
9.000007450035e-01
9.000007250928e-01
9.000008807654e-01
9.000008526822e-01
9.000009112877e-01
9.000004338037e-01
9.000005264826e-01
9.000005680890e-01
9.000005054414e-01
8.999998531213e-01
8.999993776601e-01
9.000002095913e-01
9.000000584562e-01
9.000011476781e-01
9.000011614425e-01
9.000008399831e-01
9.000016183840e-01
9.000022772122e-01
9.000021661094e-01
9.000017182040e-01
9.000007953921e-01
9.000004708716e-01
9.000004910527e-01
9.000011674814e-01
9.000019657621e-01
9.000018963424e-01
9.000012778425e-01
9.000009733584e-01
9.000008490899e-01
9.000009461099e-01
9.000000300875e-01
9.000000473733e-01
9.000005969125e-01
9.000007320902e-01
9.000006887626e-01
9.000008071546e-01
9.000000823137e-01
8.999998230863e-01
9.000001230231e-01
9.000003051263e-01
9.000006483049e-01
9.000010703837e-01
9.000008626265e-01
9.000005090234e-01
8.999998848124e-01
8.999990244482e-01
8.999982976956e-01
8.999979421961e-01
8.999976989682e-01
8.999978112230e-01
8.999978263802e-01
8.999977636939e-01
8.999977633152e-01
8.999970777403e-01
8.999973617499e-01
8.999971859095e-01
8.999969584627e-01
8.999974006840e-01
8.999971867809e-01
8.999971652669e-01
8.999971736427e-01
8.999969679928e-01
8.999969485626e-01
8.999976036594e-01
8.999974089099e-01
8.999965437392e-01
8.999965025948e-01
8.999986495394e-01
9.000001048632e-01
8.999999273732e-01
9.000006324794e-01
9.000010755752e-01
9.000007066347e-01
8.999996527210e-01
8.999992272476e-01
8.999990460133e-01
8.999992947427e-01
8.999987130507e-01
8.999973937468e-01
8.999972603690e-01
8.999982319963e-01
8.999986686552e-01
8.999991186395e-01
8.999994821881e-01
8.999995414142e-01
8.999991577116e-01
8.999989235927e-01
8.999984631777e-01
8.999982410937e-01
8.999997423813e-01
9.000006623149e-01
9.000009854351e-01
9.000012333065e-01
9.000017815474e-01
9.000015851698e-01
9.000010344294e-01
9.000003868729e-01
8.999992517510e-01
8.999995746536e-01
8.999999403228e-01
8.999996234373e-01
8.999996149837e-01
9.000001170681e-01
9.000000304754e-01
9.000002421634e-01
9.000004756931e-01
9.000016192953e-01
9.000016829489e-01
9.000010898299e-01
9.000005783080e-01
9.000005514504e-01
9.000002390815e-01
9.000011207094e-01
9.000019462953e-01
9.000016672599e-01
9.000014783189e-01
9.000015170608e-01
9.000018797290e-01
9.000017939957e-01
9.000017100107e-01
9.000019715915e-01
9.000017951891e-01
9.000007915333e-01
9.000005925988e-01
9.000008848876e-01
9.000018228479e-01
9.000020370117e-01
9.000023700921e-01
9.000015393633e-01
9.000013653321e-01
9.000010764413e-01
9.000009401282e-01
9.000010385357e-01
9.000006331805e-01
8.999997125395e-01
8.999992303497e-01
9.000009340774e-01
9.000019995885e-01
9.000020364546e-01
9.000017017736e-01
9.000015704196e-01
9.000016391134e-01
9.000016164386e-01
9.000017783286e-01
9.000018242191e-01
9.000017518638e-01
9.000017976919e-01
9.000023000287e-01
9.000024291540e-01
9.000022098966e-01
9.000020743809e-01
9.000023160901e-01
9.000024852457e-01
9.000021900104e-01
9.000010163500e-01
9.000008510408e-01
9.000009357703e-01
9.000012570539e-01
9.000019920362e-01
9.000019687203e-01
9.000023333175e-01
9.000018437755e-01
9.000012870934e-01
9.000020000836e-01
9.000017474303e-01
9.000020538524e-01
9.000022690812e-01
9.000026994229e-01
9.000026880406e-01
9.000028005203e-01
9.000026190111e-01
9.000021659488e-01
9.000022780031e-01
9.000030006294e-01
9.000031063592e-01
9.000028511735e-01
9.000035377995e-01
9.000038497989e-01
9.000037053217e-01
9.000033625002e-01
9.000029812704e-01
9.000030034175e-01
9.000029658861e-01
9.000025380003e-01
9.000020412923e-01
9.000012691592e-01
9.000010564456e-01
9.000014643478e-01
9.000008443109e-01
9.000004177921e-01
8.999996155026e-01
8.999986843301e-01
8.999981409532e-01
8.999989514680e-01
8.999970874401e-01
8.999978558244e-01
8.999983022124e-01
8.999982307325e-01
8.999980285375e-01
8.999969023974e-01
8.999972834791e-01
8.999975883438e-01
8.999973012830e-01
8.999978201657e-01
8.999977848286e-01
8.999962840098e-01
8.999964828993e-01
8.999977719984e-01
8.999987884845e-01
8.999991292270e-01
8.999984374568e-01
8.999983187098e-01
8.999971686426e-01
8.999979500983e-01
8.999984470217e-01
8.999987015856e-01
8.999987888925e-01
8.999989701542e-01
8.999995928708e-01
8.999997118908e-01
8.999986707552e-01
8.999986946113e-01
8.999989584974e-01
8.999993155148e-01
9.000005151194e-01
9.000002764544e-01
8.999990403199e-01
8.999975108351e-01
8.999964494254e-01
8.999964288362e-01
8.999967045282e-01
8.999957167379e-01
8.999960219479e-01
8.999969685889e-01
8.999975932174e-01
8.999979780606e-01
8.999986411811e-01
8.999998181315e-01
8.999999521220e-01
9.000005583554e-01
9.000001297827e-01
8.999996343476e-01
8.999991656308e-01
8.999996604916e-01
8.999992447936e-01
8.999986265885e-01
8.999978217815e-01
8.999957596859e-01
8.999946208140e-01
8.999950395784e-01
8.999960079424e-01
8.999971169483e-01
8.999973451282e-01
8.999963864558e-01
8.999964921768e-01
8.999983293670e-01
9.000000814104e-01
8.999997931717e-01
8.999992112997e-01
8.999985295487e-01
8.999989285696e-01
8.999999394847e-01
9.000004780303e-01
9.000009745438e-01
9.000020530828e-01
9.000023188902e-01
9.000029466877e-01
9.000037479957e-01
9.000045911821e-01
9.000050009028e-01
9.000050656301e-01
9.000051514418e-01
9.000049077471e-01
9.000047664229e-01
9.000051343418e-01
9.000054050933e-01
9.000055519473e-01
9.000055700153e-01
9.000055287613e-01
9.000057299211e-01
9.000056232649e-01
9.000055942384e-01
9.000056096834e-01
9.000056682044e-01
9.000058675614e-01
9.000057114561e-01
9.000057622036e-01
9.000057044102e-01
9.000059895507e-01
9.000058140412e-01
9.000055529516e-01
9.000055778336e-01
9.000057829637e-01
9.000060242172e-01
9.000060167540e-01
9.000062082730e-01
9.000056609866e-01
9.000052015701e-01
9.000052814464e-01
9.000055296635e-01
9.000058147747e-01
9.000060643492e-01
9.000062743197e-01
9.000061915375e-01
9.000064255348e-01
9.000062769737e-01
9.000061904701e-01
9.000060843340e-01
9.000062306444e-01
9.000062653055e-01
9.000061898182e-01
9.000063089876e-01
9.000063457222e-01
9.000062838984e-01
9.000064092979e-01
9.000063878798e-01
9.000062534970e-01
9.000064014256e-01
9.000065858894e-01
9.000067658043e-01
9.000067726911e-01
9.000067565943e-01
9.000070228437e-01
9.000070521708e-01
9.000068110625e-01
9.000071742210e-01
9.000071102157e-01
9.000070495989e-01
9.000071287294e-01
9.000071623676e-01
9.000069917898e-01
9.000074001781e-01
9.000072028607e-01
9.000074114863e-01
9.000071410206e-01
9.000073098230e-01
9.000075304323e-01
9.000076857337e-01
9.000074000863e-01
9.000070844256e-01
9.000071984041e-01
9.000072434533e-01
9.000072877596e-01
9.000065071100e-01
9.000070785050e-01
9.000074247234e-01
9.000070777652e-01
9.000070628361e-01
9.000069955515e-01
9.000070819626e-01
9.000069859012e-01
9.000072361350e-01
9.000071489942e-01
9.000071248413e-01
9.000068904311e-01
9.000072100541e-01
9.000071882643e-01
9.000073288859e-01
9.000070361392e-01
9.000072491628e-01
9.000073076415e-01
9.000072336116e-01
9.000072723553e-01
9.000071917729e-01
9.000072239287e-01
9.000073289452e-01
9.000072861433e-01
9.000072396438e-01
9.000071824332e-01
9.000070193852e-01
9.000070799539e-01
9.000068525654e-01
9.000062663841e-01
9.000057922667e-01
9.000061757949e-01
9.000062182218e-01
9.000064773994e-01
9.000065132086e-01
9.000065964250e-01
9.000060562847e-01
9.000061697759e-01
9.000056556489e-01
9.000058403024e-01
9.000059122341e-01
9.000065972297e-01
9.000065585387e-01
9.000067202996e-01
9.000066452202e-01
9.000066538313e-01
9.000063106995e-01
9.000062164925e-01
9.000060355596e-01
9.000056686650e-01
9.000056837361e-01
9.000061359364e-01
9.000058096498e-01
9.000058460719e-01
9.000054353661e-01
9.000041724499e-01
9.000032554081e-01
9.000032406340e-01
9.000030056835e-01
9.000022592840e-01
9.000014319726e-01
9.000006851709e-01
8.999998604516e-01
9.000006836472e-01
9.000017838919e-01
9.000019006526e-01
9.000016181170e-01
9.000025907565e-01
9.000018719467e-01
9.000016451830e-01
9.000007874608e-01
9.000000505152e-01
9.000006744463e-01
8.999999901159e-01
8.999994634776e-01
8.999986586565e-01
8.999978111195e-01
8.999969353233e-01
8.999967856961e-01
8.999990436380e-01
9.000001122149e-01
8.999985491445e-01
8.999974342693e-01
8.999966167813e-01
8.999971029153e-01
8.999997361365e-01
9.000005864427e-01
9.000009670697e-01
9.000025766105e-01
9.000029442960e-01
9.000037321768e-01
9.000037808930e-01
9.000048538729e-01
9.000060050330e-01
9.000061171812e-01
9.000062239556e-01
9.000054259368e-01
9.000041821878e-01
9.000049257599e-01
9.000053006349e-01
9.000059456107e-01
9.000054952986e-01
9.000044149762e-01
9.000057595099e-01
9.000065132558e-01
9.000067502763e-01
9.000077527064e-01
9.000079410033e-01
9.000077916708e-01
9.000079484462e-01
9.000080393168e-01
9.000082140347e-01
9.000084161656e-01
9.000082109625e-01
9.000081788534e-01
9.000081813997e-01
9.000082010317e-01
9.000080622785e-01
9.000078234536e-01
9.000081443700e-01
9.000081244604e-01
9.000079356469e-01
9.000077506771e-01
9.000079259117e-01
9.000077315279e-01
9.000078723172e-01
9.000078744662e-01
9.000080500832e-01
9.000081041709e-01
9.000078953021e-01
9.000080823925e-01
9.000084867727e-01
9.000085820716e-01
9.000087707362e-01
9.000089079739e-01
9.000083411521e-01
9.000119049887e-01
9.000107182533e-01
9.000082262004e-01
9.000087782258e-01
9.000082560235e-01
9.000081893204e-01
9.000082737078e-01
9.000079849691e-01
9.000084851209e-01
9.000085280770e-01
9.000085927517e-01
9.000085803874e-01
9.000084238241e-01
9.000082703769e-01
9.000084838200e-01
9.000083904972e-01
9.000078515101e-01
9.000075508032e-01
9.000066683602e-01
9.000061265392e-01
9.000059592981e-01
9.000062251914e-01
9.000052276830e-01
9.000043438325e-01
9.000049362748e-01
9.000042146812e-01
9.000017365833e-01
9.000029117466e-01
9.000046923025e-01
9.000047692042e-01
9.000042102130e-01
9.000029457153e-01
9.000028780459e-01
9.000027117590e-01
9.000020330070e-01
9.000031944031e-01
9.000042663309e-01
9.000044820626e-01
9.000051572762e-01
9.000047855736e-01
9.000041301801e-01
9.000038881599e-01
9.000033251653e-01
9.000031033597e-01
9.000039011517e-01
9.000028084289e-01
8.999994301053e-01
8.999983203176e-01
9.000000786531e-01
9.000010711163e-01
9.000010467197e-01
9.000024275002e-01
9.000039955778e-01
9.000020690518e-01
9.000014689482e-01
9.000011188104e-01
9.000022258274e-01
9.000039236112e-01
9.000027819257e-01
9.000029027276e-01
9.000036524122e-01
9.000040108773e-01
9.000030115537e-01
8.999996975695e-01
9.000019132949e-01
9.000041987453e-01
9.000038640348e-01
9.000023388918e-01
9.000014830746e-01
9.000015488325e-01
9.000013285795e-01
9.000026420225e-01
9.000014021249e-01
9.000002092925e-01
8.999992478596e-01
8.999957297359e-01
8.999939407730e-01
8.999979209381e-01
8.999988135299e-01
8.999976882546e-01
8.999961091079e-01
8.999956407932e-01
8.999962568759e-01
8.999948681773e-01
8.999966200018e-01
8.999988704425e-01
8.999984925612e-01
8.999997914783e-01
8.999998637215e-01
8.999975878442e-01
8.999996438644e-01
9.000004604100e-01
8.999985425342e-01
8.999973747737e-01
8.999966216856e-01
8.999965971885e-01
8.999997044287e-01
9.000013473336e-01
9.000031519491e-01
9.000047452837e-01
9.000053180047e-01
9.000070471042e-01
9.000076384905e-01
9.000077619303e-01
9.000070380669e-01
9.000042024650e-01
9.000045744538e-01
9.000073924578e-01
9.000067304165e-01
9.000067574595e-01
9.000083499164e-01
9.000085705238e-01
9.000090693272e-01
9.000094127403e-01
9.000093118958e-01
9.000089840761e-01
9.000087070089e-01
9.000087656024e-01
9.000085636114e-01
9.000086420479e-01
9.000082542232e-01
9.000080590107e-01
9.000079657920e-01
9.000073742700e-01
9.000072700950e-01
9.000075061439e-01
9.000081192135e-01
9.000084592143e-01
9.000092870372e-01
9.000089361221e-01
9.000095168372e-01
9.000095171003e-01
9.000097578891e-01
9.000092701928e-01
9.000092362618e-01
9.000092846365e-01
9.000090728123e-01
9.000094739873e-01
9.000092490592e-01
9.000094167501e-01
9.000090357415e-01
9.000095509608e-01
9.000096945039e-01
9.000100126480e-01
9.000102342058e-01
9.000096561857e-01
9.000098015386e-01
9.000095498773e-01
9.000102289502e-01
9.000100675861e-01
9.000102577290e-01
9.000104314837e-01
9.000109272733e-01
9.000115113851e-01
9.000112793116e-01
9.000121684729e-01
9.000122419359e-01
9.000122883525e-01
9.000118213077e-01
9.000125163293e-01
9.000125793863e-01
9.000120629390e-01
9.000121776615e-01
9.000118717052e-01
9.000114026597e-01
9.000117842725e-01
9.000114335266e-01
9.000114530266e-01
9.000109821050e-01
9.000110401455e-01
9.000109747239e-01
9.000107693974e-01
9.000106954503e-01
9.000107688916e-01
9.000112416268e-01
9.000110968593e-01
9.000118516413e-01
9.000116259486e-01
9.000114918340e-01
9.000114851402e-01
9.000108873481e-01
9.000108313911e-01
9.000108215301e-01
9.000109499062e-01
9.000114116014e-01
9.000114792936e-01
9.000120760445e-01
9.000122463733e-01
9.000128333713e-01
9.000126130830e-01
9.000132091316e-01
9.000134842250e-01
9.000133694901e-01
9.000129935352e-01
9.000128617259e-01
9.000127941936e-01
9.000134675556e-01
9.000132949521e-01
9.000130364977e-01
9.000132982471e-01
9.000132228510e-01
9.000135134428e-01
9.000131021718e-01
9.000140742669e-01
9.000137041373e-01
9.000128785592e-01
9.000126299993e-01
9.000121096910e-01
9.000118212717e-01
9.000109045606e-01
9.000112755665e-01
9.000115204647e-01
9.000112245413e-01
9.000116704971e-01
9.000109777015e-01
9.000111306816e-01
9.000107157280e-01
9.000111013255e-01
9.000105678904e-01
9.000110133166e-01
9.000111651818e-01
9.000109245251e-01
9.000113990157e-01
9.000102441802e-01
9.000107080062e-01
9.000098742835e-01
9.000090454395e-01
9.000093811034e-01
9.000088389891e-01
9.000090201318e-01
9.000088243999e-01
9.000085696026e-01
9.000092858741e-01
9.000105076550e-01
9.000112943178e-01
9.000106488781e-01
9.000108961924e-01
9.000115792689e-01
9.000132198169e-01
9.000138500603e-01
9.000135855137e-01
9.000134172721e-01
9.000142256691e-01
9.000145292307e-01
9.000158323445e-01
9.000157717619e-01
9.000163586937e-01
9.000175355415e-01
9.000181013949e-01
9.000183110729e-01
9.000187106534e-01
9.000194826370e-01
9.000171262445e-01
9.000173803614e-01
9.000172207727e-01
9.000169981469e-01
9.000166366288e-01
9.000150827368e-01
9.000165923335e-01
9.000147739333e-01
9.000162861521e-01
9.000159038590e-01
9.000154361190e-01
9.000158889478e-01
9.000164840074e-01
9.000154143894e-01
9.000145534751e-01
9.000149811023e-01
9.000139538321e-01
9.000142504428e-01
9.000128885965e-01
9.000118336929e-01
9.000127714819e-01
9.000129758168e-01
9.000112351213e-01
9.000114728160e-01
9.000100793114e-01
9.000104070697e-01
9.000078864079e-01
9.000068077842e-01
9.000056291332e-01
9.000050763157e-01
9.000047175833e-01
9.000073131195e-01
9.000063169403e-01
9.000058204299e-01
9.000053189399e-01
9.000048127622e-01
9.000043761214e-01
9.000037730760e-01
9.000043758663e-01
9.000032134084e-01
9.000030631956e-01
9.000025980861e-01
9.000029224534e-01
9.000018504190e-01
9.000075982739e-01
9.000070373325e-01
9.000098955998e-01
9.000201785114e-01
9.000358490862e-01
9.000083332640e-01
9.000054872846e-01
9.000000000000e-01
9.000000000000e-01
9.000000000000e-01
9.000000000000e-01
9.000000000000e-01
9.000000000000e-01
9.000000000000e-01
9.000003876743e-01
8.999993471422e-01
9.000007411512e-01
8.999972354747e-01
8.999936810355e-01
8.999860878229e-01
8.999994666577e-01
9.000001528335e-01
8.999994685355e-01
8.999989633779e-01
9.000002445741e-01
9.000000585658e-01
9.000006224825e-01
8.999995969929e-01
9.000011914691e-01
9.000011322633e-01
8.999998418865e-01
9.000008265763e-01
9.000000213517e-01
8.999988643477e-01
8.999995515761e-01
9.000014409437e-01
9.000004992363e-01
9.000013394729e-01
9.000008302285e-01
9.000011186177e-01
9.000008895764e-01
8.999999622903e-01
9.000000651058e-01
8.999986004515e-01
9.000004617422e-01
8.999997156873e-01
8.999999515327e-01
8.999996194391e-01
9.000005865780e-01
8.999997715784e-01
9.000011559377e-01
9.000009976000e-01
9.000003330889e-01
9.000005155899e-01
9.000007108418e-01
9.000011514253e-01
9.000008561292e-01
9.000013498434e-01
8.999994066814e-01
8.999995769295e-01
8.999994128747e-01
9.000000205638e-01
9.000008234741e-01
9.000009496041e-01
8.999990515593e-01
8.999970289920e-01
9.000002972433e-01
8.999990042194e-01
8.999998220225e-01
8.999991824792e-01
8.999978590173e-01
9.000008106199e-01
9.000000901029e-01
9.000009699293e-01
8.999987352688e-01
8.999984688619e-01
8.999989666422e-01
8.999995805801e-01
8.999994195261e-01
8.999988200133e-01
8.999988179082e-01
9.000002679871e-01
9.000009634208e-01
9.000002062441e-01
8.999992153855e-01
9.000008181082e-01
8.999991338495e-01
9.000010816752e-01
8.999999699648e-01
9.000002808934e-01
9.000005481905e-01
8.999968892002e-01
9.000000538534e-01
8.999997669152e-01
9.000011557508e-01
8.999992462301e-01
9.000005077647e-01
8.999988870375e-01
8.999991845518e-01
9.000010798586e-01
9.000001801522e-01
8.999995095252e-01
9.000011284351e-01
8.999986003505e-01
9.000003883035e-01
9.000009923292e-01
9.000004701557e-01
9.000008509913e-01
9.000006557530e-01
8.999993983469e-01
9.000007968551e-01
9.000014570503e-01
9.000004331449e-01
9.000011715053e-01
9.000010733478e-01
9.000010634474e-01
9.000002185901e-01
8.999989250262e-01
8.999995821461e-01
9.000005381495e-01
8.999997562146e-01
9.000010825370e-01
9.000010537537e-01
9.000008713206e-01
9.000013298086e-01
8.999976306614e-01
9.000010932191e-01
9.000014899661e-01
9.000010724993e-01
9.000011772958e-01
9.000002951772e-01
9.000001612084e-01
9.000001366225e-01
9.000001703383e-01
8.999997091052e-01
8.999991592872e-01
8.999991164802e-01
8.999993889915e-01
8.999988211481e-01
9.000010668114e-01
9.000012181274e-01
9.000006597206e-01
8.999999974040e-01
8.999981479958e-01
8.999999112750e-01
9.000008986485e-01
8.999992170681e-01
8.999997026483e-01
8.999996935471e-01
8.999989731414e-01
8.999997045241e-01
9.000009062770e-01
9.000004494778e-01
9.000007672064e-01
8.999987855938e-01
8.999977922140e-01
9.000002498382e-01
8.999998633305e-01
9.000004413498e-01
8.999994034688e-01
9.000001437425e-01
8.999984507080e-01
9.000009077809e-01
9.000011697947e-01
8.999993399280e-01
8.999974304104e-01
9.000003571996e-01
8.999995700957e-01
9.000002845371e-01
8.999995759738e-01
8.999997920267e-01
9.000010856719e-01
8.999984621071e-01
8.999997502605e-01
8.999996469704e-01
8.999991657889e-01
8.999995777546e-01
9.000007526495e-01
9.000003139093e-01
8.999951075924e-01
8.999995954420e-01
8.999973594796e-01
8.999996496053e-01
8.999998031475e-01
8.999988012429e-01
9.000006429441e-01
9.000008416878e-01
8.999976099284e-01
8.999988233237e-01
9.000014207853e-01
9.000002702269e-01
9.000001597136e-01
9.000001600124e-01
8.999991960964e-01
9.000013485036e-01
9.000005790538e-01
9.000003251058e-01
8.999990153909e-01
9.000009850134e-01
9.000005348723e-01
9.000009623834e-01
9.000006855366e-01
9.000010831049e-01
9.000003918581e-01
9.000004654426e-01
9.000016386286e-01
9.000003079283e-01
9.000010366349e-01
8.999986692283e-01
8.999990851213e-01
8.999994886141e-01
8.999950536559e-01
8.999990340367e-01
8.999975286406e-01
9.000006113030e-01
9.000006565049e-01
8.999977071637e-01
9.000010213550e-01
9.000002413153e-01
8.999998611902e-01
8.999996541781e-01
9.000013134706e-01
9.000015804399e-01
9.000004843726e-01
9.000014343298e-01
8.999990394320e-01
8.999991672021e-01
8.999976166647e-01
9.000015894743e-01
9.000008191963e-01
9.000015260095e-01
8.999982303428e-01
9.000010825864e-01
8.999983822383e-01
8.999964534737e-01
8.999989838720e-01
9.000001204251e-01
8.999983347787e-01
9.000008428147e-01
9.000010111889e-01
8.999976623614e-01
8.999956756708e-01
8.999973173128e-01
9.000007982689e-01
8.999962386495e-01
8.999996302118e-01
8.999926235353e-01
8.999954709852e-01
9.000005781868e-01
9.000002216246e-01
8.999931485868e-01
