0.000000000000e+00
-2.577719028320e-04
8.892168133673e-05
-3.727515872783e-05
3.630196637605e-06
1.764244689570e-05
8.888311510326e-06
3.553475121947e-06
2.495356086872e-06
1.591900483478e-06
1.454343520167e-06
1.409969902636e-06
-2.228811929877e-06
-4.073374643918e-06
-3.898606060767e-06
-5.216508876304e-06
-5.753296240880e-06
-6.155519397332e-06
-5.960042612171e-06
-5.925588011971e-06
-4.128154985665e-06
-2.895827426424e-06
-1.753980581020e-06
-3.420432086549e-07
-9.429615837215e-07
-5.490957967979e-07
-6.393225817602e-07
-1.418220701367e-06
-1.335313398061e-06
-5.925513264215e-07
-4.878371131000e-07
-6.425164220065e-07
-1.288986995975e-06
6.421784214000e-07
1.556558568615e-06
9.060596155462e-07
8.496909120484e-07
7.874352772688e-07
1.175243568767e-06
1.567024451606e-06
2.667982541954e-06
3.529643042218e-06
3.180078440461e-06
3.651583962481e-06
4.054103020212e-06
5.310174309224e-06
5.456939834905e-06
5.373085887539e-06
4.482746224482e-06
4.085503468933e-06
4.051951596351e-06
4.208800566116e-06
4.163735006527e-06
4.180538678895e-06
4.836789254245e-06
4.717923238452e-06
4.701428453647e-06
4.864098725149e-06
4.848657054685e-06
4.890842067284e-06
4.669562956013e-06
4.780070774099e-06
5.458259781694e-06
5.850251704111e-06
5.440566719019e-06
4.894014367520e-06
4.930683535076e-06
5.119822379152e-06
5.338624104746e-06
5.773976580198e-06
5.598423253627e-06
5.680357453238e-06
5.546574865360e-06
5.221533186146e-06
4.706383634267e-06
4.481840874880e-06
4.338954412797e-06
3.706582432138e-06
3.301968879582e-06
3.466671086506e-06
2.771864731065e-06
2.739646845113e-06
2.353946470424e-06
2.209028881298e-06
2.771379074365e-06
2.955526738076e-06
2.643029195820e-06
2.216072554238e-06
1.915310490326e-06
1.058323494269e-06
5.078867897419e-07
3.334430728968e-07
3.498429840570e-07
3.105765625914e-07
-8.862031835593e-08
9.029800935914e-08
2.641714597892e-07
5.050896238494e-08
1.223090560312e-07
4.689519245559e-07
-3.829346813227e-08
-9.629623177011e-07
-1.851881200188e-06
-1.825859769775e-06
-1.579509775841e-06
-1.094614475072e-06
-1.438290852456e-06
-1.767181853902e-06
-1.655354271227e-06
-1.927668728399e-06
-2.201801782396e-06
-1.857301052369e-06
-2.281867807522e-06
-2.492826590297e-06
-2.638460930049e-06
-3.050770119465e-06
-3.157055611188e-06
-1.199923616858e-06
-1.352984901085e-06
-1.402985402724e-06
-1.766081024383e-06
-1.828969896955e-06
-1.848295776456e-06
-1.631392306872e-06
-1.393399023717e-06
-1.792681498118e-06
-1.284467890130e-06
-1.414358076851e-06
-1.670527853560e-06
-1.092827087151e-06
-1.315450833928e-06
-1.419934068195e-06
-1.208284418726e-06
-1.036179820653e-06
-8.825811758032e-07
-1.253618758000e-06
-1.781318723833e-06
-1.549031309880e-06
-6.863538779269e-07
1.148715344871e-07
7.191521542795e-08
-7.368132033430e-07
-1.414233332894e-06
-8.422038526247e-07
-1.049490784291e-06
-1.130363505756e-06
-1.299397868990e-06
-1.790354388337e-06
-6.681232686075e-07
-2.929586705344e-07
-4.998561070129e-07
-6.513207176022e-07
-1.237780448305e-06
-1.733312537239e-06
-1.605677869386e-06
-1.332832438588e-06
-1.921867804902e-06
-2.791186743498e-06
-3.770824859669e-06
-4.265768948217e-06
-3.898685013762e-06
-3.549222123389e-06
-3.651260810302e-06
-4.240135888842e-06
-5.574388532828e-06
-6.755064748711e-06
-6.259129854488e-06
-5.862001784615e-06
-6.311445504925e-06
-6.461049133991e-06
-5.879439409739e-06
-5.610447309163e-06
-6.494484832266e-06
-7.022221846030e-06
-7.286812358062e-06
-7.533221186168e-06
-7.778177990115e-06
-8.390987604554e-06
-8.602216491754e-06
-8.740702767501e-06
-8.793981891756e-06
-9.901109744019e-06
-1.077834739416e-05
-1.088603693651e-05
-1.104168961390e-05
-1.203325103392e-05
-1.295564233883e-05
-1.359446977453e-05
-1.396507983546e-05
-1.481315327377e-05
-1.536316477964e-05
-1.617384639678e-05
-1.675745636222e-05
-1.751194165674e-05
-1.774547270082e-05
-1.828451445992e-05
-1.871604610005e-05
-1.830048798341e-05
-1.880869725954e-05
-1.970488685636e-05
-2.003872434539e-05
-2.030876873009e-05
-2.025426795791e-05
-2.006080920026e-05
-1.880394590141e-05
-1.781056399073e-05
-1.850096172596e-05
-1.843953873096e-05
-1.820159369025e-05
-1.762580538525e-05
-1.713741172048e-05
-1.682792674348e-05
-1.743229872192e-05
-1.712646136369e-05
-1.628510188188e-05
-1.644505442770e-05
-1.635505153511e-05
-1.672539766398e-05
-1.607214335753e-05
-1.665672749555e-05
-1.653362810316e-05
-1.619506241076e-05
-1.582421918054e-05
-1.548420329325e-05
-1.498786456861e-05
-1.424760202963e-05
-1.366373672655e-05
-1.337967137747e-05
-1.391025994475e-05
-1.390619879123e-05
-1.376462847054e-05
-1.353836248546e-05
-1.328826078999e-05
-1.272282970856e-05
-1.185343538402e-05
-1.218010925053e-05
-1.164415960837e-05
-1.109884989452e-05
-1.016613429490e-05
-9.082396716461e-06
-8.304258464394e-06
-7.127345397985e-06
-6.250507534080e-06
-5.919417565937e-06
-5.610176272482e-06
-5.093265085668e-06
-4.828711705881e-06
-4.039306753042e-06
-2.477860195295e-06
-1.333782284998e-06
-1.202494074411e-06
-1.254027872199e-06
-1.240441052469e-06
-1.421838944288e-06
-9.511280106032e-07
-5.603203699882e-07
-5.568092959742e-07
-1.019728545254e-06
-8.782396338957e-07
-3.604614604613e-07
1.299650784237e-07
4.025112975261e-09
-6.060086434258e-07
-5.841160530516e-07
-1.078826344785e-07
1.451397943946e-07
-2.704239021419e-07
-3.686737590247e-07
-2.217372219710e-07
-6.834883761581e-07
-8.649018518075e-07
-8.725266669183e-07
-1.004478615138e-06
-1.657981603589e-06
-1.942735027458e-06
-2.077437227267e-06
-1.955355095698e-06
-1.803736328903e-06
-1.474933440455e-06
-1.067099398974e-06
-1.206708072123e-06
-1.149408245848e-06
-1.385572323327e-06
-1.899533096957e-06
-1.409530400327e-06
-1.424426624678e-06
-1.762109844411e-06
-1.523475903027e-06
-9.643636985054e-07
-6.813395009129e-07
-5.679320635710e-07
-6.881319975473e-07
-7.577896780097e-07
-4.004373036118e-07
-5.348577159323e-07
-7.391891593398e-07
-9.389247799376e-07
-4.842109602075e-07
-5.806906356656e-07
-4.086431013064e-07
-1.193933099688e-07
-7.928848677420e-08
2.534849278559e-07
-6.122344883140e-07
-1.457751037977e-06
-1.654473899480e-06
-1.095534326813e-06
-8.837129665645e-07
-3.719638997710e-07
5.538134652258e-08
5.065472541247e-07
4.947456676935e-07
3.755988752946e-07
9.725204583548e-07
1.078341544302e-06
1.548780846226e-06
1.733950527843e-06
1.608938619565e-06
1.129222515618e-06
7.762581811613e-07
1.130780473076e-06
1.244326660660e-06
1.426272404837e-06
1.972017605124e-06
2.181975272976e-06
1.766726760944e-06
1.586483032166e-06
1.774625727256e-06
2.004009251991e-06
1.818782341018e-06
1.997651985483e-06
2.183306283172e-06
2.333470031874e-06
2.421517572392e-06
2.437286204924e-06
2.240359959494e-06
2.064012616953e-06
1.954067270947e-06
1.932629087213e-06
1.726333550638e-06
1.885742719453e-06
1.510232000683e-06
1.313858532347e-06
1.199083288457e-06
1.238817613384e-06
9.762764722849e-07
7.807928781548e-07
9.647227765183e-07
1.035886499616e-06
1.239969924255e-06
1.340778322041e-06
1.233491059673e-06
1.211337744370e-06
1.084014905871e-06
1.495658093840e-06
1.354352807699e-06
1.258439942732e-06
1.231929770546e-06
1.465316223962e-06
1.623184229737e-06
1.722924191044e-06
1.511252726558e-06
1.571836280841e-06
1.617714001629e-06
1.467993823669e-06
1.601369707498e-06
1.515611004417e-06
1.052426984878e-06
1.472863756292e-06
1.840712202395e-06
2.058083105762e-06
1.942236507783e-06
2.050347273423e-06
2.229187089303e-06
2.346399126549e-06
2.220463292285e-06
2.277232187184e-06
2.251518744161e-06
2.268319538194e-06
2.361302825489e-06
2.457345378232e-06
2.394041066778e-06
2.241299490262e-06
2.134200947913e-06
2.826502183813e-06
2.960954958306e-06
2.985822122502e-06
3.378921685254e-06
3.424987801518e-06
3.193815485830e-06
2.782450470141e-06
2.360276867157e-06
2.062465534240e-06
2.121655324808e-06
2.223603516626e-06
2.003464521630e-06
1.939442882555e-06
1.572452706519e-06
1.578383345210e-06
1.403743796701e-06
1.447965249347e-06
1.149890276585e-06
1.105024938278e-06
1.128282822877e-06
1.346591000838e-06
1.347866829806e-06
1.609977752713e-06
1.914933154348e-06
1.353282528361e-06
1.313359811808e-06
1.449256692942e-06
1.161408004781e-06
8.518497163301e-07
3.125563799484e-07
-3.464092184161e-07
-7.520420776086e-07
-7.302416767430e-07
-5.473520610559e-07
-3.910861953194e-07
-5.025217699108e-07
-8.703300921430e-07
-1.529652632568e-06
-1.733601553165e-06
-1.828631729970e-06
-1.602001834301e-06
-1.252156785600e-06
-1.395778323330e-06
-1.544480561540e-06
-1.684271240462e-06
-1.675155783967e-06
-1.594623282234e-06
-1.520679229684e-06
-1.432227304853e-06
-1.630390907067e-06
-1.394384380406e-06
-1.514870587529e-06
-1.224417949224e-06
-1.145118838348e-06
-1.616740860582e-06
-1.283567855962e-06
-1.541305574826e-06
-1.959747123719e-06
-2.195656644220e-06
-1.872320429399e-06
-1.889308029688e-06
-1.824607473866e-06
-1.966565632672e-06
-2.016380578967e-06
-2.227320939506e-06
-2.302499338062e-06
-2.115754064531e-06
-1.916220147014e-06
-2.103932425841e-06
-2.332905898026e-06
-2.609218028055e-06
-1.952879522088e-06
-1.779557939028e-06
-1.588168194852e-06
-1.315754715353e-06
-1.111900840762e-06
-1.377634411119e-06
-1.389640821515e-06
-1.181366136048e-06
-1.112217501977e-06
-1.027060737108e-06
-1.260748909294e-06
-1.174498146348e-06
-1.325312144039e-06
-1.671009583212e-06
-1.646837053857e-06
-2.226962038074e-06
-2.493385817863e-06
-2.378967706988e-06
-2.303306886103e-06
-2.208391435767e-06
-2.475845609492e-06
-2.469865760985e-06
-2.315942258483e-06
-2.516884915942e-06
-2.892624647030e-06
-2.486519118060e-06
-2.130995851843e-06
-1.675209661949e-06
-1.768024404971e-06
-1.420204260699e-06
-1.045400016330e-06
-1.052783374175e-06
-7.218544769667e-07
-1.140911183512e-06
-8.483610461688e-07
-8.228947226884e-09
6.845280850151e-07
9.191926435323e-07
1.098516803109e-06
8.090075407409e-07
7.067927314043e-07
6.276285208172e-07
6.937429381419e-07
5.606440198548e-07
6.095874203355e-07
1.128579477656e-07
-2.752455704624e-08
-2.139786797613e-07
-2.249307296172e-07
-1.770763153720e-07
-4.390003594538e-07
-6.928340122935e-07
-8.661079785118e-07
-1.193360161091e-06
-1.010176231641e-06
-1.006730831160e-06
-1.261468478226e-06
-9.486701936247e-07
-8.776217927591e-07
-1.132845318649e-06
-1.082344055512e-06
-1.342623412972e-06
-1.356473520383e-06
-1.448459356957e-06
-1.169656388814e-06
-7.683845644645e-07
-5.318415621548e-07
7.292676054840e-09
3.188529967473e-07
1.198808149376e-07
-3.402215295280e-07
-7.052937631183e-07
-9.310787788075e-07
-6.584790527237e-07
-5.367528950720e-07
-7.963937592688e-07
-9.195037508000e-07
-7.873864331871e-07
-1.355815694785e-06
-1.505062771109e-06
-1.599946210667e-06
-1.505444886510e-06
-1.465082332227e-06
-1.636754144258e-06
-1.350570961294e-06
-1.084535672073e-06
-8.853276202925e-07
-9.816088538828e-07
-1.055750090168e-06
-1.148188279291e-06
-1.163014304604e-06
-1.077847983527e-06
-1.064712425010e-06
-6.630105051828e-07
-5.461657633161e-07
-1.160466311825e-06
-1.434844052922e-06
-1.316695864568e-06
-1.130695944741e-06
-9.865559884376e-07
-1.148647169092e-06
-9.273754088419e-07
-7.382997003720e-07
-5.817113336731e-07
-7.090030313645e-07
-9.940672718839e-07
-9.596564226065e-07
-8.118378714032e-07
-8.040148460903e-07
-6.724092860333e-07
-5.775421210677e-07
-3.105253385839e-07
-6.946924912312e-07
-8.867460957548e-07
-7.505033098065e-07
-9.317349641860e-07
-6.500738832430e-07
-5.486834877667e-07
-5.712654616839e-07
-5.209726707312e-07
-1.767361977763e-07
-2.922798564946e-08
-3.797976166409e-07
-4.273027202022e-07
-4.467839346387e-07
-7.243706657269e-07
-8.543059039366e-07
-9.494909457086e-07
-7.803925747753e-07
-1.094007443591e-06
-9.809592886344e-07
-7.815822283849e-07
-8.305140734280e-07
-6.859661819935e-07
-4.331911459957e-07
-7.802589353151e-07
-3.723610108688e-07
-1.211914177989e-07
1.054675801796e-07
3.773806699355e-08
8.474160327742e-08
7.582709451935e-08
1.451032397548e-07
1.223223744032e-07
-1.120260972043e-07
-3.054708060591e-07
-4.749434614979e-07
-1.014247714241e-06
-8.589637717957e-07
-7.084615795925e-07
-1.000127731085e-06
-8.037339190538e-07
-5.839214721817e-07
-3.097626794968e-07
-1.465166106806e-07
-6.995322826731e-07
-1.020119275744e-06
-1.492079851490e-06
-1.904490027141e-06
-1.966386685755e-06
-1.675912448700e-06
-1.229076134167e-06
-8.618176198269e-07
-6.454464229065e-07
-8.743911386914e-07
-1.058468198942e-06
-1.011124011743e-06
-1.069442169395e-06
-9.296091055839e-07
-1.117652377672e-06
-1.545209770069e-06
-1.589327007509e-06
-1.767733684891e-06
-1.731295765449e-06
-1.743003186239e-06
-1.941911561022e-06
-2.253097867856e-06
-2.162407022043e-06
-1.729284183929e-06
-1.950000097982e-06
-2.527343574401e-06
-2.487472662273e-06
-2.836503051975e-06
-3.284671130609e-06
-3.305639967183e-06
-3.542410728973e-06
-3.686187801832e-06
-3.883004434748e-06
-3.777603115211e-06
-3.670528876231e-06
-3.186074695191e-06
-3.265851396347e-06
-3.355359186145e-06
-3.293414315019e-06
-2.817472948320e-06
-2.972808308090e-06
-3.078595383644e-06
-3.228443041873e-06
-3.513945374405e-06
-2.998662143510e-06
-2.416432213289e-06
-2.919949873058e-06
-3.150703456888e-06
-3.062237480661e-06
-3.039016239372e-06
-3.226810658622e-06
-3.181757346013e-06
-3.396615470268e-06
-3.318307525513e-06
-3.525082416562e-06
-3.744595744860e-06
-3.623770701163e-06
-3.555341010308e-06
-3.639505613291e-06
-3.694518382781e-06
-3.277794515504e-06
-2.897541619451e-06
-2.586937903282e-06
-2.254301113099e-06
-2.211028299913e-06
-2.119018321761e-06
-2.711204849191e-06
-2.702390052849e-06
-2.146642501646e-06
-1.945093265746e-06
-2.389730263052e-06
-2.734660469019e-06
-2.758020560356e-06
-2.406479791252e-06
-2.200964792022e-06
-1.824009951983e-06
-1.679602531965e-06
-1.714290234177e-06
-1.837628634082e-06
-2.163088399240e-06
-2.747274161030e-06
-2.879426210886e-06
-3.088488473639e-06
-3.573981019453e-06
-3.637105574505e-06
-3.296486701070e-06
-2.842469231965e-06
-3.177191147942e-06
-2.707604999144e-06
-2.524853177489e-06
-2.677882780473e-06
-2.790472173640e-06
-3.167596412619e-06
-3.148377457471e-06
-2.540420586345e-06
-2.065737176144e-06
-2.150282707520e-06
-2.369736235720e-06
-2.389585473160e-06
-2.666204265268e-06
-2.877758971043e-06
-2.664683763920e-06
-2.490442199629e-06
-2.404099913103e-06
-2.449298432449e-06
-2.525220990582e-06
-2.498353353046e-06
-2.844367664115e-06
-2.774613564788e-06
-2.733396586637e-06
-2.637244590486e-06
-2.597114346887e-06
-2.178344443037e-06
-1.635705945828e-06
-1.569684068253e-06
-1.529369900208e-06
-1.095679441209e-06
-1.093128478841e-06
-6.450881795151e-07
-5.739165256559e-08
3.152463427183e-07
5.387897916118e-07
8.880926421409e-07
1.125982455615e-06
1.278303354845e-06
1.466014327415e-06
1.894142404219e-06
2.162931635788e-06
2.107834098348e-06
1.936767883333e-06
1.858972580831e-06
1.772367920388e-06
1.839493014710e-06
2.048778410186e-06
2.012832882370e-06
2.175835225970e-06
2.002893479097e-06
2.123780150608e-06
2.293441420290e-06
2.254107822118e-06
1.961979341078e-06
1.834394965622e-06
1.783554562638e-06
2.004976310087e-06
1.761707635400e-06
1.428655230684e-06
1.723691577171e-06
1.671097226545e-06
1.690390897959e-06
1.934202213455e-06
1.882896680346e-06
1.613206555514e-06
1.383570041077e-06
1.294897190933e-06
1.318967970337e-06
1.198792820191e-06
1.265656789970e-06
1.306899277073e-06
1.306801383040e-06
1.155234270239e-06
1.520166592183e-06
1.333565704984e-06
1.207602887370e-06
1.254203177648e-06
1.768244398439e-06
1.736432682846e-06
1.466317448101e-06
1.370265863115e-06
1.394775948292e-06
1.262797510853e-06
1.225438731834e-06
1.215664907099e-06
1.248582476781e-06
1.038479060611e-06
9.076375997828e-07
8.972548777419e-07
6.642652342387e-07
3.219643387624e-07
-1.084875673978e-07
1.440983048387e-08
3.870456274043e-07
4.542087951624e-07
4.488665643634e-07
4.029180539677e-07
1.846097194151e-07
2.178042957387e-07
6.153173704258e-07
5.062257892903e-07
4.013338511763e-07
3.980457844774e-07
3.091441390495e-07
-1.181093963699e-07
-1.837270200462e-07
-1.797856013742e-07
-4.173406339054e-07
-5.372754515183e-07
-1.029137608785e-06
-9.868243186989e-07
-4.730176462247e-07
-2.302430331355e-07
-4.256676879957e-07
-4.968524699978e-07
-6.219748645118e-07
-9.174992041656e-07
-1.009444309459e-06
-8.958102920387e-07
-1.011716321875e-06
-1.138156113598e-06
-7.263998104215e-07
-7.452902834731e-07
-9.551930500753e-07
-7.532355930011e-07
-5.637089941559e-07
-1.137928592183e-07
-8.342636889247e-09
-2.827706042624e-07
-2.752408224527e-07
-4.477756268387e-08
3.916112580644e-09
-4.170850031613e-08
-8.600987346344e-08
1.077806127731e-07
2.648594323108e-07
2.636887996839e-07
2.111035583935e-07
2.381296877495e-07
3.853893385677e-07
4.402613715796e-07
5.362941987215e-07
6.790772843806e-07
1.123937987749e-06
9.528967595495e-07
1.132557338760e-06
1.252849475815e-06
1.178913593620e-06
1.482971989674e-06
1.387299522878e-06
1.334575134525e-06
1.653142327884e-06
2.113634177066e-06
2.071428709115e-06
1.957241481492e-06
2.031375412580e-06
2.370098572253e-06
2.484157415082e-06
2.298762033754e-06
1.845967340105e-06
1.855550405649e-06
2.162861424899e-06
2.210687526439e-06
2.142066240201e-06
1.993355759451e-06
1.824292043762e-06
1.701732599585e-06
1.757475387651e-06
1.667444030961e-06
1.724469296312e-06
1.945971096794e-06
1.854202689382e-06
1.890988049535e-06
1.664184304203e-06
1.536805823741e-06
1.426362947032e-06
1.457387657716e-06
1.150903536927e-06
7.599035238376e-07
7.412494196032e-07
1.256829604492e-06
1.554318985243e-06
1.419638566860e-06
1.169635692751e-06
1.029341213155e-06
1.142519810075e-06
1.221763216909e-06
1.207431984185e-06
9.116431511720e-07
8.054919383710e-07
4.661605761957e-07
3.242680160419e-07
3.397718646462e-07
7.756671673409e-07
1.189421570325e-06
1.670333175715e-06
1.763295679276e-06
1.747333015753e-06
1.660794460988e-06
1.093283238659e-06
9.797306416430e-07
9.020749552140e-07
8.711905466473e-07
8.541157364441e-07
8.196940345194e-07
6.183982734021e-07
8.070384597355e-07
8.689284308613e-07
7.223836123828e-07
5.725727632968e-07
4.550326433731e-07
4.649622628151e-07
4.049605472226e-07
5.183599926505e-07
6.534896068957e-07
1.048659654153e-06
1.086451151073e-06
9.257100185419e-07
6.954846515538e-07
7.954958758086e-07
8.350379924591e-07
9.328238956355e-07
8.699059025645e-07
6.869788881280e-07
9.486873849527e-07
8.885707075699e-07
1.252691791112e-06
1.494458969938e-06
1.732183589187e-06
1.831428801987e-06
1.670418105163e-06
1.676711302949e-06
1.804667112574e-06
2.020351725471e-06
2.290873380043e-06
2.177181679658e-06
2.135887593614e-06
2.217714204297e-06
2.079253662141e-06
1.989062184470e-06
2.154754098618e-06
2.181885343373e-06
2.134273371285e-06
1.809590197463e-06
1.764202164837e-06
1.752408362526e-06
1.648531011419e-06
1.657903259831e-06
1.831911864066e-06
1.943188480524e-06
1.720970633941e-06
1.780625633267e-06
1.960276488224e-06
2.165729004394e-06
2.121927879754e-06
2.034246400158e-06
2.292812876963e-06
2.462723631920e-06
2.343289607377e-06
2.306257767531e-06
2.296249997656e-06
2.279860734229e-06
2.308987892073e-06
2.285119672343e-06
2.148512136251e-06
1.996985917289e-06
2.074992924027e-06
1.948105578214e-06
1.702855137694e-06
1.523220025374e-06
1.587370656366e-06
1.510795633362e-06
1.522417682544e-06
1.499223385335e-06
1.137253723738e-06
1.295969178405e-06
1.568878421139e-06
1.725774784276e-06
1.679727393709e-06
1.661815136057e-06
1.302355562525e-06
8.802636332656e-07
1.012675093804e-06
1.248726261081e-06
1.406320844430e-06
1.363498359348e-06
1.134112045777e-06
1.395526863102e-06
1.328696163391e-06
1.338335351745e-06
1.205847768781e-06
1.235492038559e-06
1.561764740966e-06
1.674573841447e-06
1.607501933554e-06
1.850215505451e-06
2.161804931438e-06
2.221209657809e-06
2.200634741928e-06
2.122121537692e-06
2.493811837019e-06
2.527316274170e-06
2.461605836923e-06
2.558154779463e-06
2.466724876095e-06
2.197008042216e-06
2.300578692456e-06
2.397100630858e-06
2.401344687835e-06
2.709729669934e-06
2.754453373110e-06
2.653829679847e-06
2.773321042600e-06
2.818378540001e-06
2.743629301599e-06
2.816902952802e-06
2.886423456171e-06
2.643075179173e-06
2.494972329126e-06
2.342838329222e-06
2.650706354919e-06
2.948365808337e-06
2.921584851455e-06
2.784331167528e-06
2.605751337306e-06
2.643160446931e-06
2.435114526431e-06
2.561036678597e-06
2.589755417191e-06
2.899989344333e-06
2.982226564544e-06
2.861208578692e-06
2.719160560213e-06
2.588698059443e-06
2.524148801022e-06
2.438995042792e-06
2.291715151840e-06
2.356062388028e-06
2.171780247219e-06
2.083035529510e-06
2.025719742985e-06
1.924594366276e-06
1.642382184274e-06
1.538322762138e-06
1.501872945005e-06
1.354419927874e-06
1.390044986200e-06
1.575926209973e-06
1.822561481195e-06
1.912035579077e-06
1.665666790916e-06
1.725918481003e-06
1.861331696981e-06
1.883707211996e-06
1.884134445008e-06
2.201439810167e-06
2.248763607856e-06
2.070372665315e-06
1.821072039135e-06
1.755057855401e-06
1.756254672822e-06
1.577391444237e-06
1.519157867528e-06
1.595072363871e-06
1.834784436537e-06
1.574836688510e-06
1.443915486392e-06
1.424064953380e-06
1.433928423447e-06
1.743246182446e-06
1.685494747701e-06
1.533479770800e-06
1.849958935862e-06
1.855466440771e-06
1.794764966661e-06
1.530671072629e-06
1.361324832880e-06
1.337562758673e-06
1.523777056941e-06
1.410476645584e-06
1.034934982542e-06
1.044577474939e-06
1.056721107855e-06
1.676387316325e-06
1.917606079847e-06
1.829224845969e-06
1.553423711512e-06
1.653126636922e-06
1.731417528644e-06
1.640220125756e-06
1.798020077826e-06
1.751882266661e-06
1.616264176286e-06
1.415851530184e-06
1.296829501984e-06
1.100670631146e-06
9.706144567473e-07
1.308722039616e-06
1.241769941541e-06
1.103618699481e-06
9.910769541495e-07
6.204903552075e-07
6.273920115129e-07
3.236803051602e-07
1.068680329033e-09
-1.611831648108e-07
-4.787209796333e-07
-5.975646264086e-07
-5.372638907011e-07
-1.501785317979e-07
-2.593559547054e-07
-2.098788519140e-07
-3.586080915677e-07
-4.663191363226e-07
-1.062133922944e-06
-1.186308817843e-06
-1.382576663271e-06
-1.374607824773e-06
-1.252708701577e-06
-1.861682336418e-06
-1.476560384446e-06
-1.198516552589e-06
-1.443016247487e-06
-2.044367193494e-06
-2.160135542483e-06
-2.494957121501e-06
-2.400087120635e-06
-1.902851333243e-06
-2.088741406487e-06
-1.971276498787e-06
-2.333291641616e-06
-2.650801264812e-06
-2.988931835649e-06
-2.572867182137e-06
-2.249254393109e-06
-2.226560973474e-06
-2.492917130548e-06
-2.723608014860e-06
-2.876397328431e-06
-2.512764900230e-06
-2.019123508892e-06
-2.202223693877e-06
-2.529506933051e-06
-2.269475009374e-06
-1.822960887430e-06
-1.308991959615e-06
-9.240799595183e-07
-6.158551586527e-07
-2.843989482581e-07
1.345852426946e-07
5.164048175742e-07
5.517648394226e-07
3.488436341290e-07
2.981025772473e-07
6.049648292581e-08
2.754471269108e-07
7.865891650247e-07
5.171827687785e-07
5.230464509731e-07
4.561894987108e-07
3.989108210398e-07
3.706455047742e-07
3.597353506839e-07
3.521061834075e-07
-5.513636105806e-08
-1.636201148602e-07
-2.705770442151e-07
-8.231809917097e-08
-2.249646166882e-07
-2.378203805484e-08
1.312380948613e-07
1.741442195968e-07
-8.768109397419e-08
-4.185224974387e-07
-5.002657290075e-07
-7.017348785753e-07
-8.671239339161e-07
-6.911709310753e-08
2.887779546301e-07
3.042146076624e-07
1.445901298957e-07
3.621987573258e-07
5.949298389430e-07
7.018800365376e-07
7.130733129570e-07
9.905012681065e-07
1.206836239425e-06
1.462689296691e-06
1.462851622966e-06
1.459216309876e-06
1.402806954149e-06
1.263033851454e-06
1.554681536632e-06
1.447817166372e-06
1.189175810068e-06
1.422155677729e-06
1.194157186005e-06
1.366381992935e-06
1.343317692454e-06
1.376671282252e-06
1.724493602175e-06
1.735763986102e-06
1.551579712088e-06
1.360428163195e-06
1.340242366275e-06
1.172107929509e-06
1.416299051453e-06
1.479344472242e-06
1.584334077246e-06
1.626451742310e-06
1.673606023060e-06
1.828866484658e-06
1.674933793031e-06
1.939784768104e-06
2.159855226237e-06
2.217421134322e-06
2.061593544909e-06
1.731147098808e-06
1.536169830472e-06
1.447594222483e-06
1.094650934705e-06
1.198494652223e-06
1.012774091684e-06
9.750027887000e-07
1.077628032973e-06
7.148737417312e-07
6.356406146860e-07
6.381183041957e-07
1.415206019806e-07
-1.551027828118e-07
-6.111622881828e-08
4.213769806140e-07
2.561432507774e-07
1.520877914892e-07
4.042268964946e-07
5.191736428849e-07
2.897299716624e-07
-4.229466932258e-09
-1.762214022548e-07
-1.210729729957e-07
6.361854211505e-08
4.137317744538e-07
4.632093778237e-07
4.420617747430e-07
7.788757555903e-07
1.097975452222e-06
1.512987671953e-06
1.486384751452e-06
1.382018531722e-06
1.126867357708e-06
1.087782423732e-06
1.191299419401e-06
1.161363190046e-06
1.197813578112e-06
1.034231525176e-06
1.018422459055e-06
1.250236981191e-06
1.147301457708e-06
9.573264989968e-07
1.103865296302e-06
1.405772041249e-06
1.436169564156e-06
1.305087311703e-06
1.037848443272e-06
1.102791447218e-06
8.944428107409e-07
1.006576796112e-06
9.634757980366e-07
1.071696485620e-06
1.219994178306e-06
1.288199306699e-06
1.173405823734e-06
1.256461860982e-06
1.122266828643e-06
1.263357032494e-06
1.276506424023e-06
1.413616890433e-06
1.247570989086e-06
1.499543604004e-06
1.576212322387e-06
1.522332099288e-06
1.784495588124e-06
1.826980299866e-06
1.865861215457e-06
1.867590314591e-06
1.552863164832e-06
1.350350565313e-06
1.055756904774e-06
1.207868158961e-06
8.344117631000e-07
5.741686445247e-07
3.200715846591e-07
4.764195535720e-07
5.097354834075e-07
8.198269420215e-07
5.874378789806e-07
5.143045174785e-07
2.104270337441e-07
-2.229503036000e-07
-3.850176067419e-08
4.138244509720e-07
6.544782115108e-07
4.177730789796e-07
4.560183637720e-07
2.342828372086e-07
2.877409711828e-07
5.917283326237e-08
1.007229980366e-07
5.927065221935e-07
6.599659464484e-07
5.902076353796e-07
4.682915064097e-07
7.606391622581e-08
-2.832490032796e-08
1.700732759957e-07
1.834608336473e-07
1.139213161312e-07
4.461105327817e-07
7.381110352849e-07
2.666975187312e-07
-3.577661683720e-07
-5.416762370914e-07
-1.926986583613e-07
-2.070567738570e-07
-4.248161943581e-07
7.853350573871e-08
1.926413630054e-07
5.379688052581e-07
1.117302339425e-06
9.449471696462e-07
5.095333470280e-07
2.913515646409e-07
1.974254691645e-07
6.131018013548e-08
6.379837117054e-07
6.020241700301e-07
1.169555774409e-07
4.167950609828e-07
1.707287605011e-07
1.714836830226e-07
2.941441287398e-07
3.784652473151e-07
3.682329531860e-07
-4.794657129355e-07
-7.493465744376e-07
-8.768928322806e-07
-7.938989388247e-07
-7.071869672172e-07
-8.342469525882e-07
-1.328874835745e-06
-1.541570267122e-06
-5.992614439269e-07
2.351702037151e-07
5.134326043892e-07
2.860266335505e-07
4.852645040032e-07
2.209225767656e-07
9.466594683226e-08
2.751821324194e-08
-9.130738608495e-08
-2.569544540344e-07
-5.072702633710e-07
2.226669912978e-07
2.322813582849e-07
2.036508974570e-07
7.073395637710e-07
1.209981833357e-06
1.284270578785e-06
5.069756624237e-07
4.600149155516e-07
2.677956031366e-07
2.253336119914e-07
4.277420101624e-07
8.525576448108e-07
5.858877956290e-07
1.219274867742e-07
1.179216127613e-07
3.777592104516e-07
6.645174772462e-07
6.538112063140e-07
2.594806575161e-07
8.289429139570e-08
4.739729331935e-08
-2.052477497022e-07
-4.725563251602e-07
-7.252341824269e-07
-9.148415256409e-07
-9.595161905108e-07
-9.029241396925e-07
-1.091948417748e-06
-1.089728324197e-06
-6.185524811742e-07
-4.993607560538e-07
-6.709346837720e-07
-7.164519356495e-07
-9.147532701043e-07
-1.152138259808e-06
-1.503575879633e-06
-1.554835491472e-06
-1.482916874052e-06
-1.795794817555e-06
-2.045835818132e-06
-2.298810410337e-06
-1.460109570490e-06
-1.789262155091e-06
-1.988470794263e-06
-1.995629284831e-06
-2.115501364138e-06
-2.389479215630e-06
-1.890864926987e-06
-1.508162870876e-06
-1.568755770009e-06
-1.862650859712e-06
-1.569449164909e-06
-1.290516781656e-06
-7.167786205398e-07
-3.905893178452e-07
-5.186226860839e-07
-1.358893149581e-07
2.288219453882e-07
7.180972042914e-07
2.824166743581e-07
1.205755500075e-07
2.646046679097e-07
3.948977868710e-07
4.213951914903e-07
2.624731673323e-07
2.303165720484e-07
2.012268577075e-07
2.022644153581e-07
3.808435445226e-07
-2.111868444731e-08
-2.652753721280e-07
3.427810663710e-07
3.013885986129e-07
-3.098512109151e-07
-6.706712935903e-07
-6.109399905108e-07
-6.171350747269e-07
-2.471980071290e-08
4.878010401925e-07
3.073515826376e-07
3.681701887011e-07
6.624283656989e-07
3.513542165172e-07
4.211578579989e-07
3.817416381731e-07
-1.045256394979e-07
-1.273991902204e-07
-5.009463654840e-09
-3.171670368989e-07
-2.717169252538e-07
-5.530226660613e-07
-9.690967990742e-07
-4.889897829054e-07
-3.574545959946e-07
-7.718780158215e-07
-9.922598050430e-07
-1.312731434301e-06
-1.397479636996e-06
-1.725635291761e-06
-1.868800090316e-06
-1.714460469528e-06
-1.520125377998e-06
-8.101225408462e-07
-1.274552987419e-08
3.437088884129e-07
1.356366270075e-07
-2.954277812699e-07
-1.117768140903e-07
4.748586059290e-07
1.149718874939e-06
9.866380935140e-07
6.527283392312e-07
-4.563540975807e-08
-4.054706664473e-07
-5.506314182269e-07
-3.924217996516e-07
-7.435940425774e-07
-8.490143480634e-07
-6.397398981118e-07
-6.937332544161e-07
-3.195904385355e-07
1.755134562667e-07
-3.455242968065e-08
7.096445549785e-08
2.647434034408e-09
2.173284620419e-07
1.484389315323e-07
1.441565526108e-07
3.795483668548e-07
1.028730349145e-06
1.262455416037e-06
1.137867362812e-06
1.052129237596e-06
7.644682964021e-07
2.426605541495e-07
5.072744770215e-08
-1.744082085065e-07
-1.054276298172e-08
2.823529253720e-07
-2.056845081215e-07
2.990220044516e-08
1.328255508785e-07
-3.185711434430e-07
-5.493225856957e-07
-8.052982659656e-07
-1.368579858844e-06
-1.105283491953e-06
-1.484251703502e-06
-1.405647701288e-06
-1.195638944406e-06
-1.072603731220e-06
-1.120733936611e-06
-1.331247335648e-06
-1.316418555187e-06
-1.080274524100e-06
-1.061339144503e-06
-1.255058035745e-06
-1.163837073763e-06
-1.345741815341e-06
-1.059311869046e-06
-1.049517982040e-06
-8.703982070634e-07
-1.236280851048e-06
-1.022447179538e-06
-9.277113600946e-07
-5.368787691419e-07
-6.144071236183e-07
-1.298281348065e-06
-1.034612306583e-06
-4.394154093731e-07
-2.296946272753e-07
-5.183877740516e-07
-3.452637607204e-08
1.864021544376e-07
-1.887371369000e-07
-8.236470678903e-07
-5.322527964763e-07
-2.323372212108e-07
3.686561536344e-08
3.839428451989e-07
5.443906177688e-07
6.076029583849e-07
2.028928244731e-08
-1.034671307352e-06
-5.078259998441e-07
3.114383613699e-07
4.134916843720e-07
-6.227878912785e-07
-7.928945309323e-07
-9.084465102398e-07
-4.203136073516e-07
-8.760350519151e-07
-1.019795182714e-06
-7.790486653903e-07
-4.529388453699e-07
4.211114061226e-07
7.977186770570e-07
4.512421921656e-07
-1.184986050430e-07
-8.579951086032e-07
-7.597090028290e-07
-9.796403865634e-07
-1.098833000038e-06
-1.114513052973e-06
-1.194763424869e-06
-1.673425230837e-06
-1.854942320346e-06
-1.804156303599e-06
-1.606927917747e-06
-2.325094015822e-06
-2.113434857496e-06
-1.856909737381e-06
-2.491809486755e-06
-2.578507872222e-06
-1.824004649796e-06
-1.652951979920e-06
-1.574608852587e-06
-1.466965714762e-06
-1.520630637765e-06
-1.431884524387e-06
-1.469242489354e-06
-1.584864803599e-06
-9.339724089882e-07
-5.777541309323e-07
-3.725297395946e-07
2.176579678710e-08
1.201159081441e-07
1.086407986970e-06
1.220686436248e-06
5.779727084333e-07
6.299140362151e-08
1.645417036204e-07
-5.041297470043e-07
-1.142381651143e-06
-1.393970629006e-06
-6.218403126441e-07
-4.270115235204e-07
-1.305118529720e-07
-2.233991341075e-07
-1.645491992667e-07
-3.224605206344e-07
-5.312679814613e-07
-2.773805312204e-07
-7.534701656763e-07
-1.223105889834e-06
-1.482500601960e-06
-1.559906845463e-06
-1.186836891661e-06
-1.339964126214e-06
-1.982209730448e-06
-2.440014681459e-06
-2.410320546714e-06
-1.919676274723e-06
-1.739406960765e-06
-2.366949314086e-06
-2.687042210524e-06
-2.423184973951e-06
-1.444221422361e-06
-6.043919050366e-07
-3.675823933903e-07
1.600021711914e-07
2.031250527118e-07
-7.941969478656e-07
-9.395874140828e-07
9.487071642581e-08
8.767959708054e-07
9.755066824527e-07
8.584636095935e-07
4.985389664753e-07
7.806840285527e-07
6.530530991011e-07
7.487739376000e-07
6.695223123839e-07
1.268214744624e-07
1.067775453871e-08
5.137039543462e-07
5.785340573301e-07
4.446380095914e-07
-3.524724190108e-08
4.448564289247e-08
-1.452765693312e-07
-9.688335470215e-08
-1.319530195720e-07
-3.843594121613e-07
-4.325269363194e-07
-4.328644406505e-07
-1.124277545174e-06
-9.872619581677e-07
-1.562653342191e-06
-2.173173527081e-06
-2.402414402442e-06
-1.807160458939e-06
-1.466428037283e-06
-1.799718546811e-06
-1.964014012259e-06
-1.991099863752e-06
-1.574373416014e-06
-1.327002879825e-06
-9.694578575914e-07
-1.022171042481e-06
-1.966953481749e-06
-1.410658861633e-06
-6.457753897366e-07
-5.248568002290e-07
-4.832593767441e-07
1.952526069903e-07
2.874090336516e-07
1.644148328817e-07
3.633861810054e-07
7.330915360581e-07
7.090393183495e-07
2.693778571366e-07
1.236961101677e-07
5.076278467441e-07
4.232886231634e-07
4.621710669548e-07
3.485948876484e-07
-1.503141141806e-07
4.064396544441e-07
1.369238231922e-06
1.748132121912e-06
1.945039458967e-06
1.890222986495e-06
2.161340591690e-06
2.418081867823e-06
1.995440654925e-06
1.453731195638e-06
1.363928930865e-06
1.510686349055e-06
1.300294583415e-06
1.649996548189e-06
2.073659102663e-06
1.808935257428e-06
2.212383407766e-06
2.011457259354e-06
1.836313751557e-06
1.844111827688e-06
1.770880088517e-06
1.524982746554e-06
1.135457811519e-06
1.003419967824e-06
7.450035492495e-07
7.250928059387e-07
8.807653915978e-07
8.526822372194e-07
9.112877269215e-07
4.338036533871e-07
5.264826118097e-07
5.680889613753e-07
5.054413544462e-07
-1.468787042645e-07
-6.223399265925e-07
2.095912716742e-07
5.845621643011e-08
1.147678076584e-06
1.161442498816e-06
8.399830547344e-07
1.618383994677e-06
2.277212198431e-06
2.166109402473e-06
1.718204019797e-06
7.953920854376e-07
4.708716377000e-07
4.910526697495e-07
1.167481358874e-06
1.965762111617e-06
1.896342444823e-06
1.277842461570e-06
9.733583764871e-07
8.490898522333e-07
9.461099438613e-07
3.008746012688e-08
4.737333587204e-08
5.969124712892e-07
7.320901980462e-07
6.887626495387e-07
8.071546202806e-07
8.231371113656e-08
-1.769136743301e-07
1.230231466505e-07
3.051263385656e-07
6.483048883269e-07
1.070383674757e-06
8.626264733129e-07
5.090234120054e-07
-1.151876391989e-07
-9.755517812581e-07
-1.702304393674e-06
-2.057803880391e-06
-2.301031761623e-06
-2.188776989439e-06
-2.173619767783e-06
-2.236306120815e-06
-2.236684803971e-06
-2.922259683183e-06
-2.638250073557e-06
-2.814090516097e-06
-3.041537335443e-06
-2.599316004162e-06
-2.813219060852e-06
-2.834733052092e-06
-2.826357328030e-06
-3.032007230918e-06
-3.051437446991e-06
-2.396340567012e-06
-2.591090087318e-06
-3.456260832649e-06
-3.497405178655e-06
-1.350460551225e-06
1.048632352054e-07
-7.262683264946e-08
6.324793565699e-07
1.075575242326e-06
7.066346579161e-07
-3.472789622946e-07
-7.727524438161e-07
-9.539867129215e-07
-7.052573457419e-07
-1.286949287224e-06
-2.606253176927e-06
-2.739631033229e-06
-1.768003726973e-06
-1.331344760852e-06
-8.813604851054e-07
-5.178118788495e-07
-4.585857621968e-07
-8.422884400591e-07
-1.076407269414e-06
-1.536822342369e-06
-1.758906295016e-06
-2.576187118581e-07
6.623149024817e-07
9.854350558032e-07
1.233306499114e-06
1.781547401617e-06
1.585169793918e-06
1.034429359077e-06
3.868728573430e-07
-7.482489694140e-07
-4.253464497785e-07
-5.967718096237e-08
-3.765626780742e-07
-3.850162913570e-07
1.170680852559e-07
3.047544165376e-08
2.421633704333e-07
4.756930887204e-07
1.619295268990e-06
1.682948877653e-06
1.089829886700e-06
5.783079999817e-07
5.514504414634e-07
2.390815161495e-07
1.120709359749e-06
1.946295285831e-06
1.667259878325e-06
1.478318863020e-06
1.517060842424e-06
1.879728976687e-06
1.793995731741e-06
1.710010672163e-06
1.971591451182e-06
1.795189108255e-06
7.915332596505e-07
5.925987539710e-07
8.848876135484e-07
1.822847913068e-06
2.037011687754e-06
2.370092130776e-06
1.539363281882e-06
1.365332104982e-06
1.076441342035e-06
9.401282362624e-07
1.038535660034e-06
6.331805334710e-07
-2.874604952108e-07
-7.696502515151e-07
9.340774497376e-07
1.999588545117e-06
2.036454574953e-06
1.701773591217e-06
1.570419551949e-06
1.639113448581e-06
1.616438595934e-06
1.778328636648e-06
1.824219123365e-06
1.751863811045e-06
1.797691916052e-06
2.300028706138e-06
2.429154012876e-06
2.209896593339e-06
2.074380867641e-06
2.316090138574e-06
2.485245671875e-06
2.190010370142e-06
1.016350040978e-06
8.510407869849e-07
9.357703224032e-07
1.257053912202e-06
1.992036188624e-06
1.968720318939e-06
2.333317468987e-06
1.843775463310e-06
1.287093437706e-06
2.000083564753e-06
1.747430276109e-06
2.053852407872e-06
2.269081197092e-06
2.699422933953e-06
2.688040573896e-06
2.800520275145e-06
2.619011071970e-06
2.165948845309e-06
2.278003095356e-06
3.000629359071e-06
3.106359175143e-06
2.851173498340e-06
3.537799456568e-06
3.849798935202e-06
3.705321692563e-06
3.362500153775e-06
2.981270430003e-06
3.003417490446e-06
2.965886051274e-06
2.538000334334e-06
2.041292313448e-06
1.269159216624e-06
1.056445586306e-06
1.464347808348e-06
8.443109198022e-07
4.177921289462e-07
-3.844974013710e-07
-1.315669931206e-06
-1.859046850070e-06
-1.048531974900e-06
-2.912559928220e-06
-2.144175618500e-06
-1.697787621771e-06
-1.769267472204e-06
-1.971462484042e-06
-3.097602630625e-06
-2.716520896842e-06
-2.411656231777e-06
-2.698716951796e-06
-2.179834306847e-06
-2.215171414259e-06
-3.715990170945e-06
-3.517100699437e-06
-2.228001618494e-06
-1.211515455930e-06
-8.707730076151e-07
-1.562543207132e-06
-1.681290248711e-06
-2.831357414253e-06
-2.049901683549e-06
-1.552978260644e-06
-1.298414389613e-06
-1.211107462280e-06
-1.029845776716e-06
-4.071291686301e-07
-2.881092107871e-07
-1.329244840047e-06
-1.305388695196e-06
-1.041502609631e-06
-6.844851501538e-07
5.151194241473e-07
2.764543901742e-07
-9.596801032828e-07
-2.489164887114e-06
-3.550574599048e-06
-3.571163790097e-06
-3.295471832930e-06
-4.283262114545e-06
-3.978052130713e-06
-3.031411105691e-06
-2.406782643130e-06
-2.021939370369e-06
-1.358818888944e-06
-1.818685206065e-07
-4.787797864409e-08
5.583553512871e-07
1.297826745796e-07
-3.656524005892e-07
-8.343692462108e-07
-3.395084019376e-07
-7.552063911570e-07
-1.373411516567e-06
-2.178218526096e-06
-4.240314071525e-06
-5.379185957570e-06
-4.960421602419e-06
-3.992057607330e-06
-2.883051713586e-06
-2.654871750062e-06
-3.613544186926e-06
-3.507823174608e-06
-1.670632976145e-06
8.141043405591e-08
-2.068283071387e-07
-7.887003081000e-07
-1.470451319942e-06
-1.071430428700e-06
-6.051529385914e-08
4.780303328000e-07
9.745437975710e-07
2.053082846274e-06
2.318890194974e-06
2.946687743387e-06
3.747995657729e-06
4.591182113456e-06
5.000902845217e-06
5.065630056092e-06
5.151441778519e-06
4.907747095171e-06
4.766422913651e-06
5.134341842716e-06
5.405093320291e-06
5.551947260909e-06
5.570015335403e-06
5.528761283912e-06
5.729921148880e-06
5.623264915385e-06
5.594238446184e-06
5.609683449649e-06
5.668204384202e-06
5.867561449940e-06
5.711456063028e-06
5.762203581989e-06
5.704410185163e-06
5.989550657640e-06
5.814041248208e-06
5.552951627130e-06
5.577833613465e-06
5.782963707977e-06
6.024217232328e-06
6.016754011924e-06
6.208272955140e-06
5.660986622027e-06
5.201570126934e-06
5.281446366108e-06
5.529663512690e-06
5.814774708937e-06
6.064349241662e-06
6.274319746474e-06
6.191537523661e-06
6.425534798158e-06
6.276973658118e-06
6.190470135596e-06
6.084334028953e-06
6.230644412591e-06
6.265305503832e-06
6.189818192955e-06
6.308987629337e-06
6.345722230299e-06
6.283898420385e-06
6.409297904795e-06
6.387879845218e-06
6.253496977653e-06
6.401425620886e-06
6.585889381532e-06
6.765804320292e-06
6.772691076770e-06
6.756594342005e-06
7.022843678072e-06
7.052170844146e-06
6.811062499025e-06
7.174221004031e-06
7.110215724666e-06
7.049598889651e-06
7.128729377216e-06
7.162367640999e-06
6.991789835992e-06
7.400178112080e-06
7.202860710143e-06
7.411486278432e-06
7.141020576967e-06
7.309822987171e-06
7.530432255268e-06
7.685733680169e-06
7.400086291524e-06
7.084425611735e-06
7.198404072951e-06
7.243453343017e-06
7.287759605288e-06
6.507109988924e-06
7.078505035797e-06
7.424723388830e-06
7.077765222224e-06
7.062836136565e-06
6.995551457354e-06
7.081962587866e-06
6.985901238490e-06
7.236134995471e-06
7.148994234065e-06
7.124841338106e-06
6.890431145130e-06
7.210054074777e-06
7.188264271409e-06
7.328885901151e-06
7.036139200474e-06
7.249162833490e-06
7.307641544943e-06
7.233611563999e-06
7.272355276415e-06
7.191772865346e-06
7.223928669389e-06
7.328945169005e-06
7.286143329544e-06
7.239643791045e-06
7.182433237243e-06
7.019385225018e-06
7.079953922710e-06
6.852565399610e-06
6.266384090657e-06
5.792266698165e-06
6.175794897395e-06
6.218221804227e-06
6.477399414815e-06
6.513208553410e-06
6.596424965827e-06
6.056284728192e-06
6.169775916065e-06
5.655648918566e-06
5.840302361495e-06
5.912234126841e-06
6.597229700185e-06
6.558538667652e-06
6.720299581609e-06
6.645220227710e-06
6.653831262744e-06
6.310699458699e-06
6.216492537235e-06
6.035559638487e-06
5.668665016156e-06
5.683736137234e-06
6.135936360432e-06
5.809649789976e-06
5.846071888053e-06
5.435366135887e-06
4.172449931941e-06
3.255408127704e-06
3.240634023374e-06
3.005683542527e-06
2.259283984491e-06
1.431972568033e-06
6.851709459000e-07
-1.395483546796e-07
6.836471842075e-07
1.783891902591e-06
1.900652600954e-06
1.618117032909e-06
2.590756508847e-06
1.871946650137e-06
1.645182996526e-06
7.874608382978e-07
5.051520037849e-08
6.744462999925e-07
-9.884058525807e-09
-5.365223914398e-07
-1.341343523491e-06
-2.188880522620e-06
-3.064676694900e-06
-3.214303853706e-06
-9.563619949000e-07
1.122148690097e-07
-1.450855510874e-06
-2.565730676225e-06
-3.383218730898e-06
-2.897084690281e-06
-2.638635031742e-07
5.864427017333e-07
9.670696794989e-07
2.576610457077e-06
2.944295976806e-06
3.732176755633e-06
3.780893003087e-06
4.853872943603e-06
6.005032977872e-06
6.117181196062e-06
6.223955633214e-06
5.425936842454e-06
4.182187825802e-06
4.925759934371e-06
5.300634943606e-06
5.945610672868e-06
5.495298640818e-06
4.414976199430e-06
5.759509943222e-06
6.513255780852e-06
6.750276283834e-06
7.752706404625e-06
7.941003333499e-06
7.791670821662e-06
7.948446163431e-06
8.039316823586e-06
8.214034712999e-06
8.416165638601e-06
8.210962469782e-06
8.178853422813e-06
8.181399714728e-06
8.201031713476e-06
8.062278492494e-06
7.823453557554e-06
8.144369962561e-06
8.124460371030e-06
7.935646910739e-06
7.750677105019e-06
7.925911736474e-06
7.731527907800e-06
7.872317216059e-06
7.874466205655e-06
8.050083212914e-06
8.104170896053e-06
7.895302087186e-06
8.082392531133e-06
8.486772668385e-06
8.582071583112e-06
8.770736219418e-06
8.907973901720e-06
8.341152092889e-06
1.190498874682e-05
1.071825325075e-05
8.226200437251e-06
8.778225819162e-06
8.256023544085e-06
8.189320427915e-06
8.273707753229e-06
7.984969108568e-06
8.485120924069e-06
8.528077034657e-06
8.592751697796e-06
8.580387359009e-06
8.423824074696e-06
8.270376867284e-06
8.483819991060e-06
8.390497246691e-06
7.851510123108e-06
7.550803165360e-06
6.668360216272e-06
6.126539188265e-06
5.959298086241e-06
6.225191371131e-06
5.227682984028e-06
4.343832486818e-06
4.936274830900e-06
4.214681189034e-06
1.736583339855e-06
2.911746614541e-06
4.692302484605e-06
4.769204243510e-06
4.210213025322e-06
2.945715343031e-06
2.878045867767e-06
2.711758996249e-06
2.033007046972e-06
3.194403124648e-06
4.266330870170e-06
4.482062584028e-06
5.157276161027e-06
4.785573619258e-06
4.130180091635e-06
3.888159871331e-06
3.325165323877e-06
3.103359668152e-06
3.901151746205e-06
2.808428894139e-06
-5.698947396473e-07
-1.679682405960e-06
7.865310520860e-08
1.071116348422e-06
1.046719695386e-06
2.427500229365e-06
3.995577783843e-06
2.069051817620e-06
1.468948204534e-06
1.118810434280e-06
2.225827351023e-06
3.923611237065e-06
2.781925657369e-06
2.902727580178e-06
3.652412165069e-06
4.010877314445e-06
3.011553737740e-06
-3.024304573559e-07
1.913294894138e-06
4.198745327439e-06
3.864034776723e-06
2.338891784424e-06
1.483074609740e-06
1.548832476724e-06
1.328579532543e-06
2.642022510792e-06
1.402124905018e-06
2.092925374495e-07
-7.521404226065e-07
-4.270264148597e-06
-6.059227013657e-06
-2.079061926648e-06
-1.186470080835e-06
-2.311745372751e-06
-3.890892059757e-06
-4.359206846767e-06
-3.743124136372e-06
-5.131822683049e-06
-3.379998156670e-06
-1.129557486799e-06
-1.507438803933e-06
-2.085217430075e-07
-1.362785350108e-07
-2.412155814992e-06
-3.561355890075e-07
4.604099806731e-07
-1.457465815284e-06
-2.625226329043e-06
-3.378314398823e-06
-3.402811534626e-06
-2.955713260570e-07
1.347333573368e-06
3.151949108592e-06
4.745283695029e-06
5.318004683383e-06
7.047104188391e-06
7.638490538440e-06
7.761930307259e-06
7.038066860868e-06
4.202465033917e-06
4.574453772894e-06
7.392457802059e-06
6.730416544886e-06
6.757459520533e-06
8.349916373089e-06
8.570523801285e-06
9.069327231315e-06
9.412740288677e-06
9.311895769426e-06
8.984076066439e-06
8.707008900796e-06
8.765602387514e-06
8.563611394441e-06
8.642047927068e-06
8.254223200210e-06
8.059010680476e-06
7.965791962767e-06
7.374270007516e-06
7.270095022532e-06
7.506143932639e-06
8.119213514357e-06
8.459214325041e-06
9.287037174999e-06
8.936122133416e-06
9.516837157484e-06
9.517100292806e-06
9.757889129190e-06
9.270192751129e-06
9.236261793090e-06
9.284636488085e-06
9.072812345253e-06
9.473987337749e-06
9.249059192511e-06
9.416750056324e-06
9.035741492509e-06
9.550960842658e-06
9.694503891071e-06
1.001264803487e-05
1.023420577038e-05
9.656185667202e-06
9.801538590015e-06
9.549877348434e-06
1.022895023968e-05
1.006758610657e-05
1.025772895296e-05
1.043148372515e-05
1.092727331562e-05
1.151138511871e-05
1.127931161457e-05
1.216847285692e-05
1.224193592128e-05
1.228835245512e-05
1.182130766918e-05
1.251632927311e-05
1.257938631037e-05
1.206293904224e-05
1.217766153655e-05
1.187170522395e-05
1.140265973929e-05
1.178427250942e-05
1.143352661658e-05
1.145302660741e-05
1.098210496396e-05
1.104014550234e-05
1.097472387793e-05
1.076939742734e-05
1.069545032637e-05
1.076889159902e-05
1.124162677833e-05
1.109685933292e-05
1.185164125729e-05
1.162594858861e-05
1.149183400696e-05
1.148514022183e-05
1.088734806361e-05
1.083139108112e-05
1.082153011009e-05
1.094990615698e-05
1.141160137001e-05
1.147929356345e-05
1.207604445317e-05
1.224637333463e-05
1.283337129262e-05
1.261308304414e-05
1.320913159392e-05
1.348422500719e-05
1.336949012678e-05
1.299353516469e-05
1.286172586169e-05
1.279419358823e-05
1.346755564423e-05
1.329495206272e-05
1.303649767947e-05
1.329824714292e-05
1.322285101003e-05
1.351344283707e-05
1.310217179844e-05
1.407426688758e-05
1.370413734903e-05
1.287855924548e-05
1.262999926873e-05
1.210969102204e-05
1.182127170403e-05
1.090456059598e-05
1.127556653494e-05
1.152046474326e-05
1.122454132425e-05
1.167049708689e-05
1.097770147300e-05
1.113068163035e-05
1.071572796681e-05
1.110132553578e-05
1.056789042612e-05
1.101331663268e-05
1.116518178829e-05
1.092452505667e-05
1.139901572310e-05
1.024418023618e-05
1.070800622299e-05
9.874283491815e-06
9.045439487322e-06
9.381103443524e-06
8.838989072373e-06
9.020131777130e-06
8.824399862874e-06
8.569602585759e-06
9.285874101118e-06
1.050765504375e-05
1.129431782496e-05
1.064887808800e-05
1.089619235653e-05
1.157926889195e-05
1.321981686579e-05
1.385006031315e-05
1.358551365829e-05
1.341727212835e-05
1.422566907033e-05
1.452923068043e-05
1.583234448757e-05
1.577176189719e-05
1.635869365804e-05
1.753554145145e-05
1.810139488427e-05
1.831107289719e-05
1.871065341340e-05
1.948263695759e-05
1.712624447692e-05
1.738036135465e-05
1.722077265217e-05
1.699814689505e-05
1.663662879588e-05
1.508273683519e-05
1.659233346103e-05
1.477393330633e-05
1.628615209907e-05
1.590385897835e-05
1.543611901292e-05
1.588894776379e-05
1.648400742081e-05
1.541438940852e-05
1.455347506522e-05
1.498110232303e-05
1.395383212315e-05
1.425044284680e-05
1.288859651196e-05
1.183369290007e-05
1.277148186439e-05
1.297581678436e-05
1.123512132190e-05
1.147281601212e-05
1.007931135192e-05
1.040706970035e-05
7.886407910530e-06
6.807784248016e-06
5.629133161594e-06
5.076315723445e-06
4.717583341555e-06
7.313119514989e-06
6.316940345595e-06
5.820429932067e-06
5.318939894804e-06
4.812762219688e-06
4.376121357653e-06
3.773075975490e-06
4.375866345073e-06
3.213408387515e-06
3.063195578582e-06
2.598086070213e-06
2.922453388080e-06
1.850418989137e-06
7.598273897301e-06
7.037332514466e-06
9.895599763110e-06
2.017851143672e-05
3.584908617975e-05
8.333263999070e-06
5.487284608857e-06
0.000000000000e+00
0.000000000000e+00
0.000000000000e+00
0.000000000000e+00
0.000000000000e+00
0.000000000000e+00
0.000000000000e+00
3.876743190226e-07
-6.528578497677e-07
7.411512323699e-07
-2.764525290918e-06
-6.318964499445e-06
-1.391217706248e-05
-5.333422792946e-07
1.528334571828e-07
-5.314645239538e-07
-1.036622113270e-06
2.445740880301e-07
5.856578624946e-08
6.224824693387e-07
-4.030070931527e-07
1.191469083347e-06
1.132263307530e-06
-1.581134969065e-07
8.265762510226e-07
2.135168769355e-08
-1.135652339735e-06
-4.484238843935e-07
1.440943719411e-06
4.992363153538e-07
1.339472914761e-06
8.302284772903e-07
1.118617719753e-06
8.895763633645e-07
-3.770972943979e-08
6.510579629570e-08
-1.399548531846e-06
4.617421555172e-07
-2.843126946946e-07
-4.846731394409e-08
-3.805609149054e-07
5.865780381645e-07
-2.284215794871e-07
1.155937668186e-06
9.976000386387e-07
3.330888673269e-07
5.155898885215e-07
7.108417856247e-07
1.151425297272e-06
8.561291716957e-07
1.349843442502e-06
-5.933185556172e-07
-4.230704642806e-07
-5.871253431043e-07
2.056383138710e-08
8.234741493280e-07
9.496041486548e-07
-9.484406684194e-07
-2.971007950422e-06
2.972432511677e-07
-9.957806008538e-07
-1.779775010462e-07
-8.175207674559e-07
-2.140982698738e-06
8.106199081161e-07
9.010294284301e-08
9.699293066065e-07
-1.264731190745e-06
-1.531138079103e-06
-1.033357833478e-06
-4.194198550398e-07
-5.804739274183e-07
-1.179986680159e-06
-1.182091797680e-06
2.679870945731e-07
9.634208391054e-07
2.062441025710e-07
-7.846145274183e-07
8.181081870376e-07
-8.661505251086e-07
1.081675156409e-06
-3.003517140430e-08
2.808933844677e-07
5.481905454892e-07
-3.110799809804e-06
5.385340463441e-08
-2.330847843011e-07
1.155750820919e-06
-7.537699484957e-07
5.077646884140e-07
-1.112962471016e-06
-8.154482455129e-07
1.079858603937e-06
1.801521650452e-07
-4.904748237602e-07
1.128435142540e-06
-1.399649515772e-06
3.883034635161e-07
9.923291762161e-07
4.701557157677e-07
8.509913426699e-07
6.557529795710e-07
-6.016530563849e-07
7.968550919269e-07
1.457050288682e-06
4.331449346333e-07
1.171505308147e-06
1.073347790727e-06
1.063447375419e-06
2.185901488667e-07
-1.074973829342e-06
-4.178538735194e-07
5.381494994258e-07
-2.437854089376e-07
1.082536964982e-06
1.053753712130e-06
8.713205698215e-07
1.329808619971e-06
-2.369338598059e-06
1.093219109581e-06
1.489966114776e-06
1.072499299783e-06
1.177295831781e-06
2.951772076183e-07
1.612084408301e-07
1.366224587237e-07
1.703383158935e-07
-2.908948317484e-07
-8.407128099000e-07
-8.835198054742e-07
-6.110085266473e-07
-1.178851938581e-06
1.066811382045e-06
1.218127369025e-06
6.597206049785e-07
-2.595986797849e-09
-1.852004179967e-06
-8.872496447204e-08
8.986484733935e-07
-7.829319493613e-07
-2.973517462817e-07
-3.064528631247e-07
-1.026858566782e-06
-2.954759027796e-07
9.062769658645e-07
4.494778218140e-07
7.672064230462e-07
-1.214406170147e-06
-2.207786030113e-06
2.498381901032e-07
-1.366695195237e-07
4.413497787430e-07
-5.965312428140e-07
1.437424614194e-07
-1.549292028956e-06
9.077808505538e-07
1.169794662463e-06
-6.600719569634e-07
-2.569589595075e-06
3.571996208054e-07
-4.299042816946e-07
2.845371181656e-07
-4.240261866989e-07
-2.079732617742e-07
1.085671931555e-06
-1.537892882369e-06
-2.497395192355e-07
-3.530295654333e-07
-8.342110794871e-07
-4.222454127871e-07
7.526495157129e-07
3.139092961656e-07
-4.892407595267e-06
-4.045579970032e-07
-2.640520402677e-06
-3.503946561925e-07
-1.968525134602e-07
-1.198757131071e-06
6.429440902645e-07
8.416877636699e-07
-2.390071624144e-06
-1.176676343873e-06
1.420785312067e-06
2.702269183043e-07
1.597135644022e-07
1.600124136849e-07
-8.039035541710e-07
1.348503614717e-06
5.790538440978e-07
3.251058129968e-07
-9.846090830462e-07
9.850133760505e-07
5.348723347613e-07
9.623833771022e-07
6.855365749323e-07
1.083104877623e-06
3.918580693140e-07
4.654425897172e-07
1.638628603841e-06
3.079282844118e-07
1.036634918205e-06
-1.330771706434e-06
-9.148786631215e-07
-5.113858994097e-07
-4.946344121158e-06
-9.659633028731e-07
-2.471359414808e-06
6.113030029516e-07
6.565049078409e-07
-2.292836322602e-06
1.021354981866e-06
2.413152816312e-07
-1.388097890097e-07
-3.458218638914e-07
1.313470593115e-06
1.580439947400e-06
4.843725748011e-07
1.434329776016e-06
-9.605679765000e-07
-8.327978680258e-07
-2.383335295843e-06
1.589474296233e-06
8.191962790387e-07
1.526009453284e-06
-1.769657153594e-06
1.082586395981e-06
-1.617761668604e-06
-3.546526272552e-06
-1.016128042327e-06
1.204251278333e-07
-1.665221310946e-06
8.428147029097e-07
1.011188906989e-06
-2.337638575529e-06
-4.324329153783e-06
-2.682687248106e-06
7.982688598828e-07
-3.761350491992e-06
-3.697881537774e-07
-7.376464748870e-06
-4.529014779665e-06
5.781867848140e-07
2.216245799086e-07
-6.851413241265e-06
