9.990000000000e-01
9.989994882978e-01
9.990001756992e-01
9.989999075021e-01
9.989999907352e-01
9.990000199078e-01
9.989999994721e-01
9.989999892241e-01
9.989999854571e-01
9.989999853718e-01
9.989999889103e-01
9.989999900613e-01
9.989999896194e-01
9.989999837386e-01
9.989999825889e-01
9.989999843483e-01
9.989999856364e-01
9.989999835793e-01
9.989999841957e-01
9.989999852879e-01
9.989999864609e-01
9.989999863150e-01
9.989999870632e-01
9.989999859827e-01
9.989999872763e-01
9.989999888305e-01
9.989999906940e-01
9.989999924013e-01
9.989999950426e-01
9.989999971730e-01
9.989999984239e-01
9.989999987937e-01
9.989999990299e-01
9.990000007179e-01
9.990000024702e-01
9.990000043497e-01
9.990000048848e-01
9.990000034362e-01
9.990000035604e-01
9.990000044015e-01
9.990000047287e-01
9.990000049363e-01
9.990000048636e-01
9.990000057966e-01
9.990000064409e-01
9.990000069845e-01
9.990000070516e-01
9.990000071652e-01
9.990000060329e-01
9.990000062109e-01
9.990000070183e-01
9.990000072583e-01
9.990000077116e-01
9.990000072673e-01
9.990000072317e-01
9.990000076918e-01
9.990000077787e-01
9.990000072992e-01
9.990000062530e-01
9.990000059710e-01
9.990000051703e-01
9.990000052834e-01
9.990000056561e-01
9.990000062528e-01
9.990000066068e-01
9.990000063602e-01
9.990000056781e-01
9.990000049309e-01
9.990000043830e-01
9.990000043490e-01
9.990000034916e-01
9.990000035038e-01
9.990000036793e-01
9.990000047383e-01
9.990000051384e-01
9.990000053351e-01
9.990000047453e-01
9.990000039408e-01
9.990000030438e-01
9.990000019448e-01
9.990000017551e-01
9.990000028113e-01
9.990000034436e-01
9.990000034249e-01
9.990000033770e-01
9.990000025009e-01
9.990000015445e-01
9.990000009722e-01
9.990000005371e-01
9.990000000370e-01
9.989999999036e-01
9.990000005060e-01
9.990000000709e-01
9.989999995592e-01
9.989999995714e-01
9.990000000015e-01
9.990000005450e-01
9.990000011436e-01
9.990000011905e-01
9.990000010181e-01
9.990000008897e-01
9.990000005756e-01
9.990000004899e-01
9.990000010371e-01
9.990000008259e-01
9.990000005664e-01
9.990000001456e-01
9.990000000129e-01
9.989999992421e-01
9.989999981025e-01
9.989999969147e-01
9.989999964815e-01
9.989999959140e-01
9.989999951912e-01
9.989999949238e-01
9.989999955090e-01
9.989999960768e-01
9.989999985032e-01
9.989999968506e-01
9.989999968362e-01
9.989999972262e-01
9.989999980881e-01
9.989999981132e-01
9.989999984953e-01
9.989999980348e-01
9.989999970696e-01
9.989999973796e-01
9.989999973549e-01
9.989999976544e-01
9.989999983633e-01
9.989999995700e-01
9.989999991462e-01
9.989999986163e-01
9.989999977690e-01
9.989999969661e-01
9.989999968678e-01
9.989999976544e-01
9.989999978424e-01
9.989999982324e-01
9.989999976536e-01
9.989999969258e-01
9.989999968798e-01
9.989999962735e-01
9.989999952778e-01
9.989999944321e-01
9.989999937231e-01
9.989999934644e-01
9.989999929412e-01
9.989999927296e-01
9.989999933689e-01
9.989999935009e-01
9.989999931176e-01
9.989999928712e-01
9.989999928112e-01
9.989999925683e-01
9.989999927541e-01
9.989999919322e-01
9.989999915315e-01
9.989999909525e-01
9.989999901231e-01
9.989999902700e-01
9.989999897905e-01
9.989999882162e-01
9.989999870623e-01
9.989999866507e-01
9.989999859912e-01
9.989999857546e-01
9.989999856711e-01
9.989999861261e-01
9.989999874231e-01
9.989999876320e-01
9.989999878797e-01
9.989999881518e-01
9.989999884094e-01
9.989999873937e-01
9.989999857856e-01
9.989999854499e-01
9.989999849731e-01
9.989999846998e-01
9.989999839390e-01
9.989999831248e-01
9.989999813168e-01
9.989999791113e-01
9.989999777547e-01
9.989999762028e-01
9.989999750302e-01
9.989999735342e-01
9.989999717147e-01
9.989999704877e-01
9.989999685673e-01
9.989999664529e-01
9.989999652277e-01
9.989999643050e-01
9.989999630949e-01
9.989999620147e-01
9.989999610870e-01
9.989999595760e-01
9.989999586479e-01
9.989999578551e-01
9.989999576300e-01
9.989999564926e-01
9.989999557147e-01
9.989999543005e-01
9.989999529797e-01
9.989999528000e-01
9.989999521650e-01
9.989999515766e-01
9.989999511819e-01
9.989999512624e-01
9.989999518503e-01
9.989999521108e-01
9.989999513971e-01
9.989999509066e-01
9.989999523362e-01
9.989999538575e-01
9.989999545524e-01
9.989999552123e-01
9.989999554582e-01
9.989999552596e-01
9.989999548796e-01
9.989999560046e-01
9.989999566796e-01
9.989999583740e-01
9.989999595273e-01
9.989999609824e-01
9.989999623382e-01
9.989999633156e-01
9.989999646407e-01
9.989999650581e-01
9.989999655452e-01
9.989999669003e-01
9.989999679627e-01
9.989999686341e-01
9.989999689661e-01
9.989999700274e-01
9.989999721994e-01
9.989999745016e-01
9.989999761121e-01
9.989999789659e-01
9.989999814849e-01
9.989999830338e-01
9.989999843028e-01
9.989999854522e-01
9.989999861901e-01
9.989999873069e-01
9.989999877601e-01
9.989999881665e-01
9.989999892762e-01
9.989999897089e-01
9.989999896569e-01
9.989999898785e-01
9.989999896156e-01
9.989999897548e-01
9.989999902793e-01
9.989999908389e-01
9.989999913352e-01
9.989999920283e-01
9.989999929081e-01
9.989999938555e-01
9.989999936924e-01
9.989999939433e-01
9.989999939652e-01
9.989999947057e-01
9.989999951266e-01
9.989999947490e-01
9.989999943396e-01
9.989999940257e-01
9.989999940797e-01
9.989999938681e-01
9.989999938917e-01
9.989999933995e-01
9.989999925508e-01
9.989999912318e-01
9.989999905129e-01
9.989999902109e-01
9.989999901713e-01
9.989999895453e-01
9.989999892238e-01
9.989999886630e-01
9.989999888477e-01
9.989999891135e-01
9.989999889322e-01
9.989999890799e-01
9.989999893540e-01
9.989999896680e-01
9.989999898123e-01
9.989999899865e-01
9.989999905128e-01
9.989999910054e-01
9.989999917789e-01
9.989999923304e-01
9.989999922782e-01
9.989999924272e-01
9.989999928097e-01
9.989999937092e-01
9.989999948306e-01
9.989999961335e-01
9.989999961527e-01
9.989999959139e-01
9.989999959788e-01
9.989999957122e-01
9.989999956407e-01
9.989999957175e-01
9.989999950733e-01
9.989999942480e-01
9.989999933727e-01
9.989999933311e-01
9.989999932482e-01
9.989999926762e-01
9.989999927842e-01
9.989999930459e-01
9.989999933313e-01
9.989999931944e-01
9.989999935585e-01
9.989999933676e-01
9.989999927704e-01
9.989999927030e-01
9.989999929304e-01
9.989999930863e-01
9.989999931399e-01
9.989999936904e-01
9.989999937229e-01
9.989999932355e-01
9.989999933213e-01
9.989999941895e-01
9.989999944272e-01
9.989999947022e-01
9.989999955635e-01
9.989999968849e-01
9.989999978017e-01
9.989999986820e-01
9.989999992776e-01
9.990000006195e-01
9.990000008955e-01
9.990000012168e-01
9.990000008453e-01
9.990000010856e-01
9.990000017818e-01
9.990000024998e-01
9.990000023361e-01
9.990000021175e-01
9.990000021362e-01
9.990000017402e-01
9.990000010039e-01
9.990000008802e-01
9.990000008989e-01
9.990000006231e-01
9.990000003536e-01
9.990000003255e-01
9.990000006368e-01
9.990000000412e-01
9.990000000312e-01
9.989999998292e-01
9.989999999866e-01
9.990000002694e-01
9.990000007849e-01
9.990000014599e-01
9.990000015057e-01
9.990000017395e-01
9.990000018805e-01
9.990000017539e-01
9.990000016193e-01
9.990000018333e-01
9.990000023177e-01
9.990000026613e-01
9.990000027933e-01
9.990000028573e-01
9.990000030461e-01
9.990000029850e-01
9.990000031077e-01
9.990000029278e-01
9.990000028232e-01
9.990000028877e-01
9.990000032807e-01
9.990000033734e-01
9.990000032982e-01
9.990000034863e-01
9.990000037207e-01
9.990000043192e-01
9.990000048678e-01
9.990000053139e-01
9.990000058465e-01
9.990000061754e-01
9.990000063173e-01
9.990000069780e-01
9.990000071483e-01
9.990000070090e-01
9.990000067255e-01
9.990000065326e-01
9.990000072284e-01
9.990000069832e-01
9.990000069804e-01
9.990000069413e-01
9.990000067710e-01
9.990000064315e-01
9.990000062392e-01
9.990000061136e-01
9.990000057512e-01
9.990000056978e-01
9.990000055569e-01
9.990000049783e-01
9.990000048748e-01
9.990000053316e-01
9.990000050467e-01
9.990000047452e-01
9.990000037529e-01
9.990000030241e-01
9.990000029643e-01
9.990000033061e-01
9.990000035541e-01
9.990000035652e-01
9.990000038447e-01
9.990000040354e-01
9.990000042932e-01
9.990000046940e-01
9.990000045805e-01
9.990000044824e-01
9.990000040328e-01
9.990000042402e-01
9.990000043663e-01
9.990000047780e-01
9.990000043252e-01
9.990000044022e-01
9.990000044501e-01
9.990000046696e-01
9.990000052220e-01
9.990000051419e-01
9.990000052042e-01
9.990000051922e-01
9.990000052105e-01
9.990000054684e-01
9.990000056858e-01
9.990000056297e-01
9.990000053924e-01
9.990000051334e-01
9.990000047840e-01
9.990000041596e-01
9.990000039373e-01
9.990000038262e-01
9.990000038900e-01
9.990000047011e-01
9.990000051846e-01
9.990000048387e-01
9.990000044217e-01
9.990000040292e-01
9.990000037809e-01
9.990000037326e-01
9.990000039926e-01
9.990000037481e-01
9.990000034908e-01
9.990000026737e-01
9.990000022059e-01
9.990000019014e-01
9.990000014062e-01
9.990000009397e-01
9.990000005529e-01
9.990000001446e-01
9.989999999766e-01
9.989999999391e-01
9.989999998762e-01
9.989999996154e-01
9.989999994081e-01
9.989999993466e-01
9.989999996749e-01
9.990000001447e-01
9.990000002095e-01
9.990000000527e-01
9.990000002837e-01
9.990000004364e-01
9.990000006282e-01
9.990000003629e-01
9.990000001563e-01
9.990000001203e-01
9.990000000843e-01
9.990000002867e-01
9.990000003293e-01
9.990000006097e-01
9.990000009021e-01
9.990000007641e-01
9.990000005925e-01
9.990000006449e-01
9.990000006602e-01
9.990000003884e-01
9.990000002594e-01
9.989999994885e-01
9.989999989022e-01
9.989999987412e-01
9.989999991048e-01
9.989999995386e-01
9.989999996210e-01
9.989999996244e-01
9.989999991700e-01
9.989999991912e-01
9.989999993784e-01
9.989999991644e-01
9.989999991936e-01
9.989999991857e-01
9.989999993694e-01
9.989999991894e-01
9.989999992098e-01
9.989999994501e-01
9.989999994503e-01
9.989999987898e-01
9.989999979033e-01
9.989999973851e-01
9.989999963072e-01
9.989999956597e-01
9.989999956255e-01
9.989999956366e-01
9.989999955639e-01
9.989999955656e-01
9.989999949578e-01
9.989999943810e-01
9.989999938727e-01
9.989999932115e-01
9.989999928538e-01
9.989999924033e-01
9.989999923904e-01
9.989999919188e-01
9.989999923019e-01
9.989999921246e-01
9.989999918018e-01
9.989999918395e-01
9.989999920225e-01
9.989999919020e-01
9.989999921332e-01
9.989999925380e-01
9.989999924838e-01
9.989999927999e-01
9.989999933015e-01
9.989999934145e-01
9.989999933937e-01
9.989999936695e-01
9.989999941163e-01
9.989999945744e-01
9.989999949239e-01
9.989999953568e-01
9.989999955119e-01
9.989999958711e-01
9.989999965380e-01
9.989999970989e-01
9.989999975236e-01
9.989999974481e-01
9.989999975817e-01
9.989999977953e-01
9.989999982169e-01
9.989999984560e-01
9.989999983167e-01
9.989999986355e-01
9.989999987550e-01
9.989999985263e-01
9.989999983389e-01
9.989999983803e-01
9.989999986484e-01
9.989999985263e-01
9.989999983737e-01
9.989999982138e-01
9.989999982544e-01
9.989999982056e-01
9.989999974354e-01
9.989999972624e-01
9.989999971865e-01
9.989999974095e-01
9.989999974838e-01
9.989999976544e-01
9.989999980200e-01
9.989999981980e-01
9.989999983110e-01
9.989999989888e-01
9.989999995275e-01
9.989999994135e-01
9.989999988486e-01
9.989999987038e-01
9.989999991206e-01
9.989999996050e-01
9.989999999815e-01
9.990000004029e-01
9.990000008173e-01
9.990000011969e-01
9.990000013678e-01
9.990000016875e-01
9.990000020644e-01
9.990000017973e-01
9.990000017027e-01
9.990000014897e-01
9.990000012268e-01
9.990000012532e-01
9.990000016344e-01
9.990000018667e-01
9.990000023237e-01
9.990000018675e-01
9.990000015107e-01
9.990000005270e-01
9.989999998044e-01
9.989999998544e-01
9.989999996360e-01
9.989999995075e-01
9.989999988513e-01
9.989999982034e-01
9.989999982625e-01
9.989999981481e-01
9.989999977033e-01
9.989999973814e-01
9.989999968122e-01
9.989999965719e-01
9.989999966247e-01
9.989999970474e-01
9.989999976046e-01
9.989999977937e-01
9.989999976672e-01
9.989999977371e-01
9.989999979566e-01
9.989999980345e-01
9.989999983832e-01
9.989999990678e-01
9.989999994696e-01
9.990000000106e-01
9.990000008465e-01
9.990000013728e-01
9.990000012019e-01
9.990000010658e-01
9.990000010633e-01
9.990000010405e-01
9.990000007740e-01
9.990000007540e-01
9.990000004391e-01
9.989999999616e-01
9.989999994900e-01
9.989999993484e-01
9.989999990977e-01
9.989999990689e-01
9.989999987707e-01
9.989999989157e-01
9.989999990204e-01
9.989999989142e-01
9.989999991049e-01
9.989999993855e-01
9.989999993674e-01
9.989999996890e-01
9.989999996749e-01
9.989999999899e-01
9.990000002575e-01
9.990000005784e-01
9.990000008401e-01
9.990000005972e-01
9.990000004987e-01
9.990000006253e-01
9.990000009771e-01
9.990000011214e-01
9.990000008339e-01
9.990000003877e-01
9.990000005198e-01
9.990000004415e-01
9.990000003316e-01
9.990000000725e-01
9.989999994820e-01
9.989999994104e-01
9.989999993278e-01
9.989999989292e-01
9.989999983682e-01
9.989999978102e-01
9.989999976180e-01
9.989999974145e-01
9.989999972791e-01
9.989999969719e-01
9.989999961055e-01
9.989999962963e-01
9.989999963429e-01
9.989999966013e-01
9.989999971521e-01
9.989999971510e-01
9.989999966431e-01
9.989999966117e-01
9.989999966511e-01
9.989999970980e-01
9.989999973279e-01
9.989999975918e-01
9.989999976745e-01
9.989999976310e-01
9.989999976203e-01
9.989999972634e-01
9.989999965054e-01
9.989999962417e-01
9.989999961363e-01
9.989999962311e-01
9.989999959150e-01
9.989999955495e-01
9.989999958642e-01
9.989999961156e-01
9.989999961433e-01
9.989999958869e-01
9.989999957383e-01
9.989999956231e-01
9.989999953574e-01
9.989999957094e-01
9.989999962814e-01
9.989999967519e-01
9.989999965142e-01
9.989999963066e-01
9.989999958123e-01
9.989999963716e-01
9.989999964192e-01
9.989999965938e-01
9.989999965102e-01
9.989999965900e-01
9.989999967933e-01
9.989999970531e-01
9.989999971552e-01
9.989999970817e-01
9.989999969272e-01
9.989999969374e-01
9.989999969300e-01
9.989999961803e-01
9.989999958660e-01
9.989999959841e-01
9.989999957261e-01
9.989999951603e-01
9.989999944868e-01
9.989999946166e-01
9.989999944566e-01
9.989999945291e-01
9.989999947203e-01
9.989999952066e-01
9.989999953685e-01
9.989999958157e-01
9.989999966666e-01
9.989999971628e-01
9.989999973721e-01
9.989999978348e-01
9.989999984328e-01
9.989999986393e-01
9.989999988565e-01
9.989999989676e-01
9.989999989741e-01
9.989999989841e-01
9.989999987969e-01
9.989999987257e-01
9.989999991752e-01
9.989999993339e-01
9.989999991244e-01
9.989999991036e-01
9.989999988919e-01
9.989999988954e-01
9.989999984964e-01
9.989999979561e-01
9.989999980436e-01
9.989999979139e-01
9.989999981105e-01
9.989999984625e-01
9.989999985301e-01
9.989999987687e-01
9.989999989093e-01
9.989999989342e-01
9.989999991207e-01
9.989999989235e-01
9.989999982011e-01
9.989999977433e-01
9.989999976317e-01
9.989999975581e-01
9.989999975279e-01
9.989999974611e-01
9.989999971744e-01
9.989999970455e-01
9.989999969211e-01
9.989999969017e-01
9.989999971916e-01
9.989999974742e-01
9.989999978105e-01
9.989999975848e-01
9.989999978276e-01
9.989999980576e-01
9.989999986979e-01
9.989999988021e-01
9.989999989633e-01
9.989999998595e-01
9.990000002568e-01
9.990000004532e-01
9.990000005350e-01
9.990000002347e-01
9.990000002522e-01
9.990000006837e-01
9.990000008158e-01
9.990000006963e-01
9.990000002707e-01
9.989999995794e-01
9.989999992920e-01
9.989999992616e-01
9.989999989617e-01
9.989999986914e-01
9.989999986693e-01
9.989999989489e-01
9.989999990773e-01
9.989999990217e-01
9.989999990048e-01
9.989999993619e-01
9.989999997438e-01
9.989999996640e-01
9.989999997069e-01
9.989999996106e-01
9.989999993638e-01
9.989999992983e-01
9.989999992478e-01
9.989999992602e-01
9.989999991932e-01
9.989999992330e-01
9.989999989515e-01
9.989999986601e-01
9.989999986701e-01
9.989999987357e-01
9.989999987072e-01
9.989999990603e-01
9.989999996345e-01
9.989999998064e-01
9.989999997084e-01
9.989999997198e-01
9.989999998712e-01
9.989999998242e-01
9.989999999574e-01
9.990000000855e-01
9.990000000892e-01
9.990000000592e-01
9.989999999432e-01
9.989999996985e-01
9.989999996373e-01
9.989999993307e-01
9.989999989424e-01
9.989999983762e-01
9.989999982772e-01
9.989999979765e-01
9.989999976117e-01
9.989999972457e-01
9.989999972679e-01
9.989999973232e-01
9.989999970517e-01
9.989999972798e-01
9.989999978363e-01
9.989999978730e-01
9.989999981915e-01
9.989999985343e-01
9.989999985021e-01
9.989999985389e-01
9.989999986303e-01
9.989999989206e-01
9.989999991939e-01
9.989999995028e-01
9.989999997686e-01
9.989999997055e-01
9.990000000058e-01
9.990000001666e-01
9.990000004375e-01
9.990000000999e-01
9.990000003815e-01
9.989999998347e-01
9.989999996951e-01
9.989999997159e-01
9.989999996778e-01
9.989999993839e-01
9.989999994544e-01
9.989999997020e-01
9.989999999142e-01
9.989999998873e-01
9.989999999340e-01
9.989999997711e-01
9.989999994996e-01
9.989999994955e-01
9.989999990872e-01
9.989999989829e-01
9.989999992450e-01
9.989999988496e-01
9.989999985106e-01
9.989999982112e-01
9.989999983439e-01
9.989999986642e-01
9.989999989723e-01
9.989999993950e-01
9.989999998955e-01
9.990000002572e-01
9.990000004487e-01
9.990000003772e-01
9.990000001888e-01
9.990000000146e-01
9.989999997627e-01
9.990000000346e-01
9.989999997500e-01
9.989999995144e-01
9.989999994495e-01
9.989999995061e-01
9.989999995985e-01
9.989999998022e-01
9.989999998116e-01
9.989999997233e-01
9.989999997057e-01
9.990000002142e-01
9.990000007371e-01
9.990000012706e-01
9.990000017124e-01
9.990000020493e-01
9.990000021219e-01
9.990000024036e-01
9.990000025526e-01
9.990000027604e-01
9.990000026354e-01
9.990000024649e-01
9.990000026063e-01
9.990000027515e-01
9.990000027142e-01
9.990000024923e-01
9.990000022958e-01
9.990000021036e-01
9.990000016295e-01
9.990000011544e-01
9.990000013372e-01
9.990000014190e-01
9.990000012577e-01
9.990000011508e-01
9.990000008401e-01
9.990000009422e-01
9.990000010929e-01
9.990000012553e-01
9.990000013128e-01
9.990000014963e-01
9.990000014239e-01
9.990000012773e-01
9.990000014621e-01
9.990000012732e-01
9.990000010098e-01
9.990000005932e-01
9.990000004096e-01
9.990000001430e-01
9.990000004400e-01
9.990000002706e-01
9.990000000981e-01
9.989999996421e-01
9.989999989545e-01
9.989999977739e-01
9.989999969174e-01
9.989999962541e-01
9.989999960117e-01
9.989999957557e-01
9.989999956807e-01
9.989999951937e-01
9.989999953317e-01
9.989999955772e-01
9.989999957907e-01
9.989999954425e-01
9.989999959565e-01
9.989999960681e-01
9.989999961488e-01
9.989999960058e-01
9.989999968584e-01
9.989999976083e-01
9.989999975729e-01
9.989999976362e-01
9.989999973094e-01
9.989999972632e-01
9.989999975077e-01
9.989999976919e-01
9.989999973737e-01
9.989999972339e-01
9.989999970776e-01
9.989999966047e-01
9.989999969876e-01
9.989999974009e-01
9.989999976038e-01
9.989999976319e-01
9.989999969490e-01
9.989999966197e-01
9.989999965976e-01
9.989999971912e-01
9.989999973850e-01
9.989999973025e-01
9.989999972838e-01
9.989999974271e-01
9.989999979437e-01
9.989999982800e-01
9.989999978693e-01
9.989999974540e-01
9.989999972304e-01
9.989999968656e-01
9.989999971080e-01
9.989999975288e-01
9.989999975406e-01
9.989999975945e-01
9.989999979038e-01
9.989999982449e-01
9.989999985838e-01
9.989999987471e-01
9.989999988759e-01
9.989999991163e-01
9.989999988834e-01
9.989999986524e-01
9.989999983100e-01
9.989999989318e-01
9.989999994584e-01
9.989999993186e-01
9.989999989099e-01
9.989999985841e-01
9.989999984147e-01
9.989999981715e-01
9.989999982259e-01
9.989999986385e-01
9.989999988772e-01
9.989999994218e-01
9.989999997125e-01
9.990000001995e-01
9.990000002125e-01
9.990000001998e-01
9.990000002543e-01
9.990000006903e-01
9.990000013699e-01
9.990000017459e-01
9.990000020389e-01
9.990000023889e-01
9.990000026995e-01
9.990000025193e-01
9.990000026019e-01
9.990000024625e-01
9.990000024974e-01
9.990000028033e-01
9.990000028630e-01
9.990000032892e-01
9.990000037638e-01
9.990000040102e-01
9.990000043567e-01
9.990000044938e-01
9.990000044735e-01
9.990000046808e-01
9.990000047064e-01
9.990000048465e-01
9.990000047794e-01
9.990000045571e-01
9.990000044065e-01
9.990000044834e-01
9.990000046142e-01
9.990000044499e-01
9.990000041018e-01
9.990000039846e-01
9.990000043053e-01
9.990000043230e-01
9.990000043987e-01
9.990000045373e-01
9.990000044142e-01
9.990000044342e-01
9.990000045163e-01
9.990000046076e-01
9.990000046824e-01
9.990000046441e-01
9.990000046621e-01
9.990000046522e-01
9.990000045320e-01
9.990000044099e-01
9.990000041636e-01
9.990000041447e-01
9.990000039903e-01
9.990000041658e-01
9.990000040513e-01
9.990000040643e-01
9.990000038042e-01
9.990000038644e-01
9.990000038247e-01
9.990000033868e-01
9.990000027665e-01
9.990000025111e-01
9.990000025937e-01
9.990000028247e-01
9.990000024349e-01
9.990000017187e-01
9.990000018084e-01
9.990000018993e-01
9.990000016001e-01
9.990000007068e-01
9.990000000053e-01
9.990000001413e-01
9.990000007006e-01
9.990000010176e-01
9.990000008290e-01
9.990000008040e-01
9.990000009645e-01
9.990000012608e-01
9.990000012130e-01
9.990000013820e-01
9.990000016682e-01
9.990000020140e-01
9.990000022768e-01
9.990000025868e-01
9.990000028218e-01
9.990000029688e-01
9.990000032978e-01
9.990000035568e-01
9.990000036729e-01
9.990000039047e-01
9.990000040671e-01
9.990000040637e-01
9.990000039207e-01
9.990000039455e-01
9.990000038765e-01
9.990000039204e-01
9.990000037784e-01
9.990000030938e-01
9.990000029024e-01
9.990000027431e-01
9.990000029918e-01
9.990000028163e-01
9.990000022757e-01
9.990000021025e-01
9.990000017014e-01
9.990000015508e-01
9.990000013834e-01
9.990000016104e-01
9.990000015095e-01
9.990000013925e-01
9.990000012229e-01
9.990000009869e-01
9.990000009289e-01
9.990000008401e-01
9.990000008465e-01
9.990000013373e-01
9.990000015244e-01
9.990000017258e-01
9.990000016030e-01
9.990000013253e-01
9.990000015010e-01
9.990000018972e-01
9.990000020024e-01
9.990000021767e-01
9.990000020102e-01
9.990000020672e-01
9.990000021298e-01
9.990000019749e-01
9.990000018163e-01
9.990000015115e-01
9.990000019119e-01
9.990000022143e-01
9.990000022601e-01
9.990000025471e-01
9.990000027848e-01
9.990000028647e-01
9.990000028763e-01
9.990000031851e-01
9.990000032068e-01
9.990000031786e-01
9.990000031705e-01
9.990000034216e-01
9.990000036036e-01
9.990000036613e-01
9.990000040722e-01
9.990000040545e-01
9.990000037153e-01
9.990000036812e-01
9.990000037887e-01
9.990000037456e-01
9.990000040856e-01
9.990000042609e-01
9.990000042050e-01
9.990000039264e-01
9.990000037015e-01
9.990000036781e-01
9.990000038879e-01
9.990000042526e-01
9.990000042479e-01
9.990000041026e-01
9.990000040107e-01
9.990000036061e-01
9.990000035288e-01
9.990000037986e-01
9.990000038629e-01
9.990000038104e-01
9.990000039373e-01
9.990000040383e-01
9.990000041731e-01
9.990000044405e-01
9.990000044161e-01
9.990000043586e-01
9.990000045009e-01
9.990000046320e-01
9.990000042680e-01
9.990000040903e-01
9.990000041735e-01
9.990000046797e-01
9.990000052266e-01
9.990000057413e-01
9.990000057198e-01
9.990000055900e-01
9.990000053311e-01
9.990000054260e-01
9.990000055776e-01
9.990000057493e-01
9.990000058066e-01
9.990000058068e-01
9.990000060645e-01
9.990000061051e-01
9.990000061006e-01
9.990000059301e-01
9.990000056923e-01
9.990000058661e-01
9.990000057631e-01
9.990000058007e-01
9.990000060275e-01
9.990000059873e-01
9.990000058776e-01
9.990000057687e-01
9.990000057451e-01
9.990000057287e-01
9.990000056301e-01
9.990000056618e-01
9.990000055522e-01
9.990000057490e-01
9.990000056694e-01
9.990000057296e-01
9.990000060541e-01
9.990000063030e-01
9.990000063269e-01
9.990000065089e-01
9.990000064458e-01
9.990000066346e-01
9.990000063240e-01
9.990000062306e-01
9.990000061583e-01
9.990000062380e-01
9.990000064009e-01
9.990000065237e-01
9.990000067617e-01
9.990000067675e-01
9.990000068287e-01
9.990000070131e-01
9.990000067210e-01
9.990000067841e-01
9.990000065627e-01
9.990000065137e-01
9.990000063815e-01
9.990000062900e-01
9.990000063172e-01
9.990000060094e-01
9.990000057853e-01
9.990000056207e-01
9.990000057805e-01
9.990000057367e-01
9.990000055253e-01
9.990000052134e-01
9.990000056983e-01
9.990000057043e-01
9.990000057417e-01
9.990000055969e-01
9.990000059977e-01
9.990000059123e-01
9.990000060508e-01
9.990000060077e-01
9.990000059245e-01
9.990000059163e-01
9.990000061569e-01
9.990000063546e-01
9.990000064772e-01
9.990000063926e-01
9.990000064486e-01
9.990000066000e-01
9.990000065996e-01
9.990000063454e-01
9.990000061929e-01
9.990000058722e-01
9.990000056279e-01
9.990000052990e-01
9.990000051781e-01
9.990000051316e-01
9.990000052209e-01
9.990000051142e-01
9.990000048199e-01
9.990000047822e-01
9.990000044095e-01
9.990000040951e-01
9.990000039056e-01
9.990000037074e-01
9.990000037378e-01
9.990000034425e-01
9.990000034270e-01
9.990000031556e-01
9.990000029244e-01
9.990000026748e-01
9.990000027836e-01
9.990000023940e-01
9.990000022545e-01
9.990000023022e-01
9.990000026200e-01
9.990000027298e-01
9.990000023140e-01
9.990000025162e-01
9.990000026535e-01
9.990000027513e-01
9.990000028027e-01
9.990000032379e-01
9.990000036212e-01
9.990000038356e-01
9.990000041004e-01
9.990000040380e-01
9.990000038314e-01
9.990000036969e-01
9.990000037093e-01
9.990000037282e-01
9.990000037207e-01
9.990000039092e-01
9.990000043815e-01
9.990000048863e-01
9.990000050019e-01
9.990000046637e-01
9.990000043436e-01
9.990000041894e-01
9.990000041809e-01
9.990000042465e-01
9.990000041365e-01
9.990000040953e-01
9.990000039515e-01
9.990000039926e-01
9.990000041048e-01
9.990000036251e-01
9.990000034217e-01
9.990000032881e-01
9.990000036005e-01
9.990000035689e-01
9.990000032186e-01
9.990000030404e-01
9.990000027334e-01
9.990000028986e-01
9.990000028442e-01
9.990000028949e-01
9.990000024102e-01
9.990000021089e-01
9.990000019924e-01
9.990000016558e-01
9.990000009829e-01
9.990000011072e-01
9.990000018745e-01
9.990000022480e-01
9.990000027572e-01
9.990000029898e-01
9.990000031456e-01
9.990000032297e-01
9.990000027977e-01
9.990000021875e-01
9.990000020581e-01
9.990000017967e-01
9.990000014021e-01
9.990000009161e-01
9.990000008274e-01
9.990000009365e-01
9.990000003771e-01
9.989999999541e-01
9.989999999518e-01
9.990000005625e-01
9.990000007414e-01
9.990000004785e-01
9.990000003500e-01
9.990000001179e-01
9.989999999103e-01
9.990000001259e-01
9.990000004603e-01
9.989999999908e-01
9.990000002695e-01
9.990000009000e-01
9.990000014272e-01
9.990000012871e-01
9.990000013068e-01
9.990000016577e-01
9.990000022194e-01
9.990000031619e-01
9.990000037872e-01
9.990000039778e-01
9.990000040222e-01
9.990000041766e-01
9.990000041854e-01
9.990000039667e-01
9.990000043288e-01
9.990000045829e-01
9.990000051274e-01
9.990000055033e-01
9.990000054065e-01
9.990000050788e-01
9.990000050287e-01
9.990000054173e-01
9.990000052147e-01
9.990000053930e-01
9.990000050737e-01
9.990000054299e-01
9.990000053945e-01
9.990000055605e-01
9.990000057137e-01
9.990000057896e-01
9.990000058923e-01
9.990000059102e-01
9.990000060778e-01
9.990000060836e-01
9.990000060310e-01
9.990000058782e-01
9.990000057348e-01
9.990000060186e-01
9.990000056768e-01
9.990000057007e-01
9.990000059804e-01
9.990000060154e-01
9.990000058351e-01
9.990000061579e-01
9.990000065643e-01
9.990000066836e-01
9.990000066024e-01
9.990000065527e-01
9.990000066497e-01
9.990000067447e-01
9.990000066612e-01
9.990000065525e-01
9.990000065209e-01
9.990000067933e-01
9.990000061866e-01
9.990000061036e-01
9.990000060349e-01
9.990000061959e-01
9.990000062960e-01
9.990000064805e-01
9.990000065991e-01
9.990000067429e-01
9.990000070512e-01
9.990000071382e-01
9.990000071750e-01
9.990000073141e-01
9.990000075154e-01
9.990000073822e-01
9.990000072845e-01
9.990000073763e-01
9.990000071915e-01
9.990000068619e-01
9.990000073357e-01
9.990000076197e-01
9.990000078987e-01
9.990000079912e-01
9.990000076730e-01
9.990000074893e-01
9.990000073308e-01
9.990000070817e-01
9.990000068076e-01
9.990000068684e-01
9.990000067766e-01
9.990000066909e-01
9.990000063940e-01
9.990000064125e-01
9.990000065671e-01
9.990000066240e-01
9.990000067923e-01
9.990000065999e-01
9.990000064127e-01
9.990000067622e-01
9.990000064870e-01
9.990000064471e-01
9.990000067479e-01
9.990000066628e-01
9.990000065239e-01
9.990000066348e-01
9.990000069894e-01
9.990000068199e-01
9.990000073180e-01
9.990000074444e-01
9.990000073476e-01
9.990000077214e-01
9.990000074286e-01
9.990000074292e-01
9.990000074824e-01
9.990000076467e-01
9.990000077645e-01
9.990000076761e-01
9.990000076987e-01
9.990000076562e-01
9.990000076357e-01
9.990000075736e-01
9.990000074483e-01
9.990000074672e-01
9.990000074097e-01
9.990000071053e-01
9.990000069903e-01
9.990000070907e-01
9.990000072425e-01
9.990000070523e-01
9.990000068792e-01
9.990000069969e-01
9.990000073920e-01
9.990000071280e-01
9.990000072939e-01
9.990000075993e-01
9.990000076580e-01
9.990000078369e-01
9.990000079943e-01
9.990000080265e-01
9.990000081865e-01
9.990000083251e-01
9.990000084946e-01
9.990000084283e-01
9.990000085837e-01
9.990000086299e-01
9.990000084682e-01
9.990000086371e-01
9.990000083296e-01
9.990000083020e-01
9.990000080670e-01
9.990000082129e-01
9.990000085002e-01
9.990000086091e-01
9.990000085385e-01
9.990000082786e-01
9.990000080908e-01
9.990000077894e-01
9.990000074918e-01
9.990000070981e-01
9.990000069736e-01
9.990000072005e-01
9.990000075613e-01
9.990000076238e-01
9.990000080025e-01
9.990000079494e-01
9.990000079239e-01
9.990000081997e-01
9.990000080904e-01
9.990000077860e-01
9.990000079607e-01
9.990000080887e-01
9.990000080235e-01
9.990000081223e-01
9.990000080639e-01
9.990000078696e-01
9.990000081182e-01
9.990000080665e-01
9.990000078020e-01
9.990000076178e-01
9.990000070568e-01
9.990000070176e-01
9.990000068397e-01
9.990000065422e-01
9.990000065083e-01
9.990000063019e-01
9.990000064201e-01
9.990000067069e-01
9.990000067846e-01
9.990000071016e-01
9.990000071743e-01
9.990000069749e-01
9.990000071120e-01
9.990000071759e-01
9.990000074189e-01
9.990000069945e-01
9.990000068872e-01
9.990000067128e-01
9.990000060535e-01
9.990000053400e-01
9.990000047783e-01
9.990000043417e-01
9.990000041892e-01
9.990000033416e-01
9.990000026848e-01
9.990000018512e-01
9.990000018048e-01
9.990000020241e-01
9.990000022791e-01
9.990000018363e-01
9.990000017524e-01
9.990000016951e-01
9.990000018311e-01
9.990000023319e-01
9.990000026579e-01
9.990000020015e-01
9.990000014757e-01
9.990000019331e-01
9.990000024627e-01
9.990000030753e-01
9.990000026228e-01
9.990000027662e-01
9.990000027817e-01
9.990000026147e-01
9.990000024203e-01
9.990000020818e-01
9.990000020485e-01
9.990000020501e-01
9.990000013349e-01
9.990000015712e-01
9.990000023798e-01
9.990000025341e-01
9.990000025175e-01
9.990000020800e-01
9.990000025371e-01
9.990000028789e-01
9.990000029003e-01
9.990000033486e-01
9.990000035486e-01
9.990000033549e-01
9.990000033995e-01
9.990000037923e-01
9.990000045989e-01
9.990000046896e-01
9.990000052255e-01
9.990000052304e-01
9.990000052099e-01
9.990000054831e-01
9.990000053305e-01
9.990000047853e-01
9.990000044907e-01
9.990000041310e-01
9.990000038222e-01
9.990000039763e-01
9.990000040605e-01
9.990000039231e-01
9.990000038600e-01
9.990000039927e-01
9.990000041448e-01
9.990000043572e-01
9.990000043000e-01
9.990000045998e-01
9.990000043549e-01
9.990000042888e-01
9.990000041288e-01
9.990000048461e-01
9.990000050981e-01
9.990000060913e-01
9.990000068489e-01
9.990000077412e-01
9.990000081262e-01
9.990000083213e-01
9.990000084931e-01
9.990000087109e-01
9.990000088078e-01
9.990000088487e-01
9.990000085314e-01
9.990000086111e-01
9.990000087566e-01
9.990000084623e-01
9.990000083033e-01
9.990000077658e-01
9.990000074384e-01
9.990000070718e-01
9.990000066134e-01
9.990000060328e-01
9.990000055293e-01
9.990000047792e-01
9.990000041132e-01
9.990000031312e-01
9.990000027785e-01
9.990000022688e-01
9.990000016327e-01
9.990000016205e-01
9.990000016583e-01
9.990000018428e-01
9.990000022833e-01
9.990000024746e-01
9.990000028194e-01
9.990000028636e-01
9.990000026824e-01
9.990000029160e-01
9.990000029676e-01
9.990000026415e-01
9.990000027314e-01
9.990000025536e-01
9.990000018264e-01
9.990000012918e-01
9.990000012534e-01
9.990000017499e-01
9.990000028331e-01
9.990000034265e-01
9.990000036644e-01
9.990000037211e-01
9.990000047595e-01
9.990000050649e-01
9.990000055350e-01
9.990000053635e-01
9.990000052995e-01
9.990000053317e-01
9.990000057923e-01
9.990000063229e-01
9.990000066316e-01
9.990000061736e-01
9.990000064999e-01
9.990000076062e-01
9.990000083019e-01
9.990000086328e-01
9.990000086991e-01
9.990000088858e-01
9.990000093495e-01
9.990000091622e-01
9.990000095852e-01
9.990000097124e-01
9.990000100402e-01
9.990000097660e-01
9.990000099887e-01
9.990000098327e-01
9.990000099594e-01
9.990000100720e-01
9.990000100345e-01
9.990000100409e-01
9.990000100026e-01
9.990000096618e-01
9.990000094918e-01
9.990000093207e-01
9.990000092858e-01
9.990000090801e-01
9.990000088416e-01
9.990000088032e-01
9.990000087646e-01
9.990000085419e-01
9.990000081013e-01
9.990000077157e-01
9.990000076836e-01
9.990000082401e-01
9.990000089372e-01
9.990000090823e-01
9.990000088902e-01
9.990000092565e-01
9.990000090169e-01
9.990000092181e-01
9.990000092137e-01
9.990000095934e-01
9.990000094836e-01
9.990000097724e-01
9.990000096740e-01
9.990000094062e-01
9.990000091249e-01
9.990000092129e-01
9.990000088984e-01
9.990000085705e-01
9.990000080121e-01
9.990000077890e-01
9.990000079473e-01
9.990000079584e-01
9.990000080794e-01
9.990000079804e-01
9.990000078334e-01
9.990000082182e-01
9.990000079738e-01
9.990000081969e-01
9.990000085336e-01
9.990000084780e-01
9.990000084483e-01
9.990000082437e-01
9.990000086375e-01
9.990000089254e-01
9.990000090186e-01
9.990000087056e-01
9.990000085952e-01
9.990000081980e-01
9.990000080666e-01
9.990000083276e-01
9.990000085668e-01
9.990000083830e-01
9.990000084842e-01
9.990000081829e-01
9.990000075938e-01
9.990000073340e-01
9.990000077431e-01
9.990000079268e-01
9.990000080397e-01
9.990000079889e-01
9.990000078325e-01
9.990000079796e-01
9.990000077780e-01
9.990000080667e-01
9.990000082259e-01
9.990000079719e-01
9.990000079008e-01
9.990000079925e-01
9.990000081320e-01
9.990000083194e-01
9.990000079934e-01
9.990000076552e-01
9.990000070765e-01
9.990000066259e-01
9.990000060928e-01
9.990000058012e-01
9.990000057200e-01
9.990000059677e-01
9.990000056992e-01
9.990000051996e-01
9.990000053591e-01
9.990000054676e-01
9.990000057620e-01
9.990000053441e-01
9.990000051447e-01
9.990000042487e-01
9.990000038657e-01
9.990000035928e-01
9.990000033897e-01
9.990000022074e-01
9.990000010222e-01
9.990000006741e-01
9.990000011565e-01
9.990000018402e-01
9.990000022551e-01
9.990000019812e-01
9.990000030133e-01
9.990000039671e-01
9.990000047912e-01
9.990000052225e-01
9.990000056836e-01
9.990000060656e-01
9.990000062172e-01
9.990000067486e-01
9.990000072409e-01
9.990000074763e-01
9.990000082351e-01
9.990000088292e-01
9.990000086969e-01
9.990000085960e-01
9.990000086190e-01
9.990000093822e-01
9.990000089697e-01
9.990000096393e-01
9.990000099425e-01
9.990000099758e-01
9.990000103825e-01
9.990000107967e-01
9.990000109124e-01
9.990000108440e-01
9.990000107281e-01
9.990000109884e-01
9.990000109243e-01
9.990000110415e-01
9.990000107589e-01
9.990000108136e-01
9.990000106266e-01
9.990000107782e-01
9.990000107011e-01
9.990000108794e-01
9.990000107195e-01
9.990000106887e-01
9.990000105110e-01
9.990000107265e-01
9.990000107356e-01
9.990000104804e-01
9.990000105249e-01
9.990000101963e-01
9.990000103786e-01
9.990000101739e-01
9.990000104173e-01
9.990000101675e-01
9.990000103384e-01
9.990000103703e-01
9.990000104741e-01
9.990000107904e-01
9.990000106689e-01
9.990000104701e-01
9.990000103406e-01
9.990000105404e-01
9.990000104516e-01
9.990000105778e-01
9.990000108632e-01
9.990000105531e-01
9.990000105613e-01
9.990000107688e-01
9.990000105806e-01
9.990000108291e-01
9.990000106821e-01
9.990000102734e-01
9.990000101347e-01
9.990000099070e-01
9.990000094949e-01
9.990000090109e-01
9.990000089809e-01
9.990000092286e-01
9.990000093551e-01
9.990000097900e-01
9.990000095787e-01
9.990000099570e-01
9.990000101791e-01
9.990000097449e-01
9.990000096372e-01
9.990000093668e-01
9.990000098355e-01
9.990000099097e-01
9.990000093019e-01
9.990000093149e-01
9.990000090653e-01
9.990000091585e-01
9.990000088767e-01
9.990000086900e-01
9.990000083358e-01
9.990000081486e-01
9.990000083530e-01
9.990000076413e-01
9.990000085498e-01
9.990000087640e-01
9.990000090375e-01
9.990000093123e-01
9.990000093687e-01
9.990000092458e-01
9.990000092411e-01
9.990000088509e-01
9.990000082714e-01
9.990000084530e-01
9.990000085610e-01
9.990000085895e-01
9.990000088427e-01
9.990000085798e-01
9.990000089163e-01
9.990000094492e-01
9.990000101274e-01
9.990000101485e-01
9.990000101231e-01
9.990000105550e-01
9.990000105366e-01
9.990000107093e-01
9.990000107327e-01
9.990000108546e-01
9.990000112188e-01
9.990000113017e-01
9.990000112768e-01
9.990000106410e-01
9.990000106661e-01
9.990000101910e-01
9.990000099488e-01
9.990000108201e-01
9.990000105674e-01
9.990000107839e-01
9.990000104556e-01
9.990000102506e-01
9.990000096234e-01
9.990000088280e-01
9.990000091084e-01
9.990000092630e-01
9.990000090377e-01
9.990000088423e-01
9.990000089536e-01
9.990000088493e-01
9.990000091477e-01
9.990000098485e-01
9.990000093539e-01
9.990000091815e-01
9.990000095471e-01
9.990000091056e-01
9.990000086771e-01
9.990000081349e-01
9.990000076259e-01
9.990000070980e-01
9.990000077077e-01
9.990000080399e-01
9.990000072914e-01
9.990000069224e-01
9.990000061628e-01
9.990000067464e-01
9.990000073974e-01
9.990000065663e-01
9.990000058473e-01
9.990000057802e-01
9.990000057149e-01
9.990000054313e-01
9.990000050891e-01
9.990000047600e-01
9.990000045539e-01
9.990000045970e-01
9.990000044402e-01
9.990000042263e-01
9.990000041715e-01
9.990000037546e-01
9.990000035751e-01
9.990000031689e-01
9.990000017116e-01
9.989999996144e-01
9.989999983038e-01
9.989999969594e-01
9.989999957930e-01
9.989999955593e-01
9.989999942008e-01
9.989999935834e-01
9.989999915122e-01
9.989999882445e-01
9.989999867890e-01
9.989999866395e-01
9.989999854441e-01
9.989999872025e-01
9.989999882976e-01
9.989999889136e-01
9.989999890237e-01
9.989999895512e-01
9.989999906647e-01
9.989999901555e-01
9.989999890481e-01
9.989999901786e-01
9.989999915163e-01
9.989999919076e-01
9.989999909450e-01
9.989999909764e-01
9.989999910056e-01
9.989999897077e-01
9.989999896466e-01
9.989999900479e-01
9.989999921107e-01
9.989999942169e-01
9.989999939184e-01
9.989999936483e-01
9.989999928688e-01
9.989999925089e-01
9.989999926952e-01
9.989999934076e-01
9.989999934465e-01
9.989999923828e-01
9.989999913892e-01
9.989999902335e-01
9.989999899585e-01
9.989999894483e-01
9.989999878325e-01
9.989999849309e-01
9.989999835168e-01
9.989999820094e-01
9.989999805600e-01
9.989999769077e-01
9.989999714273e-01
9.989999690974e-01
9.989999660486e-01
9.989999664870e-01
9.989999662410e-01
9.989999660445e-01
9.989999646015e-01
9.989999637681e-01
9.989999657626e-01
9.989999678433e-01
9.989999679786e-01
9.989999703042e-01
9.989999717286e-01
9.989999705963e-01
9.989999688447e-01
9.989999693548e-01
9.989999694865e-01
9.989999696652e-01
9.989999697902e-01
9.989999717889e-01
9.989999736160e-01
9.989999734865e-01
9.989999744104e-01
9.989999761340e-01
9.989999742790e-01
9.989999700880e-01
9.989999655195e-01
9.989999617529e-01
9.989999611118e-01
9.989999588892e-01
9.989999572836e-01
9.989999545529e-01
9.989999535883e-01
9.989999559982e-01
9.989999581860e-01
9.989999583372e-01
9.989999609267e-01
9.989999627333e-01
9.989999620294e-01
9.989999651789e-01
9.989999661335e-01
9.989999661498e-01
9.989999700222e-01
9.989999729584e-01
9.989999729878e-01
9.989999751390e-01
9.989999772194e-01
9.989999811933e-01
9.989999833815e-01
9.989999833850e-01
9.989999820239e-01
9.989999826726e-01
9.989999848465e-01
9.989999850346e-01
9.989999852712e-01
9.989999845944e-01
9.989999865752e-01
9.989999902339e-01
9.989999912655e-01
9.989999912650e-01
9.989999911817e-01
9.989999922004e-01
9.989999927327e-01
9.989999940417e-01
9.989999956191e-01
9.989999972289e-01
9.989999979742e-01
9.989999987940e-01
9.989999985579e-01
9.989999976194e-01
9.989999979232e-01
9.989999985165e-01
9.989999974481e-01
9.989999973839e-01
9.989999963510e-01
9.989999959576e-01
9.989999968528e-01
9.989999957133e-01
9.989999947897e-01
9.989999958517e-01
9.989999942522e-01
9.989999935879e-01
9.989999920650e-01
9.989999911028e-01
9.989999901975e-01
9.989999923815e-01
9.989999939863e-01
9.989999943315e-01
9.989999957446e-01
9.989999971953e-01
9.989999965836e-01
9.989999985023e-01
9.989999979790e-01
9.989999984028e-01
9.989999993711e-01
9.989999993417e-01
9.989999973052e-01
9.989999960158e-01
9.989999954386e-01
9.989999936700e-01
9.989999926581e-01
9.989999912007e-01
9.989999919323e-01
9.989999915669e-01
9.989999917208e-01
9.989999934257e-01
9.989999947893e-01
9.989999936951e-01
9.989999934859e-01
9.989999942390e-01
9.989999955800e-01
9.989999974925e-01
9.989999986413e-01
9.989999991035e-01
9.990000010293e-01
9.990000015232e-01
9.990000031174e-01
9.990000032293e-01
9.990000032430e-01
9.990000039043e-01
9.990000050039e-01
9.990000052733e-01
9.990000056617e-01
9.990000042840e-01
9.990000041136e-01
9.990000040418e-01
9.990000029476e-01
9.990000012626e-01
9.990000007532e-01
9.989999992629e-01
9.989999987235e-01
9.989999988889e-01
9.989999964415e-01
9.989999966722e-01
9.989999958951e-01
9.989999947821e-01
9.989999971693e-01
9.990000008296e-01
9.990000022830e-01
9.990000008624e-01
9.990000008759e-01
9.989999993164e-01
9.989999988615e-01
9.990000005336e-01
9.990000010037e-01
9.990000006735e-01
9.990000009569e-01
9.989999999240e-01
9.989999999294e-01
9.989999999518e-01
9.989999978602e-01
9.989999969889e-01
9.989999969678e-01
9.989999969852e-01
9.989999970453e-01
9.989999964158e-01
9.989999956869e-01
9.989999955938e-01
9.989999966286e-01
9.989999979984e-01
9.989999984875e-01
9.989999971830e-01
9.989999963405e-01
9.989999963972e-01
9.989999950849e-01
9.989999960154e-01
9.989999951652e-01
9.989999948241e-01
9.989999961787e-01
9.989999961286e-01
9.989999957203e-01
9.989999983114e-01
9.989999995687e-01
9.990000011839e-01
9.990000027431e-01
9.990000016140e-01
9.990000089985e-01
9.990000040268e-01
9.989999982864e-01
9.990000011705e-01
9.990000012487e-01
9.990000040236e-01
9.990000059063e-01
9.990000064872e-01
9.990000069628e-01
9.990000068045e-01
9.990000050720e-01
9.990000043718e-01
9.990000039250e-01
9.990000040804e-01
9.990000052974e-01
9.990000046304e-01
9.990000025311e-01
9.990000019102e-01
9.990000007245e-01
9.989999974926e-01
9.989999953660e-01
9.989999953328e-01
9.989999948848e-01
9.989999931517e-01
9.989999893279e-01
9.989999868169e-01
9.989999864934e-01
9.989999842803e-01
9.989999827393e-01
9.989999823667e-01
9.989999832404e-01
9.989999858558e-01
9.989999858229e-01
9.989999831211e-01
9.989999780490e-01
9.989999743496e-01
9.989999706623e-01
9.989999698979e-01
9.989999720439e-01
9.989999730842e-01
9.989999724401e-01
9.989999776664e-01
9.989999774447e-01
9.989999772853e-01
9.989999751576e-01
9.989999775734e-01
9.989999808154e-01
9.989999837343e-01
9.989999868428e-01
9.989999898571e-01
9.989999894047e-01
9.989999898073e-01
9.989999908720e-01
9.989999902269e-01
9.989999910947e-01
9.989999954401e-01
9.989999956390e-01
9.989999964509e-01
9.989999967640e-01
9.989999986038e-01
9.989999992588e-01
9.989999996920e-01
9.990000003068e-01
9.989999995560e-01
9.989999995572e-01
9.989999994905e-01
9.990000004587e-01
9.989999999959e-01
9.989999987772e-01
9.989999976108e-01
9.989999962389e-01
9.989999983368e-01
9.989999979851e-01
9.989999970085e-01
9.989999978673e-01
9.989999974595e-01
9.989999987975e-01
9.989999975453e-01
9.989999986019e-01
9.989999993887e-01
9.990000013219e-01
9.990000015865e-01
9.990000018272e-01
9.990000035579e-01
9.990000076967e-01
9.990000082654e-01
9.990000085406e-01
9.990000097467e-01
9.990000113311e-01
9.990000114408e-01
9.990000115856e-01
9.990000117936e-01
9.990000119197e-01
9.990000133920e-01
9.990000128561e-01
9.990000133029e-01
9.990000148349e-01
9.990000157597e-01
9.990000149663e-01
9.990000158549e-01
9.990000166826e-01
9.990000173764e-01
9.990000174787e-01
9.990000183196e-01
9.990000181680e-01
9.990000171772e-01
9.990000160541e-01
9.990000145521e-01
9.990000127765e-01
9.990000113591e-01
9.990000127006e-01
9.990000122011e-01
9.990000101917e-01
9.990000088103e-01
9.990000090014e-01
9.990000086303e-01
9.990000064806e-01
9.990000051581e-01
9.990000072345e-01
9.990000081719e-01
9.990000057797e-01
9.990000032864e-01
9.990000035070e-01
9.990000042278e-01
9.990000048710e-01
9.990000050639e-01
9.990000061719e-01
9.990000078474e-01
9.990000103044e-01
9.990000084185e-01
9.990000106171e-01
9.990000121740e-01
9.990000126056e-01
9.990000124609e-01
9.990000125692e-01
9.990000112648e-01
9.990000097908e-01
9.990000110300e-01
9.990000113353e-01
9.990000126557e-01
9.990000123206e-01
9.990000145800e-01
9.990000153654e-01
9.990000161621e-01
9.990000164163e-01
9.990000156843e-01
9.990000173462e-01
9.990000174408e-01
9.990000183292e-01
9.990000175385e-01
9.990000178416e-01
9.990000185967e-01
9.990000199605e-01
9.990000208407e-01
9.990000203068e-01
9.990000219604e-01
9.990000220878e-01
9.990000222679e-01
9.990000214873e-01
9.990000229419e-01
9.990000229248e-01
9.990000217705e-01
9.990000219127e-01
9.990000211652e-01
9.990000202018e-01
9.990000210028e-01
9.990000203081e-01
9.990000204016e-01
9.990000195115e-01
9.990000196493e-01
9.990000193735e-01
9.990000192848e-01
9.990000193019e-01
9.990000194251e-01
9.990000203823e-01
9.990000201688e-01
9.990000217159e-01
9.990000212674e-01
9.990000209793e-01
9.990000209316e-01
9.990000197329e-01
9.990000195879e-01
9.990000195007e-01
9.990000194792e-01
9.990000199122e-01
9.990000190249e-01
9.990000207229e-01
9.990000216983e-01
9.990000230422e-01
9.990000229074e-01
9.990000243142e-01
9.990000250075e-01
9.990000248087e-01
9.990000239850e-01
9.990000238500e-01
9.990000239645e-01
9.990000254808e-01
9.990000252369e-01
9.990000247837e-01
9.990000253652e-01
9.990000252660e-01
9.990000258777e-01
9.990000250777e-01
9.990000270376e-01
9.990000262982e-01
9.990000246191e-01
9.990000240779e-01
9.990000229841e-01
9.990000223535e-01
9.990000204679e-01
9.990000211804e-01
9.990000216448e-01
9.990000210082e-01
9.990000218480e-01
9.990000203904e-01
9.990000206010e-01
9.990000196560e-01
9.990000202952e-01
9.990000191458e-01
9.990000199972e-01
9.990000202497e-01
9.990000197268e-01
9.990000206355e-01
9.990000182224e-01
9.990000190466e-01
9.990000173031e-01
9.990000155606e-01
9.990000161472e-01
9.990000150173e-01
9.990000153384e-01
9.990000147922e-01
9.990000140581e-01
9.990000151667e-01
9.990000172596e-01
9.990000184469e-01
9.990000168406e-01
9.990000168567e-01
9.990000174524e-01
9.990000197478e-01
9.990000200133e-01
9.990000187807e-01
9.990000180673e-01
9.990000192846e-01
9.990000193604e-01
9.990000215016e-01
9.990000208839e-01
9.990000217278e-01
9.990000236391e-01
9.990000243882e-01
9.990000241182e-01
9.990000233442e-01
9.990000237006e-01
9.990000168223e-01
9.990000168967e-01
9.990000193845e-01
9.990000216419e-01
9.990000212622e-01
9.990000183476e-01
9.990000215922e-01
9.990000178074e-01
9.990000206886e-01
9.990000195422e-01
9.990000178918e-01
9.990000176565e-01
9.990000171063e-01
9.990000135483e-01
9.990000097165e-01
9.990000035778e-01
9.989999989528e-01
9.990000027098e-01
9.990000021561e-01
9.990000013137e-01
9.990000025196e-01
9.990000035050e-01
9.989999985949e-01
9.989999963613e-01
9.989999891789e-01
9.989999882289e-01
9.989999856993e-01
9.989999839581e-01
9.989999790634e-01
9.989999726801e-01
9.989999683907e-01
9.989999701608e-01
9.989999621600e-01
9.989999466323e-01
9.989999312067e-01
9.989999193630e-01
9.989998819874e-01
9.989998482810e-01
9.989998527460e-01
9.989998565648e-01
9.989998100005e-01
9.989998065734e-01
9.989998423109e-01
9.989998913607e-01
9.989998865690e-01
9.989998438295e-01
9.989999414732e-01
9.989999951132e-01
9.990000360056e-01
9.989999258667e-01
9.989999474950e-01
9.990000000000e-01
9.990000000000e-01
9.990000000000e-01
9.990000000000e-01
9.990000000000e-01
9.990000000000e-01
9.990000000000e-01
9.989999998574e-01
9.989999975188e-01
9.990000027906e-01
9.989999915908e-01
9.989999946730e-01
9.989999672715e-01
9.990000019666e-01
9.990000009559e-01
9.990000017181e-01
9.990000006001e-01
9.989999998902e-01
9.990000013940e-01
9.989999956297e-01
9.990000022508e-01
9.990000021178e-01
9.989999970643e-01
9.990000018498e-01
9.989999937111e-01
9.990000024462e-01
9.990000017843e-01
9.990000012323e-01
9.990000010746e-01
9.990000018249e-01
9.990000016804e-01
9.990000022620e-01
9.990000021285e-01
9.990000025575e-01
9.989999991371e-01
9.989999983218e-01
9.989999980175e-01
9.990000021413e-01
9.990000020996e-01
9.990000019603e-01
9.989999986312e-01
9.989999990017e-01
9.990000022379e-01
9.990000015630e-01
9.990000018827e-01
9.989999974514e-01
9.989999973351e-01
9.990000015080e-01
9.990000023508e-01
9.990000008860e-01
9.989999977080e-01
9.990000014098e-01
9.989999936996e-01
9.990000013117e-01
9.989999984949e-01
9.990000007323e-01
9.989999986666e-01
9.989999973453e-01
9.990000008913e-01
9.990000000276e-01
9.989999965092e-01
9.990000008692e-01
9.990000012799e-01
9.990000011766e-01
9.990000014483e-01
9.989999981079e-01
9.990000000112e-01
9.989999952009e-01
9.989999959983e-01
9.990000026799e-01
9.989999968929e-01
9.989999986308e-01
9.989999963071e-01
9.989999981030e-01
9.990000004543e-01
9.989999955674e-01
9.989999998379e-01
9.990000008504e-01
9.989999989956e-01
9.990000021814e-01
9.989999995394e-01
9.990000017453e-01
9.989999986122e-01
9.989999983937e-01
9.989999995857e-01
9.990000008155e-01
9.989999959869e-01
9.989999998275e-01
9.990000018553e-01
9.990000009050e-01
9.989999998374e-01
9.989999981843e-01
9.989999976911e-01
9.989999999238e-01
9.990000002258e-01
9.990000005795e-01
9.990000003893e-01
9.990000001801e-01
9.990000020037e-01
9.990000016297e-01
9.990000001917e-01
9.990000021427e-01
9.990000020279e-01
9.990000012087e-01
9.989999956040e-01
9.990000021915e-01
9.990000004857e-01
9.990000016334e-01
9.990000000438e-01
9.990000006627e-01
9.989999981732e-01
9.990000021330e-01
9.990000017988e-01
9.990000012149e-01
9.989999984269e-01
9.989999985950e-01
9.990000016385e-01
9.990000005268e-01
9.990000013534e-01
9.989999996027e-01
9.990000008545e-01
9.990000008327e-01
9.990000023315e-01
9.990000025309e-01
9.989999960383e-01
9.990000024473e-01
9.990000001479e-01
9.990000024204e-01
9.989999957279e-01
9.990000005621e-01
9.990000023496e-01
9.990000013615e-01
9.989999987436e-01
9.990000028861e-01
9.989999986684e-01
9.989999994867e-01
9.990000026302e-01
9.990000024093e-01
9.990000022939e-01
9.990000022504e-01
9.990000018323e-01
9.989999993491e-01
9.989999987800e-01
9.989999975441e-01
9.990000023886e-01
9.990000015383e-01
9.989999971335e-01
9.990000025564e-01
9.990000005847e-01
9.990000023429e-01
9.990000024525e-01
9.990000022603e-01
9.990000026726e-01
9.989999976866e-01
9.990000007683e-01
9.990000009326e-01
9.989999994937e-01
9.989999955402e-01
9.989999986014e-01
9.990000001060e-01
9.989999975624e-01
9.990000023533e-01
9.990000012090e-01
9.989999923811e-01
9.990000017867e-01
9.989999985038e-01
9.989999986686e-01
9.990000014860e-01
9.990000020116e-01
9.990000014077e-01
9.989999942659e-01
9.990000004145e-01
9.989999996660e-01
9.990000003731e-01
9.990000014546e-01
9.989999978348e-01
9.989999973988e-01
9.989999975908e-01
9.990000020430e-01
9.989999994070e-01
9.990000025757e-01
9.990000027451e-01
9.990000022735e-01
9.989999943236e-01
9.990000024906e-01
9.990000033350e-01
9.989999978266e-01
9.990000026034e-01
9.990000028103e-01
9.989999965360e-01
9.990000020755e-01
9.989999976434e-01
9.989999920638e-01
9.989999999519e-01
9.989999966306e-01
9.989999923126e-01
9.990000015014e-01
9.990000028233e-01
9.990000025795e-01
9.990000020267e-01
9.990000000468e-01
9.989999939960e-01
9.989999996921e-01
9.989999991854e-01
9.989999948075e-01
9.989999992064e-01
9.990000025190e-01
9.990000020971e-01
9.989999994882e-01
9.990000024337e-01
9.990000013693e-01
9.990000008486e-01
9.990000021975e-01
9.989999993490e-01
9.989999880680e-01
9.989999991500e-01
9.989999944093e-01
9.990000000808e-01
9.990000000888e-01
9.989999980082e-01
9.989999966070e-01
9.989999982501e-01
9.989999948020e-01
9.989999985020e-01
9.989999916043e-01
9.989999963477e-01
9.990000016339e-01
9.990000026888e-01
9.990000015162e-01
9.990000025604e-01
9.990000041960e-01
9.989999903331e-01
9.989999953268e-01
9.989999797724e-01
9.989999989208e-01
9.990000029599e-01
9.990000028700e-01
9.989999990153e-01
9.990000036304e-01
9.990000043342e-01
9.990000050817e-01
9.990000012762e-01
9.989999798198e-01
9.989999950637e-01
