0.000000000000e+00
2.618391098197e-10
3.087019679114e-11
8.555853434122e-12
8.583703584299e-14
3.963218858496e-13
2.787261239237e-16
1.161192788083e-13
2.114954255092e-13
2.139840762982e-13
1.229816250852e-13
9.877741428287e-14
1.077565629921e-13
2.644333233061e-13
3.031458356247e-13
2.449752316773e-13
2.063127632044e-13
2.696388868976e-13
2.497774732242e-13
2.164450135750e-13
1.833058827995e-13
1.872795896372e-13
1.673617688939e-13
1.964835296606e-13
1.618914285432e-13
1.247569873760e-13
8.660238657488e-14
5.774013943079e-14
2.457551532698e-14
7.991775242921e-15
2.484156069460e-15
1.455117583399e-15
9.411698387702e-16
5.154038787053e-16
6.101841076627e-15
1.891959600880e-14
2.386172385460e-14
1.180712967103e-14
1.267623485354e-14
1.937319978414e-14
2.236094548079e-14
2.436730780642e-14
2.365480653230e-14
3.360033241298e-14
4.148465161197e-14
4.878313873604e-14
4.972537961130e-14
5.133940865016e-14
3.639607843442e-14
3.857489142637e-14
4.925619806210e-14
5.268314110323e-14
5.946837633132e-14
5.281312150555e-14
5.229742578081e-14
5.916452657614e-14
6.050839428503e-14
5.327880068674e-14
3.910040851025e-14
3.565250248917e-14
2.673247683079e-14
2.791391946793e-14
3.199110182151e-14
3.909731023851e-14
4.364925120782e-14
4.045257560318e-14
3.224112718765e-14
2.431346882368e-14
1.921065639664e-14
1.891401328896e-14
1.219105245923e-14
1.227692687996e-14
1.353724607772e-14
2.245166226336e-14
2.640362650839e-14
2.846291424813e-14
2.251761465686e-14
1.552964033789e-14
9.264739004304e-15
3.782386320405e-15
3.080537722960e-15
7.903491208140e-15
1.185822747585e-14
1.173012883490e-14
1.140431452124e-14
6.254255416559e-15
2.385557649123e-15
9.451607917373e-16
2.885048230054e-16
1.367381395314e-18
9.301796842594e-18
2.559865122095e-16
5.027563445786e-18
1.943239486762e-16
1.836881813013e-16
2.251517262100e-21
2.970511728502e-16
1.307840318942e-15
1.417201689863e-15
1.036471785736e-15
7.915683654639e-16
3.312816800663e-16
2.399928588079e-16
1.075593147659e-15
6.820855245936e-16
3.207856582326e-16
2.120572438369e-17
1.652935205003e-19
5.743501493677e-16
3.600689598978e-15
9.518834260440e-15
1.238003721996e-14
1.669506262721e-14
2.312430324617e-14
2.576759559176e-14
2.016864645353e-14
1.539148362958e-14
2.240319182064e-15
9.918461736764e-15
1.000991085530e-14
7.693742667955e-15
3.655189114348e-15
3.559879817814e-15
2.264265528812e-15
3.861896048450e-15
8.587101160226e-15
6.866487775726e-15
6.996587616337e-15
5.501686145456e-15
2.678864005171e-15
1.848738496692e-16
7.290193762379e-16
1.914724545393e-15
4.977456389026e-15
9.204275917964e-15
9.810556839521e-15
5.502064832328e-15
4.655045418137e-15
3.124369547404e-15
5.505749612258e-15
9.450954291764e-15
9.735917751701e-15
1.388675530446e-14
2.229914859266e-14
3.100193211625e-14
3.939906090901e-14
4.271344014566e-14
4.982662071837e-14
5.285812848645e-14
4.397092013935e-14
4.223809320519e-14
4.736733992859e-14
5.082026111059e-14
5.167926319787e-14
5.523004521767e-14
5.250338840015e-14
6.509004009096e-14
7.171523084411e-14
8.185640683119e-14
9.755391776401e-14
9.467199745534e-14
1.042329141436e-13
1.388572430117e-13
1.673848808523e-13
1.782049967579e-13
1.962469437019e-13
2.029301600835e-13
2.053172256735e-13
1.924862942014e-13
1.581774865401e-13
1.529672573067e-13
1.469023182512e-13
1.403804908385e-13
1.343425569759e-13
1.589190124292e-13
2.020489875814e-13
2.117041057700e-13
2.258074262788e-13
2.340965042679e-13
2.579551001950e-13
2.847738760345e-13
3.490626141066e-13
4.363395650962e-13
4.948544673460e-13
5.663048352340e-13
6.234898257498e-13
7.004395553715e-13
8.000577838854e-13
8.709781812276e-13
9.880138629615e-13
1.125407986401e-12
1.209110091593e-12
1.274135969512e-12
1.361986127312e-12
1.442885588698e-12
1.514218225047e-12
1.634098246697e-12
1.709992374466e-12
1.776194156972e-12
1.795216698930e-12
1.892893655417e-12
1.961189204067e-12
2.088443102445e-12
2.210911520421e-12
2.227841503684e-12
2.288189353753e-12
2.344822166014e-12
2.383207899953e-12
2.375357325729e-12
2.318389286754e-12
2.293374785282e-12
2.362243975539e-12
2.410165456616e-12
2.271841035069e-12
2.129129933095e-12
2.065479906584e-12
2.005934832237e-12
1.983971039993e-12
2.001704112385e-12
2.035849069109e-12
1.935595664504e-12
1.876657562955e-12
1.732725921713e-12
1.638040573039e-12
1.522371993968e-12
1.418412276683e-12
1.345746505230e-12
1.250281053990e-12
1.220933163906e-12
1.187135020498e-12
1.095588892301e-12
1.026389009857e-12
9.838215998520e-13
9.631043869390e-13
8.983575324931e-13
7.728742994021e-13
6.501691627626e-13
5.706339841741e-13
4.424349902294e-13
3.428082648178e-13
2.878515070235e-13
2.464021928481e-13
2.116385355255e-13
1.907135157621e-13
1.611140339013e-13
1.498157925780e-13
1.400319189926e-13
1.149991730091e-13
1.059065486772e-13
1.069803260535e-13
1.024441931055e-13
1.078353442686e-13
1.049639191216e-13
9.449116616885e-14
8.392641842338e-14
7.507885810203e-14
6.354824201286e-14
5.029551962377e-14
3.775489544098e-14
3.978565480328e-14
3.668308361628e-14
3.641879911308e-14
2.802973685892e-14
2.375042096851e-14
2.757314330985e-14
3.204028136876e-14
3.569252765935e-14
3.505030148118e-14
3.759970848369e-14
3.731131507980e-14
4.356637533162e-14
5.549014201614e-14
7.688069922575e-14
9.000422243312e-14
9.582681189332e-14
9.660304484795e-14
1.092997146845e-13
1.161257160667e-13
1.285276273042e-13
1.243730632020e-13
1.185154242901e-13
1.224964022038e-13
1.192494795090e-13
1.133382359321e-13
1.067501865620e-13
1.037886618864e-13
1.002708981032e-13
9.000700969827e-14
8.090215034921e-14
6.758665585331e-14
5.882329650695e-14
5.962553471311e-14
5.734732453681e-14
5.170036589277e-14
3.957418604910e-14
2.672226991119e-14
1.495007934389e-14
1.480166706891e-14
1.669660016716e-14
1.617037431023e-14
1.838521325895e-14
1.900373431728e-14
1.833999585281e-14
2.427279333720e-14
3.308512845536e-14
4.392058411053e-14
4.447427128567e-14
4.558722195841e-14
5.363864459872e-14
5.206706443080e-14
4.835992740015e-14
4.447137233286e-14
4.631585131433e-14
4.149246163748e-14
4.398847594601e-14
5.226643779531e-14
5.324623292017e-14
4.997917400359e-14
4.779922811680e-14
4.706132276624e-14
3.981098693779e-14
3.940195920641e-14
4.575803008461e-14
4.460551296672e-14
3.376143115631e-14
3.105558207027e-14
2.806638194278e-14
1.968244163613e-14
9.703732951704e-15
4.832528901308e-15
1.737153779609e-15
5.218319162961e-16
3.837485692560e-16
8.019577783405e-16
1.480627149236e-15
7.145209657535e-16
1.178612323594e-15
3.174909991028e-15
6.248761820168e-15
5.457454312623e-15
4.483914143139e-15
4.563481417242e-15
3.028244446823e-15
1.007838806689e-15
7.748263720152e-16
8.080990605780e-16
3.882219945657e-16
1.250055021605e-16
1.059333315172e-16
4.054660991106e-16
1.700755706980e-18
9.733209288749e-19
2.917867952434e-17
1.797292464174e-19
7.256497744352e-17
6.159979362557e-16
2.131363206313e-15
2.267078240258e-15
3.025784004754e-15
3.536149759831e-15
3.076146047175e-15
2.622166614445e-15
3.361082014700e-15
5.371771062446e-15
7.082283549136e-15
7.802768009396e-15
8.164362018845e-15
9.278610786168e-15
8.910210217105e-15
9.657805571471e-15
8.572142111118e-15
7.970220664840e-15
8.339048140799e-15
1.076290917968e-14
1.137959053699e-14
1.087838750793e-14
1.215463264015e-14
1.384337608933e-14
1.865591552207e-14
2.369582706841e-14
2.823805868297e-14
3.418110800325e-14
3.813507480284e-14
3.990868643304e-14
4.869251931661e-14
5.109818746421e-14
4.912674576424e-14
4.523218802166e-14
4.267426988599e-14
5.224925338521e-14
4.876452952591e-14
4.872645532475e-14
4.818200886807e-14
4.584649078038e-14
4.136455682856e-14
3.892737789353e-14
3.737639436876e-14
3.307599398446e-14
3.246497179246e-14
3.087880952165e-14
2.478335023622e-14
2.376330845260e-14
2.842559536319e-14
2.546912177709e-14
2.251719145199e-14
1.408412636440e-14
9.145066080649e-15
8.786887921085e-15
1.093031813562e-14
1.263182756057e-14
1.271041797856e-14
1.478145629130e-14
1.628414931026e-14
1.843120244744e-14
2.203366539469e-14
2.098097928890e-14
2.009179051795e-14
1.626343437698e-14
1.797888907934e-14
1.906456605498e-14
2.282946424220e-14
1.870758452387e-14
1.937957608773e-14
1.980307759990e-14
2.180479997088e-14
2.726897923658e-14
2.643941247333e-14
2.708380721957e-14
2.695903968908e-14
2.714912686086e-14
2.990372631440e-14
3.232885909941e-14
3.169401329916e-14
2.907838376744e-14
2.635201775164e-14
2.288697409044e-14
1.730198720438e-14
1.550270578832e-14
1.464007859074e-14
1.513226913759e-14
2.210025404478e-14
2.688052034297e-14
2.341342716808e-14
1.955114497786e-14
1.623483484454e-14
1.429533851993e-14
1.393253233648e-14
1.594081556813e-14
1.404831836162e-14
1.218551653894e-14
7.148811482920e-15
4.866214931831e-15
3.615447423328e-15
1.977516651620e-15
8.830041626413e-16
3.056966471956e-16
2.092222712422e-17
5.459248638677e-19
3.708500949285e-18
1.532156425514e-17
1.479322313592e-16
3.502898625723e-16
4.268975592164e-16
1.056895595461e-16
2.092740746796e-17
4.388026315171e-17
2.778008186263e-18
8.048847113329e-17
1.904429340151e-16
3.946705586454e-16
1.316923299727e-16
2.442425333676e-17
1.447170929000e-17
7.102315176672e-18
8.217427065875e-17
1.084584060549e-16
3.717242387713e-16
8.137775237867e-16
5.837822920305e-16
3.510876716993e-16
4.159251589811e-16
4.359012853724e-16
1.508367983360e-16
6.730516491751e-17
2.616646945158e-16
1.205195033622e-15
1.584702742871e-15
8.014157546420e-16
2.129085517380e-16
1.436338102285e-16
1.410869981681e-16
6.889107083768e-16
6.541991125965e-16
3.863245716712e-16
6.982211161915e-16
6.503271526124e-16
6.630945374844e-16
3.976596292324e-16
6.570383790937e-16
6.243885154860e-16
3.024074883262e-16
3.021659585800e-16
1.464682430663e-15
4.396249473292e-15
6.837653455768e-15
1.363655289402e-14
1.883827258274e-14
1.913635048440e-14
1.903915284612e-14
1.967910061006e-14
1.966433595214e-14
2.542359016387e-14
3.157359895336e-14
3.754326813443e-14
4.608402370036e-14
5.106769768458e-14
5.770949099897e-14
5.790654469589e-14
6.530624413643e-14
5.926084490290e-14
6.202196658522e-14
6.721065609117e-14
6.659304453996e-14
6.364072171903e-14
6.557746024132e-14
6.188712678181e-14
5.568104658261e-14
5.649274304168e-14
5.184072023157e-14
4.486990399746e-14
4.336883514971e-14
4.364383699416e-14
4.007493113991e-14
3.461780574740e-14
2.943666320352e-14
2.576652784907e-14
2.155958746678e-14
2.014298256863e-14
1.704771806005e-14
1.198545488672e-14
8.416249355234e-15
6.132609835227e-15
6.512279833762e-15
5.848385517027e-15
4.860745210889e-15
3.179568847854e-15
2.384089061800e-15
2.833407577184e-15
1.861873997025e-15
1.550147851837e-15
2.171835837034e-15
2.759372752288e-15
2.623338836804e-15
1.826862048914e-15
2.171850341266e-15
2.644775170543e-15
3.190597108603e-15
3.046954039387e-15
3.219794645373e-15
6.577124403140e-15
7.494338652522e-15
7.915684328595e-15
6.710900189606e-15
6.331069917813e-15
5.501650127689e-15
3.920230372782e-15
3.247279529793e-15
2.852674784098e-15
1.022457461820e-15
2.232799204996e-16
3.439845665830e-16
1.325742957380e-15
1.680064929315e-15
7.734142086086e-16
1.560059216925e-16
3.432939392721e-19
1.623618746300e-16
6.680496412257e-16
1.432451931706e-15
1.870996745175e-15
2.847489104061e-15
4.261896329747e-15
3.230403501904e-15
2.899018995604e-15
2.219145439698e-15
1.504988414550e-15
1.570474518980e-15
2.671308461251e-15
3.484596050851e-15
5.399394894280e-15
3.487738241759e-15
2.282073515784e-15
2.776930788537e-16
3.826041161761e-17
2.118501939447e-17
1.325027336441e-16
2.425794431166e-16
1.319622475681e-15
3.227624331236e-15
3.018793187263e-15
3.429553707844e-15
5.274910310057e-15
6.856986140754e-15
1.016235305568e-14
1.175172949164e-14
1.139298681650e-14
8.717959358939e-15
5.738146614638e-15
4.867686685828e-15
5.442056241135e-15
5.120536763341e-15
4.175393821192e-15
3.863230347775e-15
2.614191800444e-15
8.689979713423e-16
2.812993978662e-16
1.116449698677e-19
7.165168118710e-16
1.884630844577e-15
1.444546763045e-15
1.136012300166e-15
1.130622347970e-15
1.082589023399e-15
5.990305467984e-16
5.685677900667e-16
1.928211006974e-16
1.476488549155e-18
2.601048145122e-16
4.245335986798e-16
8.141834362679e-16
8.669100935475e-16
1.511142553169e-15
1.175653005470e-15
9.596374175894e-16
1.178935297037e-15
8.011948043060e-16
3.776338208064e-16
4.001947670639e-16
9.673770696456e-17
1.057123477455e-16
1.012752227764e-19
6.629414402565e-17
3.344985108804e-16
7.057019145969e-16
3.565933195090e-16
2.487382705031e-16
3.909824217040e-16
9.547350655259e-16
1.257591959911e-15
6.953900419563e-16
1.503394699970e-16
2.701605993842e-16
1.949163769017e-16
1.099809164345e-16
5.259946754017e-18
2.683493559326e-16
3.476584351509e-16
4.518995463973e-16
1.146572648318e-15
2.662874853247e-15
4.795029872748e-15
5.673765503626e-15
6.684656827210e-15
7.403074030739e-15
9.169610001352e-15
1.516748701309e-14
1.371732340960e-14
1.337426861267e-14
1.155145256133e-14
8.110760860346e-15
8.116540108089e-15
1.126875719574e-14
1.148038975267e-14
1.121485001994e-14
8.421462152972e-15
7.140029728069e-15
5.799500919056e-15
5.407768685986e-15
5.612088437296e-15
5.663038620425e-15
7.488922325056e-15
1.221204391372e-14
1.412462156586e-14
1.492780314737e-14
1.420459384005e-14
1.668732467232e-14
1.980725417616e-14
1.710485956296e-14
1.508833075574e-14
1.487447991714e-14
1.691724887856e-14
1.816242097062e-14
1.915691808972e-14
2.155348291255e-14
1.840911478159e-14
1.382779498384e-14
1.055031565858e-14
1.215076332583e-14
1.364151840846e-14
1.753690758881e-14
1.316559124686e-14
1.282207012849e-14
1.160195128780e-14
1.217898640221e-14
1.162833482052e-14
1.028296855807e-14
8.684284717549e-15
8.092693790280e-15
8.516183836320e-15
9.442012818386e-15
9.379652403514e-15
9.424940658913e-15
1.458980032065e-14
1.708979767926e-14
1.612725229548e-14
1.826643299144e-14
2.342280227412e-14
3.039522993763e-14
2.898109830493e-14
3.072940760230e-14
2.993123556380e-14
2.787528913225e-14
2.297683659890e-14
2.145098182479e-14
1.750823656593e-14
1.111142084570e-14
8.049916573026e-15
6.905900256381e-15
4.688063109809e-15
2.456198320400e-15
1.851521244779e-15
1.307672222001e-15
1.065757421395e-15
1.052409133804e-15
1.031987460246e-15
1.447354633080e-15
1.623947510404e-15
6.802653133018e-16
4.437005037587e-16
7.666703982747e-16
8.035215375643e-16
1.227861268385e-15
1.220232465236e-15
2.260925421903e-15
4.177406192340e-15
3.827367027559e-15
4.351662643872e-15
3.570373276418e-15
2.363805517842e-15
2.160647071741e-15
1.516077749494e-15
1.189671010436e-15
1.135902111002e-15
7.730960028538e-16
1.158854409029e-15
3.236062959132e-15
5.092655218543e-15
5.608777466657e-15
5.963108371890e-15
6.111142517377e-15
6.445970142706e-15
7.983788411219e-15
8.729024449363e-15
9.479403468098e-15
9.599365759314e-15
7.887167989143e-15
6.379917305068e-15
4.793707220031e-15
5.833264660276e-15
4.719397142133e-15
3.773077802341e-15
1.695545369580e-15
1.435020724290e-15
1.074802934880e-15
1.975316751793e-17
6.593978240904e-17
2.053711736967e-16
2.861778095906e-16
5.506962394901e-17
6.360447763196e-17
4.674264985292e-16
6.655826832079e-16
4.848719164375e-16
7.326815825400e-17
1.768897400977e-16
5.013025716684e-16
5.452413501951e-16
1.078039332841e-15
1.712525186788e-15
1.770841610872e-15
1.104860218594e-15
8.514420106171e-16
9.571355963942e-16
9.903414022802e-16
4.071137639561e-16
6.562572843100e-17
1.129201721019e-16
8.593012110067e-17
1.516609321749e-16
4.046961202591e-16
4.923349038106e-16
5.657943947111e-16
5.473259029375e-16
6.508971646477e-16
5.882657797182e-16
1.099310985071e-15
1.795202468673e-15
1.768727524713e-15
1.598498886004e-15
1.671211784374e-15
8.830431376590e-16
1.336027818064e-16
3.750016938256e-17
8.503352452049e-17
7.852136951866e-17
1.660174590209e-17
3.092280340814e-17
1.814757254179e-18
7.315873992253e-18
7.954670559029e-18
3.505658790175e-18
3.229129780401e-18
9.092943317760e-17
1.315350708009e-16
4.479974804293e-16
1.118587878733e-15
2.636731410080e-15
2.967970690278e-15
4.094588618250e-15
5.703778200024e-15
7.586247998723e-15
7.464159561395e-15
7.165507791993e-15
8.692455218546e-15
7.399391962216e-15
4.681457265871e-15
4.524094204982e-15
3.270569828088e-15
2.148372855346e-15
2.243690551605e-15
2.134702605453e-15
1.876120105391e-15
1.165000408796e-15
6.498096182023e-16
2.472256037183e-16
5.352551069836e-17
8.674703618101e-17
3.359554982269e-20
2.775668772363e-17
1.914244988685e-16
9.970885820929e-18
1.455454984160e-16
2.731117993092e-17
9.297050644403e-17
8.070103899436e-17
1.038116077182e-16
3.795959011089e-16
2.977225376838e-16
8.880331478845e-17
7.360140000144e-18
1.270495028318e-17
4.356359132280e-18
5.241198494642e-17
2.504319728352e-16
2.544828508144e-16
8.331529950832e-16
1.034536558604e-15
5.700532202619e-16
1.323491774606e-15
2.218346253031e-15
3.199969900300e-15
2.742816823680e-15
1.784338126206e-15
1.056108513963e-15
3.660079548686e-16
1.092507918842e-17
6.617605417052e-17
2.012940650343e-16
1.422552130434e-16
3.564287205767e-17
2.137238961461e-19
5.631040724134e-17
1.196902311580e-18
6.250188385828e-17
2.358540028224e-16
3.030754851849e-16
2.439680586628e-16
1.611799132859e-16
3.911951143158e-17
3.550276759249e-17
7.654758652588e-17
8.659781610459e-17
4.589310546947e-17
5.432591537169e-16
1.614349725272e-15
2.932438267687e-15
4.199599558205e-15
4.502593415288e-15
5.777319564430e-15
6.515800727059e-15
7.619953436531e-15
6.945149601658e-15
6.075905531463e-15
6.792764690362e-15
7.570864014674e-15
7.366614820142e-15
6.211760090542e-15
5.270906001294e-15
4.425139142885e-15
2.655169412262e-15
1.332720069844e-15
1.787984430419e-15
2.013624233932e-15
1.581714956236e-15
1.324446550345e-15
7.056950117324e-16
8.876480404586e-16
1.194359463196e-15
1.575770035406e-15
1.723570542859e-15
2.238888693371e-15
2.027360655807e-15
1.631382732200e-15
2.137696417231e-15
1.621118366494e-15
1.019785678750e-15
3.519286358955e-16
1.677565825566e-16
2.043887795199e-17
1.935847432694e-16
7.321476977517e-17
9.630081873420e-18
1.280720587857e-16
1.093153503743e-15
4.955309190231e-15
9.502631876527e-15
1.403201417078e-14
1.590614676057e-14
1.801377878317e-14
1.865600967561e-14
2.310089587559e-14
2.179342565723e-14
1.956110473783e-14
1.771788137819e-14
2.077107793891e-14
1.635016865389e-14
1.545993326299e-14
1.483172531325e-14
1.595385487578e-14
9.869337942441e-15
5.720103144116e-15
5.890773924591e-15
5.587344783942e-15
7.239194925556e-15
7.490094788097e-15
6.211368060251e-15
5.327267852699e-15
6.897314915459e-15
7.651516251344e-15
8.540291801656e-15
1.152806438550e-14
9.074693645810e-15
6.755468719040e-15
5.741703537382e-15
5.607897854948e-15
9.308621090747e-15
1.142666732952e-14
1.157633458751e-14
7.889456235857e-15
6.838129374632e-15
7.276671411518e-15
7.377886102749e-15
6.619728147274e-15
4.228520926858e-15
2.958302132491e-15
4.539827370186e-15
6.482097418079e-15
7.670457770016e-15
9.824246793256e-15
8.363659127236e-15
6.107054882004e-15
6.048641485529e-15
5.786277162447e-15
4.393977234751e-15
3.080461684651e-15
2.005711284625e-15
1.569731928348e-15
1.263703992912e-15
7.808728257182e-16
1.246756109600e-15
1.815972180318e-15
2.856013375654e-15
1.141101002945e-15
2.933161826576e-16
4.643495317663e-16
1.188343440941e-15
2.004908883125e-15
2.513253709260e-15
3.343260935260e-15
3.147431331608e-15
1.853641019857e-15
1.260666552303e-15
3.342807601522e-16
8.265977712967e-17
3.978669878146e-17
4.514134705836e-17
3.990461319335e-17
6.468735149687e-17
4.764590484689e-16
1.876674249421e-15
3.048331899350e-15
4.157258015105e-15
5.706858438903e-15
7.287530312506e-15
6.346878247864e-15
6.769633143720e-15
6.064111997952e-15
6.236814468933e-15
7.858461505138e-15
8.197009318620e-15
1.081877635802e-14
1.416619377084e-14
1.608158775328e-14
1.898061210736e-14
2.019406209700e-14
2.001240732908e-14
2.191005276164e-14
2.215029471228e-14
2.348821802377e-14
2.284238396080e-14
2.076738252145e-14
1.941713462826e-14
2.010090946171e-14
2.129125800361e-14
1.980176046464e-14
1.682513882630e-14
1.587729422851e-14
1.853590218452e-14
1.868856353293e-14
1.934868954339e-14
2.058740532489e-14
1.948496390703e-14
1.966219311886e-14
2.039703642977e-14
2.123033731237e-14
2.192473442977e-14
2.156752395474e-14
2.173520880144e-14
2.164276324708e-14
2.053895957992e-14
1.944688269980e-14
1.733593568558e-14
1.717816962538e-14
1.592235605087e-14
1.735365481128e-14
1.641296585451e-14
1.651879554682e-14
1.447219937531e-14
1.493355231049e-14
1.462833036816e-14
1.147062781479e-14
7.653619334956e-15
6.305485198820e-15
6.727491366646e-15
7.978736370055e-15
5.928564431219e-15
2.954063266472e-15
3.270340207389e-15
3.607410363306e-15
2.560364039215e-15
4.995461310675e-16
2.836706528430e-20
1.996394545715e-17
4.908051070497e-16
1.035431352861e-15
6.872723493758e-16
6.463569605574e-16
9.302509272535e-16
1.589495894729e-15
1.471266975400e-15
1.909938812917e-15
2.782752884598e-15
4.056055146472e-15
5.183951436633e-15
6.691546110725e-15
7.962630039734e-15
8.813678945290e-15
1.087532736888e-14
1.265062900978e-14
1.349009988969e-14
1.524643723420e-14
1.654134355517e-14
1.651397235111e-14
1.537195259520e-14
1.556731059471e-14
1.502752260244e-14
1.536960231877e-14
1.427606780725e-14
9.571801290390e-15
8.424080221605e-15
7.524504940592e-15
8.950820240544e-15
7.931454039190e-15
5.178979863847e-15
4.420414988045e-15
2.894724627614e-15
2.405018556056e-15
1.913743109662e-15
2.593435007129e-15
2.278679210592e-15
1.939099133128e-15
1.495510405853e-15
9.739574362744e-16
8.628283101526e-16
7.057337283707e-16
7.166124652488e-16
1.788455514312e-15
2.323679826242e-15
2.978245500958e-15
2.569680645519e-15
1.756494222985e-15
2.253071461164e-15
3.599554354198e-15
4.009732145430e-15
4.738109879345e-15
4.041020170763e-15
4.273299317993e-15
4.536120596146e-15
3.900344436333e-15
3.298995193649e-15
2.284565117900e-15
3.655462238150e-15
4.902931322285e-15
5.107955358958e-15
6.487752728740e-15
7.755034914307e-15
8.206605082921e-15
8.272916971581e-15
1.014466694645e-14
1.028335559179e-14
1.010326957974e-14
1.005203872516e-14
1.170720468724e-14
1.298587915299e-14
1.340524611418e-14
1.658293087411e-14
1.643857417663e-14
1.380343887559e-14
1.355153823030e-14
1.435404638705e-14
1.402969948060e-14
1.669215805542e-14
1.815524434682e-14
1.768228248000e-14
1.541699223284e-14
1.370141432636e-14
1.352866929338e-14
1.511575585838e-14
1.808449450909e-14
1.804450925862e-14
1.683162683205e-14
1.608581349224e-14
1.300367403761e-14
1.245235819507e-14
1.442926634391e-14
1.492208188106e-14
1.451936940629e-14
1.550230500221e-14
1.630783553066e-14
1.741477456302e-14
1.971813776614e-14
1.950165100227e-14
1.899782277039e-14
2.025846765383e-14
2.145541727991e-14
1.821611986913e-14
1.673091216177e-14
1.741806188513e-14
2.189974236231e-14
2.731710609955e-14
3.296289663631e-14
3.271665763616e-14
3.124845906779e-14
2.842054527128e-14
2.944198444540e-14
3.110954748373e-14
3.305435103745e-14
3.371635974645e-14
3.371910289353e-14
3.677774124542e-14
3.727271285425e-14
3.721716133437e-14
3.516643539430e-14
3.240179135437e-14
3.441096922007e-14
3.321334407340e-14
3.364800642828e-14
3.633060042457e-14
3.584808947655e-14
3.454652282793e-14
3.327740848736e-14
3.300656660348e-14
3.281833938250e-14
3.169781040439e-14
3.205553265740e-14
3.082747213057e-14
3.305072284127e-14
3.214204749867e-14
3.282824651738e-14
3.665243279582e-14
3.972738039534e-14
4.002955910329e-14
4.236607351276e-14
4.154821563801e-14
4.401769169001e-14
3.999317239379e-14
3.881995229127e-14
3.792426226166e-14
3.891234143755e-14
4.097098381325e-14
4.255925895771e-14
4.572010047015e-14
4.579881163911e-14
4.663110249817e-14
4.918406984354e-14
4.517246985589e-14
4.602422509757e-14
4.306884578712e-14
4.242878470607e-14
4.072362272849e-14
3.956372463709e-14
3.990761527416e-14
3.611239574718e-14
3.346913749397e-14
3.159252457389e-14
3.341471432625e-14
3.291015048993e-14
3.052859660512e-14
2.717903099416e-14
3.247018990848e-14
3.253870838481e-14
3.296735101786e-14
3.132547979160e-14
3.597289376096e-14
3.495579849471e-14
3.661233700348e-14
3.609193936386e-14
3.509963581540e-14
3.500295200401e-14
3.790794262424e-14
4.038036784308e-14
4.195358672010e-14
4.086583013958e-14
4.158390380657e-14
4.355994361223e-14
4.355490635416e-14
4.026431018318e-14
3.835182602583e-14
3.448271330351e-14
3.167373865338e-14
2.807909236628e-14
2.681310925658e-14
2.633325488849e-14
2.725747534399e-14
2.615540734212e-14
2.323129134156e-14
2.286988618235e-14
1.944394549109e-14
1.676983646721e-14
1.525398477871e-14
1.374473983621e-14
1.397141597374e-14
1.185073850716e-14
1.174415148984e-14
9.957732363613e-15
8.552312501116e-15
7.154800380281e-15
7.748192153977e-15
5.731059865712e-15
5.082955958255e-15
5.300283409543e-15
6.864217830975e-15
7.451847577489e-15
5.354654764505e-15
6.331011839349e-15
7.040928278059e-15
7.569572869862e-15
7.855122507594e-15
1.048389979821e-14
1.311284380383e-14
1.471151415269e-14
1.681305813457e-14
1.630562303530e-14
1.467969526797e-14
1.366688983532e-14
1.375883746150e-14
1.389912279115e-14
1.384367543765e-14
1.528201423830e-14
1.919741264750e-14
2.387608939784e-14
2.501891975534e-14
2.175008859930e-14
1.886656621671e-14
1.755094126114e-14
1.747987571386e-14
1.803279051751e-14
1.711041868677e-14
1.677183512167e-14
1.561417977489e-14
1.594120813290e-14
1.684913785252e-14
1.314108044471e-14
1.170836092696e-14
1.081182398970e-14
1.296350689788e-14
1.273687385845e-14
1.035941898391e-14
9.244218600164e-15
7.471606191415e-15
8.402119359099e-15
8.089456135922e-15
8.380370679679e-15
5.808876656029e-15
4.447529788224e-15
3.969755448059e-15
2.741544849749e-15
9.661080723065e-16
1.225812181202e-15
3.513935807850e-15
5.053441113570e-15
7.602299533829e-15
8.939202414911e-15
9.894703587603e-15
1.043064921048e-14
7.827180950419e-15
4.785003225945e-15
4.235744992184e-15
3.228034194471e-15
1.965878176039e-15
8.392104022711e-16
6.846658118881e-16
8.769933891486e-16
1.422014956191e-16
2.103839098699e-18
2.322916410566e-18
3.163694858575e-16
5.496085436580e-16
2.290089414918e-16
1.224901062568e-16
1.390433730476e-17
8.054388822407e-18
1.584319334627e-17
2.118682004879e-16
8.459735749617e-20
7.264916994073e-17
8.100279531534e-16
2.036863176975e-15
1.656735502987e-15
1.707629398011e-15
2.747868006141e-15
4.925843399762e-15
9.997382617170e-15
1.434307941653e-14
1.582263125462e-14
1.617826153559e-14
1.744380368710e-14
1.751754792435e-14
1.573458471578e-14
1.873886886728e-14
2.100340056081e-14
2.629056548468e-14
3.028678283354e-14
2.923029462708e-14
2.579412773102e-14
2.528774006984e-14
2.934704604839e-14
2.719321616079e-14
2.908451340480e-14
2.574257124385e-14
2.948435492144e-14
2.910050867339e-14
3.091891996959e-14
3.264622685509e-14
3.351977716162e-14
3.471969206477e-14
3.493083246240e-14
3.693945543261e-14
3.700983930878e-14
3.637349011725e-14
3.455269554062e-14
3.288821809669e-14
3.622350700937e-14
3.222607747303e-14
3.249831356299e-14
3.576537283426e-14
3.618452776965e-14
3.404846787553e-14
3.792014349750e-14
4.308987701422e-14
4.467028248818e-14
4.359216029310e-14
4.293723869343e-14
4.421802807710e-14
4.549071583231e-14
4.437146075320e-14
4.293512016999e-14
4.252177621944e-14
4.614841229466e-14
3.827416558551e-14
3.725407582940e-14
3.641949959551e-14
3.838892483534e-14
3.963911612452e-14
4.199646145404e-14
4.354866605634e-14
4.546717016945e-14
4.971937954584e-14
5.095424640202e-14
5.148055625775e-14
5.349619205581e-14
5.648172031592e-14
5.449724477499e-14
5.306335438579e-14
5.441033321463e-14
5.171735479176e-14
4.708524967484e-14
5.381242157014e-14
5.805937008879e-14
6.238983831380e-14
6.385920512482e-14
5.887513029316e-14
5.609002677080e-14
5.374060374205e-14
5.015094633206e-14
4.634323684889e-14
4.717431009360e-14
4.592250671097e-14
4.476797520029e-14
4.088370321237e-14
4.112075651459e-14
4.312699329248e-14
4.387707772823e-14
4.613491551599e-14
4.355916716355e-14
4.112211188869e-14
4.572802412914e-14
4.208126545284e-14
4.156466440140e-14
4.553397865036e-14
4.439271302475e-14
4.256149374352e-14
4.402014727064e-14
4.885194476231e-14
4.651125928617e-14
5.355366559317e-14
5.541948692718e-14
5.398785080896e-14
5.961969330476e-14
5.518455745904e-14
5.519343035540e-14
5.598580588882e-14
5.847270613016e-14
6.028730578885e-14
5.892213654933e-14
5.926990093053e-14
5.861732238067e-14
5.830401598495e-14
5.735922481343e-14
5.547691731948e-14
5.575926375233e-14
5.490320781424e-14
5.048583477589e-14
4.886445947435e-14
5.027767704005e-14
5.245383119308e-14
4.973428625026e-14
4.732294618849e-14
4.895666394920e-14
5.464223726646e-14
5.080907854709e-14
5.320151022988e-14
5.774882826623e-14
5.864443536099e-14
6.141683073506e-14
6.390871773059e-14
6.442430689636e-14
6.701883475188e-14
6.930659538849e-14
7.215772759679e-14
7.103583623194e-14
7.368013715384e-14
7.447497055555e-14
7.171003534460e-14
7.460021079710e-14
6.938206950007e-14
6.892402358812e-14
6.507655185544e-14
6.745234638551e-14
7.225294485139e-14
7.411634808280e-14
7.290649658011e-14
6.853481581031e-14
6.546047317910e-14
6.067471376395e-14
5.612643671113e-14
5.038305086631e-14
4.863114577875e-14
5.184729082824e-14
5.717339903550e-14
5.812164206965e-14
6.403983317318e-14
6.319340598138e-14
6.278866389054e-14
6.723589388740e-14
6.545504010655e-14
6.062197883216e-14
6.337212803191e-14
6.542634200457e-14
6.437632853869e-14
6.597196394869e-14
6.502644367869e-14
6.193015277647e-14
6.590585919056e-14
6.506845829363e-14
6.087071154597e-14
5.803029522488e-14
4.979912878112e-14
4.924618251017e-14
4.678193840653e-14
4.279994198157e-14
4.235779982489e-14
3.971358928255e-14
4.121820116095e-14
4.498207225847e-14
4.603067029224e-14
5.043240658560e-14
5.147047786491e-14
4.864924863418e-14
5.058027151823e-14
5.149337995521e-14
5.503953441219e-14
4.892290490765e-14
4.743364759655e-14
4.506177280893e-14
3.664540897797e-14
2.851512267947e-14
2.283184343974e-14
1.885009206207e-14
1.754950254254e-14
1.116657651326e-14
7.208343652696e-15
3.426985459551e-15
3.257379062920e-15
4.096818796944e-15
5.194347803806e-15
3.372035397250e-15
3.070818734473e-15
2.873222062920e-15
3.352779807054e-15
5.437574747089e-15
7.064502855214e-15
4.006181621832e-15
2.177590405355e-15
3.736718396979e-15
6.064926745538e-15
9.457376931483e-15
6.879258856628e-15
7.651933394967e-15
7.737704117342e-15
6.836455387371e-15
5.858011710778e-15
4.333791522855e-15
4.196511287443e-15
4.202807874780e-15
1.782015452192e-15
2.468597044629e-15
5.663437714344e-15
6.421635963609e-15
6.337855829244e-15
4.326381087471e-15
6.436961563749e-15
8.288068828090e-15
8.411695076069e-15
1.121311097815e-14
1.259238300384e-14
1.125549845641e-14
1.155651094347e-14
1.438183528155e-14
2.114942753168e-14
2.199214853887e-14
2.730568637798e-14
2.735675359596e-14
2.714305308056e-14
3.006478515525e-14
2.841448254562e-14
2.289924125100e-14
2.016622245945e-14
1.706511065582e-14
1.460942624760e-14
1.581128408610e-14
1.648767605862e-14
1.539070046532e-14
1.489983770865e-14
1.594143152837e-14
1.717936762421e-14
1.898518727281e-14
1.848962493628e-14
2.115839517940e-14
1.896490191901e-14
1.839389394994e-14
1.704694275657e-14
2.348491023009e-14
2.599108108371e-14
3.710413090049e-14
4.690685261182e-14
5.992587001107e-14
6.603448480533e-14
6.924380045124e-14
7.213339127780e-14
7.588044906739e-14
7.757776626168e-14
7.829899514464e-14
7.278458904750e-14
7.415179387541e-14
7.667889838842e-14
7.161032262438e-14
6.894546264818e-14
6.030842280840e-14
5.532953395320e-14
5.001057753238e-14
4.373694588221e-14
3.639466489663e-14
3.057356088617e-14
2.284063806839e-14
1.691864531865e-14
9.804123772875e-15
7.720245783719e-15
5.147531135813e-15
2.665719529307e-15
2.626027115648e-15
2.750082695307e-15
3.395742329958e-15
5.213281129068e-15
6.123459957600e-15
7.949152316197e-15
8.200021849949e-15
7.195512403966e-15
8.502826369184e-15
8.806894379512e-15
6.977451316907e-15
7.460629239655e-15
6.520867099286e-15
3.335845018484e-15
1.668695218919e-15
1.570953030070e-15
3.062145802467e-15
8.026304840559e-15
1.174068972745e-14
1.342762697492e-14
1.384644185326e-14
2.265309551151e-14
2.565301788817e-14
3.063616677545e-14
2.876743152737e-14
2.808496579237e-14
2.842751495492e-14
3.355035990202e-14
3.997951217064e-14
4.397785118813e-14
3.811371919663e-14
4.224825162444e-14
5.785492831058e-14
6.892214646416e-14
7.452540069917e-14
7.567356398113e-14
7.895765699020e-14
8.741282934316e-14
8.394578798109e-14
9.187663411176e-14
9.433101966329e-14
1.008063161329e-13
9.537562330040e-14
9.977405315820e-14
9.668155850065e-14
9.918902507761e-14
1.014448009670e-13
1.006914223725e-13
1.008195740155e-13
1.000511457873e-13
9.334982347718e-14
9.009505913433e-14
8.687576144122e-14
8.622575130910e-14
8.244790053568e-14
7.817411929141e-14
7.749678147902e-14
7.681742895290e-14
7.296425993669e-14
6.563054041625e-14
5.953192861242e-14
5.903821104903e-14
6.789958374129e-14
7.987316852901e-14
8.248742698964e-14
7.903573816826e-14
8.568196211106e-14
8.130537683163e-14
8.497268096067e-14
8.489202322420e-14
9.203305093108e-14
8.993859814151e-14
9.549933060565e-14
9.358585500909e-14
8.847594520149e-14
8.326395398450e-14
8.487737450421e-14
7.918198399798e-14
7.345274659562e-14
6.419443867106e-14
6.066788612322e-14
6.315980710387e-14
6.333654959024e-14
6.527706495809e-14
6.368678072881e-14
6.136144515404e-14
6.753841200715e-14
6.358089916831e-14
6.718853572117e-14
7.282234506626e-14
7.187568680993e-14
7.137319477124e-14
6.795809372123e-14
7.460564580818e-14
7.966234205203e-14
8.133491386015e-14
7.578718110296e-14
7.387721557079e-14
6.720724546479e-14
6.507072384209e-14
6.934966412172e-14
7.339014321069e-14
7.027505854941e-14
7.198135453556e-14
6.695921697518e-14
5.766650160745e-14
5.378773990366e-14
5.995547156652e-14
6.283361164721e-14
6.463746950468e-14
6.382197989923e-14
6.134727435601e-14
6.367434504566e-14
6.049693801364e-14
6.507102252450e-14
6.766490181561e-14
6.355106305202e-14
6.242291546788e-14
6.388051625004e-14
6.612988316276e-14
6.921263029534e-14
6.389402932769e-14
5.860275797598e-14
5.007737945554e-14
4.390317515570e-14
3.712212022332e-14
3.365343484856e-14
3.271786635567e-14
3.561330371960e-14
3.248084965411e-14
2.703593188527e-14
2.871967184096e-14
2.989502024474e-14
3.320008913520e-14
2.855908538218e-14
2.646844574592e-14
1.805169314744e-14
1.494371583818e-14
1.290825921435e-14
1.149023857568e-14
4.872404074113e-15
1.044883388615e-15
4.544171945989e-16
1.337506983751e-15
3.386213395247e-15
5.085488465968e-15
3.924960592829e-15
9.079902604505e-15
1.573796105619e-14
2.295580737022e-14
2.727412657831e-14
3.230285427294e-14
3.679105189249e-14
3.865340182106e-14
4.554365655535e-14
5.243006621120e-14
5.589520212430e-14
6.781711132417e-14
7.795418556781e-14
7.563528497753e-14
7.389078376857e-14
7.428651518592e-14
8.802546398291e-14
8.045599374491e-14
9.291533992415e-14
9.885317477769e-14
9.951729622497e-14
1.077963727808e-13
1.165682329597e-13
1.190814014307e-13
1.175933609234e-13
1.150911752712e-13
1.207456234511e-13
1.193405284669e-13
1.219148166597e-13
1.157546983815e-13
1.169340879268e-13
1.129238126805e-13
1.161691937337e-13
1.145128218859e-13
1.183607330878e-13
1.149083043790e-13
1.142492047507e-13
1.104805469345e-13
1.150583230464e-13
1.152526311374e-13
1.098392638337e-13
1.107744501414e-13
1.039636005158e-13
1.077156450684e-13
1.035092013631e-13
1.085199668923e-13
1.033779861440e-13
1.068816300729e-13
1.075440268230e-13
1.097059151574e-13
1.164317960427e-13
1.138260052096e-13
1.096232112727e-13
1.069270582228e-13
1.110999875919e-13
1.092355801312e-13
1.118903829713e-13
1.180094234488e-13
1.113682900292e-13
1.115404674321e-13
1.159664137025e-13
1.119489524171e-13
1.172701562909e-13
1.141075468166e-13
1.055422355412e-13
1.027123534824e-13
9.814803295158e-14
9.015321685429e-14
8.119700666248e-14
8.065745476224e-14
8.516783018778e-14
8.751859608399e-14
9.584405539887e-14
9.175214708692e-14
9.914270410566e-14
1.036141416718e-13
9.496350497482e-14
9.287490513342e-14
8.773669079615e-14
9.673792736608e-14
9.820311291928e-14
8.652451829875e-14
8.676697369357e-14
8.217883641908e-14
8.387722943799e-14
7.879631602644e-14
7.551574506826e-14
6.948616721923e-14
6.640029200404e-14
6.977239607246e-14
5.838886819353e-14
7.309890272799e-14
7.680752978776e-14
8.167663476477e-14
8.671878630764e-14
8.777207881242e-14
8.548396220343e-14
8.539711432892e-14
7.833802604699e-14
6.841678958561e-14
7.145250781664e-14
7.328990432618e-14
7.377983310265e-14
7.819329724255e-14
7.361375214447e-14
7.950080527121e-14
8.928686276017e-14
1.025648625446e-13
1.029914068193e-13
1.024767034767e-13
1.114071756931e-13
1.110191722091e-13
1.146897341834e-13
1.151918573799e-13
1.178233475042e-13
1.258605812417e-13
1.277284179547e-13
1.271654104387e-13
1.132309436996e-13
1.137647123299e-13
1.038572323089e-13
9.897926449335e-14
1.170746353233e-13
1.116699555255e-13
1.162931414305e-13
1.093201350903e-13
1.050757249091e-13
9.260888264764e-14
7.793361878456e-14
8.296342137445e-14
8.580270344902e-14
8.167988864717e-14
7.818646181897e-14
8.016708525429e-14
7.830926282466e-14
8.368023673533e-14
9.699334205982e-14
8.749570772742e-14
8.430033059879e-14
9.114662385685e-14
8.291218185611e-14
7.529154086104e-14
6.617690526343e-14
5.815474604188e-14
5.038120238756e-14
5.940892573026e-14
6.463949619405e-14
5.316510289547e-14
4.791977468713e-14
3.798050281709e-14
4.551354920465e-14
5.472180250755e-14
4.311568694527e-14
3.419055757946e-14
3.341035102164e-14
3.266044930011e-14
2.949910988506e-14
2.589943507913e-14
2.265727459766e-14
2.073803777161e-14
2.113219224516e-14
1.971581621883e-14
1.786162827055e-14
1.740120821042e-14
1.409665178644e-14
1.278117395345e-14
1.004188732113e-14
2.929499837034e-15
1.486666095812e-16
2.877225277491e-15
9.245033970198e-15
1.769918871102e-14
1.971937673704e-14
3.363047707688e-14
4.117338306224e-14
7.204274080492e-14
1.381922854924e-13
1.745307609932e-13
1.785041186322e-13
2.118750834441e-13
1.637759540610e-13
1.369456766358e-13
1.229078427032e-13
1.204789502904e-13
1.091777675003e-13
8.714753545899e-14
9.691393386747e-14
1.199441325577e-13
9.645932191002e-14
7.197287525442e-14
6.548671725342e-14
8.199344745719e-14
8.142502644655e-14
8.089964998808e-14
1.059313853994e-13
1.071921806162e-13
9.904514184421e-14
6.224180377650e-14
3.344415743840e-14
3.698605979600e-14
4.034362933334e-14
5.085413575264e-14
5.611618155589e-14
5.336033595822e-14
4.345938089841e-14
4.294837913131e-14
5.802225662599e-14
7.414560586910e-14
9.538523791102e-14
1.008326421174e-13
1.113376013753e-13
1.480476908201e-13
2.270775867658e-13
2.716971948986e-13
3.236616592269e-13
3.779155369026e-13
5.332523549377e-13
8.164008939328e-13
9.549708681240e-13
1.152696537949e-12
1.123123525183e-12
1.139670692215e-12
1.152977596621e-12
1.253054769067e-12
1.312748793812e-12
1.172202754010e-12
1.034056171376e-12
1.025370102277e-12
8.818427224308e-13
7.992742298644e-13
8.645799963222e-13
9.706542300250e-13
9.391257540515e-13
9.310725181114e-13
9.202009462384e-13
9.126320989013e-13
7.958654881503e-13
6.961163852500e-13
7.029674942993e-13
6.548287403405e-13
5.695875372595e-13
6.615689467862e-13
8.947249820890e-13
1.188903048682e-12
1.462838354528e-12
1.512292766092e-12
1.690100445050e-12
1.824693808292e-12
2.065435816001e-12
2.154044874930e-12
1.936160057710e-12
1.748411722746e-12
1.735785334647e-12
1.526726600391e-12
1.388807374424e-12
1.441767595108e-12
1.212510037882e-12
1.146942900886e-12
1.145837889016e-12
8.986657134929e-13
7.312489652313e-13
7.296581131995e-13
6.180698094144e-13
5.189575784122e-13
3.536932751023e-13
2.761753286671e-13
2.760596498099e-13
3.231394242357e-13
3.002373633239e-13
2.296284489744e-13
2.239643730435e-13
2.169378613974e-13
2.373322369967e-13
1.802254033472e-13
9.537759189640e-14
7.629236381629e-14
7.630076387366e-14
7.776204079169e-14
6.083427767922e-14
5.281361390451e-14
3.550156613905e-14
1.919240488551e-14
7.679017987577e-15
4.103698939674e-15
1.454448988104e-15
2.079794143659e-15
5.667452180131e-15
4.313205334434e-15
2.200892947345e-15
6.512020498168e-15
6.844066035518e-15
1.331554730822e-14
1.634116214663e-14
9.904866090143e-15
1.837551397885e-14
2.714769186830e-14
1.720812893941e-14
3.303712637187e-14
4.111555650766e-14
6.296496350514e-14
7.916009707326e-14
9.608838859104e-14
5.804174021425e-14
3.616418503679e-14
3.213179950704e-14
1.810882669457e-14
7.866135258607e-15
1.167200199369e-14
2.243023208945e-15
4.084402468948e-15
2.551029468448e-15
3.955680342919e-16
4.333214233610e-16
7.261962601638e-15
1.587400441169e-14
2.080650654816e-14
4.006891578844e-14
5.390323221330e-14
7.742842163569e-14
6.508727587839e-14
7.111666447739e-14
6.854480791627e-14
4.322177021850e-14
2.715191430867e-14
3.975125390721e-14
4.243285220628e-14
3.318949614199e-14
1.953640890743e-14
6.287732794683e-15
1.845992618744e-15
8.036827685729e-16
1.059401940565e-15
2.320043026086e-15
9.718292127643e-15
1.042813068662e-14
1.051673055483e-14
1.524332760463e-14
2.503866362347e-14
2.780747719278e-14
3.205533269490e-14
1.835270484473e-14
1.692199462328e-14
1.633604754298e-14
8.688227411512e-15
1.594257679896e-15
5.673341001302e-16
5.432726957134e-16
1.629482491106e-15
1.234550557421e-15
1.266304110175e-14
1.107451945937e-14
1.685034914471e-14
2.722685883135e-14
8.012760308289e-15
6.882104450095e-16
5.211886725069e-15
7.437388928134e-16
7.672677596169e-16
4.673765716644e-16
1.296106227569e-15
2.847166103670e-16
1.007393983593e-15
4.535450054475e-16
9.156709465964e-16
5.772938443925e-18
4.989978149603e-18
2.325178226728e-18
4.578687531830e-15
9.066472233625e-15
9.194511599919e-15
9.089315206341e-15
8.730508367385e-15
1.284625046054e-14
1.860295017133e-14
1.941446260664e-14
1.136659377856e-14
4.006296634840e-15
2.287640167944e-15
7.935297675566e-15
1.339191900111e-14
1.298001542281e-14
2.415847892714e-14
1.587702260610e-14
2.337510282149e-14
2.678987960107e-14
1.460263408252e-14
1.498747618545e-14
1.831580372644e-14
2.851435234881e-15
1.860128932453e-16
1.401528439341e-15
7.524445436559e-15
2.605044830379e-15
8.097356267952e-14
1.621482462928e-14
2.936275536814e-15
1.370107887945e-15
1.559188542892e-15
1.618959500828e-14
3.488450392886e-14
4.208422624085e-14
4.848050274980e-14
4.630098160344e-14
2.572560849107e-14
1.911230237358e-14
1.540562257077e-14
1.664930715703e-14
2.806245645194e-14
2.144029811469e-14
6.406389583412e-15
3.648953713678e-15
5.248315581085e-16
6.286997699535e-15
2.147377383663e-14
2.178245698429e-14
2.616570446943e-14
4.689901871162e-14
1.138932100728e-13
1.737943345768e-13
1.824286833186e-13
2.471078681986e-13
2.979330709410e-13
3.109349225563e-13
2.808841034789e-13
2.000595090276e-13
2.009899141427e-13
2.848968363766e-13
4.818474403964e-13
6.579440453592e-13
8.607021020025e-13
9.061340383166e-13
7.815451564449e-13
7.244590415358e-13
7.595472987078e-13
4.987918374410e-13
5.087414966761e-13
5.159570884406e-13
6.171433718521e-13
5.029515559684e-13
3.680496340855e-13
2.645732386207e-13
1.731114265578e-13
1.028782702651e-13
1.122612336037e-13
1.038918211304e-13
8.332058173160e-14
9.551391815056e-14
7.930401448859e-14
2.079273884713e-14
1.901818452891e-14
1.259601727834e-14
1.047153034144e-14
1.949435445145e-15
5.493826063324e-16
9.488563713279e-17
9.410766332817e-17
1.971694738055e-16
1.960482998740e-16
2.596080219666e-16
2.104099920716e-16
1.681355482620e-20
1.495205064706e-15
5.708311771293e-15
1.414597080651e-14
2.766123123382e-15
4.059660075159e-15
8.949015262955e-15
4.548394778625e-15
6.453976842305e-15
1.446036279084e-15
6.025396227028e-15
1.954820641193e-15
3.736702544077e-16
1.747360770503e-15
2.517002403456e-15
3.338575446417e-15
1.265863543425e-14
5.923991188505e-14
6.831679543815e-14
7.294120877067e-14
9.499897798495e-14
1.283932920395e-13
1.308910497756e-13
1.342250218273e-13
1.390891441285e-13
1.420795075179e-13
1.793455016205e-13
1.652793682201e-13
1.769665612967e-13
2.200735142113e-13
2.483673663740e-13
2.239909823404e-13
2.513793947877e-13
2.783087865858e-13
3.019408576267e-13
3.055057477904e-13
3.356063785403e-13
3.300752066211e-13
2.950569077617e-13
2.577330743401e-13
2.117645269519e-13
1.632399387894e-13
1.290296113303e-13
1.613046579278e-13
1.488677983684e-13
1.038701170585e-13
7.762060810381e-14
8.102545784364e-14
7.448219997928e-14
4.199789251466e-14
2.660649425290e-14
5.233830687172e-14
6.677924474267e-14
3.340444324737e-14
1.080011250247e-14
1.229929404560e-14
1.787390568308e-14
2.372673511190e-14
2.564345726447e-14
3.809255055055e-14
6.158167535822e-14
1.061798471994e-13
7.087191572553e-14
1.127231682379e-13
1.482054077877e-13
1.589017054768e-13
1.552739824474e-13
1.579852911363e-13
1.268965099790e-13
9.585957784700e-14
1.216612518626e-13
1.284891111079e-13
1.601657179041e-13
1.517974118750e-13
2.125757575052e-13
2.360946351845e-13
2.612144517699e-13
2.694946774867e-13
2.459965828629e-13
3.008898786905e-13
3.041799804432e-13
3.359585697164e-13
3.076003839950e-13
3.183211721523e-13
3.458362587541e-13
3.984225090379e-13
4.343355511272e-13
4.123665806603e-13
4.822606514328e-13
4.878695520179e-13
4.958595980323e-13
4.617039732291e-13
5.263313531442e-13
5.255461764739e-13
4.739534702030e-13
4.801643734020e-13
4.479656857238e-13
4.081147223838e-13
4.411186428992e-13
4.124195117022e-13
4.162249465771e-13
3.807000316566e-13
3.860948949120e-13
3.753343164096e-13
3.719017821570e-13
3.725631559871e-13
3.773359671978e-13
4.154398773184e-13
4.067798274629e-13
4.715818642089e-13
4.523006950066e-13
4.401306079815e-13
4.381329572840e-13
3.893882823235e-13
3.836877698688e-13
3.802758922366e-13
3.794374265377e-13
3.964971418687e-13
3.619452011575e-13
4.294385663874e-13
4.708155902195e-13
5.309430253573e-13
5.247489488453e-13
5.911819645486e-13
6.253732066225e-13
6.154728605434e-13
5.752819118144e-13
5.688230782428e-13
5.742979711301e-13
6.492725525273e-13
6.368990454380e-13
6.142312727968e-13
6.433939821861e-13
6.383709317701e-13
6.696545753124e-13
6.288907511400e-13
7.310331503700e-13
6.915933232343e-13
6.060981606462e-13
5.797446495623e-13
5.282711025429e-13
4.996802610731e-13
4.189338903047e-13
4.486091533750e-13
4.684983142311e-13
4.413427908418e-13
4.773372225382e-13
4.157694183861e-13
4.243994140552e-13
3.863576445224e-13
4.118958951064e-13
3.665615832435e-13
3.998896065128e-13
4.100494084276e-13
3.891452331671e-13
4.258229347200e-13
3.320568101025e-13
3.627724820757e-13
2.993984057878e-13
2.421322139044e-13
2.607334161429e-13
2.255179032945e-13
2.352658490638e-13
2.188102620880e-13
1.976315207157e-13
2.300281687100e-13
2.978940130223e-13
3.402864425489e-13
2.836061959788e-13
2.841467516558e-13
3.045873477544e-13
3.899740643078e-13
4.005333610567e-13
3.527131421729e-13
3.264274975002e-13
3.718948981023e-13
3.748250834998e-13
4.623168578889e-13
4.361389699102e-13
4.720955465121e-13
5.588091102029e-13
5.947855047999e-13
5.816857123541e-13
5.449515568363e-13
5.617167696885e-13
2.829886380992e-13
2.854993426228e-13
3.757602683753e-13
4.683712263097e-13
4.520805718463e-13
3.366348024542e-13
4.662218094715e-13
3.171028475444e-13
4.280200427335e-13
3.818975716167e-13
3.201166245926e-13
3.117529060039e-13
2.926265241529e-13
1.835553255131e-13
9.440995134933e-14
1.280048259405e-14
1.096674440026e-15
7.342939761344e-15
4.648729044938e-15
1.725689193537e-15
6.348224955689e-15
1.228471864497e-14
1.974379558520e-15
1.324003629754e-14
1.170970850544e-13
1.385583523907e-13
2.045107919451e-13
2.573434147600e-13
4.383400497192e-13
7.463767808992e-13
9.991480177357e-13
8.903786142658e-13
1.431867244661e-12
2.848108275531e-12
4.732511936184e-12
6.502328415354e-12
1.392696267880e-11
2.301865154660e-11
2.168373031750e-11
2.057366167257e-11
3.609982279099e-11
3.741385964351e-11
2.486584407347e-11
1.180248699836e-11
1.286658148190e-11
2.438921476657e-11
3.425390932211e-12
2.388111183845e-14
1.296405518351e-12
5.495745041262e-12
2.756774436982e-12
0.000000000000e+00
0.000000000000e+00
0.000000000000e+00
0.000000000000e+00
0.000000000000e+00
0.000000000000e+00
0.000000000000e+00
2.033907507857e-17
6.156382524565e-15
7.787617498116e-15
7.071416348216e-14
2.837720607699e-14
1.071157538145e-12
3.867547045998e-15
9.136677916559e-16
2.951911607616e-15
3.600924527247e-16
1.206348067054e-17
1.943314687198e-15
1.909941970359e-14
5.066141681238e-15
4.484893635292e-15
8.618259022763e-15
3.421655655532e-15
3.955044122640e-14
5.983968802344e-15
3.183592863172e-15
1.518499733274e-15
1.154775760609e-15
3.330273445288e-15
2.823908303510e-15
5.116747983647e-15
4.530652909970e-15
6.540591678731e-15
7.445476642259e-16
2.816496078506e-15
3.930136187046e-15
4.585295458939e-15
4.408180000090e-15
3.842897593204e-15
1.873587489750e-15
9.966215450425e-16
5.008018047233e-15
2.443041032694e-15
3.544535015650e-15
6.495583617459e-15
7.101584650754e-15
2.274038082444e-15
5.526117101256e-15
7.849672168600e-16
5.253231664386e-15
1.987535258904e-15
3.969449485152e-14
1.720497680749e-15
2.265362063212e-15
5.362658512420e-16
1.778022446605e-15
7.047541700078e-15
7.943605418060e-16
7.596388278678e-19
1.218551610545e-14
7.555307976331e-16
1.638100708897e-15
1.384392773309e-15
2.097435951153e-15
3.580024128708e-15
1.248763759407e-19
2.303112344892e-14
1.601396496060e-14
7.181908106641e-15
9.654272093021e-15
1.874756693580e-15
1.363738559077e-14
3.598778695610e-15
2.063693734537e-16
1.964770997499e-14
2.626536018162e-17
7.232506974036e-16
1.008760957016e-15
4.758653729568e-15
2.121205877932e-16
3.046079143613e-15
1.925999482829e-15
2.580044093727e-15
1.716687940760e-16
6.649744819545e-16
1.610532392931e-14
2.975864798750e-17
3.442116052989e-15
8.191072699718e-16
2.643181929237e-17
3.296866794271e-15
5.330978187043e-15
5.808011718072e-18
5.096455996367e-17
3.358661688515e-16
1.515437431463e-16
3.244799161390e-17
4.014729788746e-15
2.656027985639e-15
3.676701563245e-17
4.591136518813e-15
4.112535630516e-15
1.460873975890e-15
1.932502002890e-14
4.802586767563e-15
2.358819894301e-16
2.667846973139e-15
1.917931467666e-18
4.391449497488e-16
3.337243287013e-15
4.549680057395e-15
3.235553631253e-15
1.476070581939e-15
2.474614579272e-15
1.974060360661e-15
2.684634690060e-15
2.775520722562e-16
1.831797932643e-15
1.578315926315e-16
7.302206101293e-16
6.933999822029e-16
5.435920643736e-15
6.405682550189e-15
1.569534838755e-14
5.989496501109e-15
2.186523971665e-17
5.858338959294e-15
1.825050722293e-14
3.160064448789e-16
5.520548443791e-15
1.853781582154e-15
1.578610631699e-15
8.329391858977e-15
1.773142048943e-15
2.634963602106e-16
6.918168370030e-15
5.804549457737e-15
5.262075711060e-15
5.064225614889e-15
3.357366830491e-15
4.237225211847e-16
1.488320036570e-15
6.031428889071e-15
5.705399083461e-15
2.366222455315e-15
8.216684829985e-15
6.535157868494e-15
3.419134251075e-16
5.489061472585e-15
6.014617349504e-15
5.108770553418e-15
7.142678665814e-15
5.351760714430e-15
5.903448144233e-16
8.698075483669e-16
2.562948302137e-16
1.988957732122e-14
1.956069669062e-15
1.124458487681e-17
5.941839440793e-15
5.537895484072e-15
1.461671854930e-15
5.804804601140e-14
3.192122693461e-15
2.238534382928e-15
1.772560606334e-15
2.208175935677e-15
4.046676946999e-15
1.981563240759e-15
3.288013280782e-14
1.718377234558e-16
1.115628280442e-16
1.392356823726e-16
2.115800533269e-15
4.688048524239e-15
6.766382311231e-15
5.804098257558e-15
4.173677121886e-15
3.516881293531e-16
6.634137121857e-15
7.535306028306e-15
5.168838998313e-15
3.222190314418e-14
6.203053921167e-15
1.112253827479e-14
4.723723963039e-15
6.777697708314e-15
7.898066317459e-15
1.199950814698e-14
4.307639105567e-15
5.553597409514e-15
6.298394597279e-14
2.312295630278e-18
1.135283558012e-14
5.909625858476e-14
2.254157362880e-15
7.970859584522e-15
6.654012103920e-15
4.107589430116e-15
2.186404096888e-18
3.604774399106e-14
9.479874361125e-17
6.635884351833e-16
2.696192830233e-14
6.297551690815e-16
6.345184187595e-15
4.397854837153e-15
2.619023672018e-16
5.923128140672e-15
1.875085248480e-15
7.200772661287e-16
4.828857134841e-15
4.237668128883e-16
1.423722952737e-13
7.225014395607e-16
3.125579650732e-14
6.533590052618e-18
7.881519612194e-18
3.967069768775e-15
1.151271491067e-14
3.062323919164e-15
2.701909870418e-14
2.243855036288e-15
7.048707751319e-14
1.333936779009e-14
2.669486380111e-15
7.229550075725e-15
2.298966924805e-15
6.555891268820e-15
1.760644845774e-14
9.344964507728e-14
2.183917152877e-14
4.091550306388e-13
1.164701027830e-15
8.760952264020e-15
8.236842611444e-15
9.695926274877e-16
1.317988287005e-14
1.878554584576e-14
2.582335968695e-14
1.628630560995e-15
4.072389800662e-13
2.436748352117e-14
