0.000000000000e+00
8.940899960536e-02
-1.690280998795e+00
-1.013818001811e+00
-3.752920010116e-01
-2.865200012205e-01
-2.979700015641e-01
-1.545670020754e-01
-1.780390024063e-01
-1.586970027640e-01
-1.265010033116e-01
-9.246900378095e-02
-9.159200445582e-02
-6.495100489382e-02
-7.213000531577e-02
-5.839700560639e-02
-4.216700608113e-02
-4.988500635870e-02
-4.411500624983e-02
-4.925800673462e-02
-1.613500701844e-02
-4.080500725443e-02
-2.186700734486e-02
-4.012300737204e-02
-2.643100800632e-02
-2.557200808716e-02
-2.589400826631e-02
-4.532100852439e-02
-2.496300878841e-02
-2.312200888010e-02
-2.399600924344e-02
-2.065500925141e-02
-3.906900934370e-02
-1.767400950066e-02
-1.654300953120e-02
-1.815400985929e-02
-2.002001024945e-02
-2.054101053961e-02
-1.617901029104e-02
-1.845101059931e-02
-1.741601076213e-02
-1.606001090071e-02
-1.290301076272e-02
-1.660901118751e-02
-1.776201144914e-02
-1.677101152543e-02
-1.672101151521e-02
-1.803701171333e-02
-1.729901171182e-02
-2.152701241206e-02
-2.148301245807e-02
-1.795801195168e-02
-2.014801247696e-02
-2.117201270228e-02
-1.988301263114e-02
-1.766201252239e-02
-2.230301333570e-02
-2.240201332529e-02
-2.046601323207e-02
-1.913501318357e-02
-1.876701337077e-02
-1.899801344574e-02
-2.065501395402e-02
-1.625601335716e-02
-1.710601381694e-02
-1.653201398718e-02
-1.266101361607e-02
-1.366901415408e-02
-3.166801401413e-02
-1.102801422007e-02
-2.318101330501e-02
-2.422201355781e-02
-2.703601425749e-02
-5.990014319183e-03
-2.676901447062e-02
-2.322701419198e-02
-2.680901470521e-02
-1.955501392514e-02
-2.270101462206e-02
-1.947801425739e-02
-1.823901424749e-02
-2.098301466296e-02
-2.197701484180e-02
-2.155801497363e-02
-1.731601426761e-02
-2.314801514440e-02
-2.236601531516e-02
-2.177801537729e-02
-2.229101544667e-02
-2.044101542170e-02
-2.052501537583e-02
-2.202801563421e-02
-2.327801602490e-02
-2.050101554599e-02
-2.577001631502e-02
-2.447301637031e-02
-2.068201569987e-02
-2.273501624205e-02
-2.106301618976e-02
-2.489401690193e-02
-1.914201595798e-02
-1.937201614876e-02
-2.297701657309e-02
-1.939501603544e-02
-2.396901683780e-02
-2.102901653665e-02
-2.151801657418e-02
-2.384301707568e-02
-2.296601693813e-02
-2.137901668332e-02
-2.571401750130e-02
-2.432101765492e-02
-2.223401714439e-02
-1.973401694049e-02
-2.074201690552e-02
-2.206701710028e-02
-2.480101789365e-02
-2.809101838433e-02
-2.273501799778e-02
-2.177101800499e-02
-2.024901751809e-02
-2.282301858699e-02
-2.419101895313e-02
-1.921101813214e-02
-1.977601812018e-02
-2.044001862959e-02
-1.980001857380e-02
-2.232801905490e-02
-1.973701895906e-02
-2.200601955221e-02
-2.368102025570e-02
-2.429902049538e-02
-1.928901959941e-02
-2.167302059228e-02
-1.540301945816e-02
-2.302202174291e-02
-1.866402101025e-02
-2.560002287670e-02
-2.103202177435e-02
-2.144002251645e-02
-2.033502251662e-02
-1.971602301994e-02
-1.968302326362e-02
-1.992402369886e-02
-1.746702360042e-02
-1.626202356721e-02
-1.998002490567e-02
-2.170702597803e-02
-2.218202666514e-02
-2.031502665495e-02
-2.058702718159e-02
-2.297202799219e-02
-2.436102933439e-02
-2.962203170991e-02
-9.142032143404e-03
-1.628003603949e-02
-1.314003572508e-02
-1.262903628850e-02
-2.213604257664e-02
-2.336004330980e-02
-1.883804241776e-02
-1.235704139242e-02
-1.479504408352e-02
-2.185604999436e-02
-2.099605139103e-02
-1.609605033406e-02
-1.469105189790e-02
-2.142406077810e-02
-1.585405886550e-02
-1.398306165353e-02
-1.297606630901e-02
-1.258507076022e-02
-1.349807720946e-02
-6.424074443569e-03
-9.232081438386e-03
-1.421709667563e-02
-1.307810116987e-02
-1.205609978097e-02
-8.696102591372e-03
-1.499612633799e-02
-1.583313648071e-02
-1.603114381444e-02
-1.322513923843e-02
-1.013513579627e-02
-1.017913387633e-02
-2.666128055257e-02
-1.535317618575e-02
-2.463628394362e-02
-1.472220064072e-02
-1.058318691753e-02
-6.254166048756e-03
-1.443426263870e-02
-1.681530778749e-02
-1.010221483114e-02
-1.367029409472e-02
-8.709221119196e-03
-9.671255147073e-03
-1.580631772735e-02
-1.021121348058e-02
-1.316424628548e-02
-1.678531437924e-02
-9.026198817786e-03
-1.419926443463e-02
-8.691191158204e-03
-1.495623248329e-02
-1.486821994712e-02
-1.083417143827e-02
-1.637121861177e-02
-8.117138613490e-03
-1.593417983731e-02
-7.222120294608e-03
-1.227412798509e-02
-1.928015124334e-02
-1.719713394569e-02
-6.662091991304e-03
-2.132312408605e-02
-1.643110650597e-02
-1.452509693062e-02
-1.101108665731e-02
-1.731109347551e-02
-2.702511210847e-02
-2.313009681387e-02
-2.072908593938e-02
-2.134108772874e-02
-2.074008482340e-02
-1.678107530622e-02
-1.526807366240e-02
-2.404709306365e-02
-9.689066966655e-03
-1.419807469242e-02
-1.249407266916e-02
-1.880108463209e-02
-1.339107345757e-02
-7.264065896643e-03
-1.837308512965e-02
-1.520107930863e-02
-1.108006975666e-02
-2.178509525427e-02
-1.282007631861e-02
-1.260708088706e-02
-1.672808950228e-02
-1.351308101274e-02
-1.376107862926e-02
-1.850909002828e-02
-1.518508550875e-02
-1.161508032130e-02
-1.143708035804e-02
-1.774209443326e-02
-1.419508899704e-02
-1.208708683425e-02
-1.533108876706e-02
-1.474809374396e-02
-1.514108997089e-02
-2.005609668634e-02
-1.744209810017e-02
-1.388708462486e-02
-1.192908032582e-02
-2.215910361261e-02
-2.590011856315e-02
-1.142307805632e-02
-1.593409000359e-02
-1.527708405220e-02
-1.760009562190e-02
-1.683608770249e-02
-1.623708428540e-02
-1.853209587364e-02
-1.121307577306e-02
-1.207507867182e-02
-1.040307300549e-02
-1.540208109008e-02
-1.581408301877e-02
-1.914308318098e-02
-1.381107560868e-02
-1.232907332515e-02
-1.539407342834e-02
-2.071607955995e-02
-1.932007802153e-02
-1.222606413072e-02
-1.569207037213e-02
-1.149906488474e-02
-1.938307743602e-02
-1.400006942468e-02
-1.407606730235e-02
-1.953107524258e-02
-1.650807155106e-02
-1.905507776673e-02
-1.640107334673e-02
-1.721007805463e-02
-1.904208349557e-02
-1.287106753191e-02
-1.142606981670e-02
-9.901068513436e-03
-1.447007842798e-02
-1.258907290389e-02
-1.230707371895e-02
-1.775508353180e-02
-1.275307393605e-02
-1.269507616414e-02
-1.104207384527e-02
-1.355107289488e-02
-1.659807839383e-02
-1.810507773627e-02
-2.091608965757e-02
-2.036808595724e-02
-2.249709181649e-02
-1.625808102848e-02
-1.416407366068e-02
-1.799008406772e-02
-1.505507961936e-02
-1.901909284894e-02
-1.334507772022e-02
-1.271907874541e-02
-1.749209053343e-02
-1.282708227094e-02
-8.043074450986e-03
-1.262408369870e-02
-1.919010882704e-02
-1.149308191042e-02
-1.308509059602e-02
-2.009510946074e-02
-1.439010065819e-02
-1.187809190945e-02
-1.460311389914e-02
-1.185410066647e-02
-8.829087994775e-03
-1.316810479781e-02
-1.457911720814e-02
-1.395911717687e-02
-1.097110409027e-02
-1.367211557704e-02
-1.190510616147e-02
-1.795713943353e-02
-1.316811343855e-02
-1.468412071658e-02
-9.315096928387e-03
-1.459011784794e-02
-1.717512943145e-02
-2.161717644021e-02
-1.058111004453e-02
-1.848716685988e-02
-1.449213225457e-02
-1.982217435597e-02
-1.547914567777e-02
-1.394513422405e-02
-1.143212575731e-02
-1.019112970211e-02
-1.221715115491e-02
-1.032913817400e-02
-1.214114528757e-02
-9.051147170146e-03
-1.323117588946e-02
-1.081018154099e-02
-1.816927255808e-02
-1.144817431125e-02
-1.094518218130e-02
-8.995156184186e-03
-1.678926029227e-02
-1.547424594610e-02
-1.496524330845e-02
-1.418224148792e-02
-9.043179459797e-03
-1.567329829694e-02
-1.532827528657e-02
-1.681041380238e-02
-1.339227829560e-02
-1.404233596008e-02
-1.317333709299e-02
-1.175433965478e-02
-8.823275858916e-03
-8.253285886734e-03
-1.373695888130e-02
-7.327297636517e-03
-8.739364654880e-03
-9.248317705320e-03
-9.072427784762e-03
-8.226413736927e-03
-8.577390337841e-03
-9.797550330957e-03
-1.082954376641e-02
-1.138993006631e-02
-1.222290809682e-02
-1.443367702005e-02
-2.314231442448e-02
-1.895226757857e-02
-1.054075171669e-02
-1.403156360414e-02
-1.220934652908e-02
-1.402573160526e-02
-1.809825025054e-02
-9.268913513056e-03
-1.048396240344e-02
-1.201692711598e-02
-9.515451792512e-03
-7.032006310075e-03
-9.478759227113e-03
-6.705025179037e-03
-1.645132388849e-02
-2.228955168335e-02
-1.917424336982e-02
-1.426591929027e-02
-1.188564067539e-02
-2.099145652523e-02
-1.477559443123e-02
-1.425138582121e-02
-4.799481445250e-03
-1.482450528597e-02
-8.510883738304e-03
-1.805441796757e-02
-6.058049128417e-03
-1.730134881388e-02
-2.117660094222e-02
-1.168437156931e-02
-1.804944179663e-02
-1.840245193493e-02
-1.581949521473e-02
-1.267433261657e-02
-9.007106141194e-03
-1.063088220969e-02
-1.677462318704e-02
-1.731369800652e-02
-1.303850404608e-02
-1.975670176196e-02
-1.761365918431e-02
-1.461568243067e-02
-1.209855048929e-02
-1.566764044258e-02
-1.722876002676e-02
-1.496571463149e-02
-1.602475238128e-02
-1.368071114984e-02
-1.594076853880e-02
-1.352676156609e-02
-1.001665089553e-02
-1.389777973336e-02
-1.384677256389e-02
-1.300677830984e-02
-1.766381264537e-02
-1.266877897427e-02
-5.288594239864e-03
-1.212878087871e-02
-1.881283050186e-02
-1.638681553208e-02
-6.990680170137e-03
-1.508981150158e-02
-1.264578552725e-02
-2.159785592149e-02
-1.462378820692e-02
-1.953284181587e-02
-1.261881717091e-02
-1.738883463926e-02
-1.548781735454e-02
-1.633282426026e-02
-1.384082398490e-02
-1.616781974462e-02
-2.029285635313e-02
-1.841784658556e-02
-1.396082327377e-02
-1.308981562945e-02
-1.421681671439e-02
-1.150080592260e-02
-1.105280715585e-02
-1.175881896210e-02
-1.218282802501e-02
-1.529384915873e-02
-1.905585968951e-02
-1.555084866332e-02
-1.498482805190e-02
-1.538484730540e-02
-1.173879663405e-02
-1.796786511790e-02
-1.535384139551e-02
-1.667285328905e-02
-8.852791716987e-03
-9.157786737942e-03
-1.125382339403e-02
-1.291782683348e-02
-1.510184819875e-02
-1.716586425810e-02
-1.066981879246e-02
-4.236772634451e-03
-1.478884138718e-02
-1.309183530004e-02
-8.586819594280e-03
-1.069182346062e-02
-1.594786593061e-02
-1.320584613165e-02
-9.835838700378e-03
-9.993841697474e-03
-7.738821757672e-03
-7.156838012049e-03
-1.891888506380e-02
-9.279828261523e-03
-1.059185046293e-02
-1.039984116890e-02
-1.566787058251e-02
-1.409686612885e-02
-1.700587914118e-02
-1.519286404696e-02
-6.889830583090e-03
-1.947088988971e-02
-1.236786504514e-02
-1.654287924256e-02
-1.787089093212e-02
-1.623787624292e-02
-1.259887483884e-02
-1.354088044914e-02
-1.428887913322e-02
-6.571845344416e-03
-2.226490758895e-02
-6.914862580508e-03
-1.112886917448e-02
-1.303188627668e-02
-1.667988240724e-02
-1.238587533688e-02
-8.225857713980e-03
-1.141687579884e-02
-1.286088182113e-02
-9.168871167916e-03
-1.140887971069e-02
-1.133688252635e-02
-1.325588479047e-02
-8.951867222839e-03
-1.400289059075e-02
-7.036862755198e-03
-1.640589102580e-02
-1.585489360353e-02
-1.248088190863e-02
-1.606289514345e-02
-1.591888872255e-02
-1.298387942962e-02
-1.814189858324e-02
-1.336387667550e-02
4.171002067606e-04
-1.319187479379e-02
-1.055286527453e-02
-1.638888819848e-02
-1.450488601497e-02
-1.451387721067e-02
-1.573487906803e-02
-1.687188379826e-02
-1.386486839704e-02
-1.943188883161e-02
-2.523893640860e-03
-2.123888066509e-03
-9.009905686492e-03
-1.444791555547e-02
-2.482388872491e-02
-4.748886680749e-03
-5.521885726764e-03
-7.588891510692e-03
-1.168090322516e-02
-9.815896488430e-03
-8.020885217162e-03
-6.696883639720e-03
-1.379490693379e-02
-1.051989448958e-02
-7.241882959898e-03
-6.728878011118e-03
-8.718887005368e-03
-1.251390106671e-02
-9.756890066476e-03
-1.286690113786e-02
-8.643884660089e-03
-5.941871593322e-03
-1.115289224212e-02
-1.296989932763e-02
-6.705874678763e-03
-8.213882196062e-03
-1.070389104438e-02
-1.102489211563e-02
-9.309883890364e-03
-1.332089906915e-02
-9.709887635759e-03
-1.134889187052e-02
-1.146589373050e-02
-1.200789409574e-02
-7.927881705471e-03
-7.632877709032e-03
-1.331590202090e-02
-1.048889262617e-02
-1.128789369739e-02
-8.034879892269e-03
-5.586863561978e-03
-1.371690275305e-02
-7.392874360549e-03
-1.102089276900e-02
-1.124589344761e-02
-1.267389824635e-02
-1.206189199690e-02
-1.591690534748e-02
-9.028881653746e-03
-4.262859120678e-03
-6.398877623807e-03
-8.079880650084e-03
-7.519880100483e-03
-6.581878463577e-03
-1.036589250916e-02
-7.982885323978e-03
-9.842891577668e-03
-1.103689629272e-02
-4.636868835072e-03
-9.271889190671e-03
-7.663878544539e-03
-9.360887263909e-03
-1.152789821342e-02
-9.750892850866e-03
-8.718887814488e-03
-1.023489627803e-02
-6.123876205059e-03
-9.536892693758e-03
-8.773890582822e-03
-1.203490156714e-02
-8.662890484857e-03
-9.221891268462e-03
-6.590881170598e-03
-1.125989660078e-02
-1.308590334235e-02
-5.122870037992e-03
-6.737878820574e-03
-9.618888513326e-03
-6.264876090093e-03
-1.187689874058e-02
-9.945889935462e-03
-8.491883650428e-03
-4.969866814237e-03
-3.426852613326e-03
-1.110289129709e-02
-6.657867973296e-03
-8.637878605415e-03
-9.983882414417e-03
-1.138988513478e-02
-7.987865998527e-03
-6.073854211076e-03
-1.357888715859e-02
-1.283888163232e-02
-1.091687130214e-02
-1.146887303565e-02
-8.589855855763e-03
-1.033786182584e-02
-1.811589626050e-02
-8.174842498151e-03
-1.193586411353e-02
-6.940830926419e-03
-1.573288453842e-02
-1.223686669166e-02
-1.294887010638e-02
-5.967343345126e-04
-8.489844939972e-03
-5.473807373348e-03
-5.592808705153e-03
-8.818838003912e-03
-9.100838529350e-03
-9.554834682653e-03
-9.461834075487e-03
-8.698827445871e-03
-1.087284329551e-02
-1.030583952694e-02
-1.153484587157e-02
-1.164384698252e-02
-8.495805797278e-03
-1.036882275586e-02
-9.581818678664e-03
-8.430805921814e-03
-1.057882060319e-02
-7.308787723165e-03
-7.628777535441e-03
-9.422803187303e-03
-9.009791479623e-03
-7.564758602170e-03
-1.167781521690e-02
-9.040784044555e-03
-1.129381634823e-02
-1.108781357229e-02
-9.737786838772e-03
-8.999776563270e-03
-7.891742850119e-03
-1.019077824885e-02
-4.194597405981e-03
-1.282680182545e-02
-1.319880462101e-02
-4.768596768185e-03
-9.495756188203e-03
-5.876631156083e-03
-8.458740417477e-03
-1.196079086512e-02
-1.053074136766e-02
-8.228702704539e-03
-5.845617407108e-03
-7.521677360546e-03
-9.741756264554e-03
-8.421705073008e-03
-5.699581407268e-03
-1.014772782486e-02
-8.983691098190e-03
-1.377179120434e-02
-8.319668299077e-03
-7.964674077337e-03
-1.349677985950e-02
-8.979704369269e-03
-1.126174717290e-02
-8.578669446842e-03
-1.056372634776e-02
-1.092874387025e-02
-1.036872837249e-02
-8.262649832996e-03
-7.764641297813e-03
-8.625671578351e-03
-8.119664973342e-03
-8.780662961899e-03
-6.761584079619e-03
-1.158575183104e-02
-9.652722337045e-03
-8.250596200049e-03
-1.020771120723e-02
-6.820509701709e-03
-7.480496567105e-03
-1.085668463945e-02
-1.150170227049e-02
-9.370587167724e-03
-1.173266427692e-02
-7.582272141976e-03
-1.251067854479e-02
-9.456512228335e-03
-1.157253818234e-02
-1.002830426262e-02
-1.597271502363e-02
-1.001732510389e-02
-1.219545368929e-02
-8.228390605725e-03
-1.365057555632e-02
-7.577226921725e-03
-1.262246468040e-02
-1.180830788861e-02
-9.658266290854e-03
-9.805262432302e-03
-1.276326116863e-02
-1.349943506450e-02
-1.549856349690e-02
-1.015881026718e-02
-1.154045873509e-02
-4.804914365059e-03
-1.438739843740e-02
-1.239475627177e-02
-5.617717338691e-03
-4.475565071466e-03
-1.643050844193e-02
-1.150284597745e-02
-6.098565132329e-03
-4.138851939514e-03
-5.824177415810e-03
-2.084044522024e-04
-2.598610774992e-03
-6.513636939927e-03
-5.795019579543e-03
-6.621428599072e-03
-7.642811582493e-03
-7.555412839849e-03
-9.447847968992e-03
-4.399475265225e-03
-1.465600539921e-02
-2.681303827308e-03
-8.292893363482e-03
-9.256386406949e-03
-6.090435331127e-03
-5.952445028971e-03
-7.856523190645e-03
-7.930458103620e-03
-5.422330612799e-03
-6.028331122511e-03
-8.175419959336e-03
-1.067353139030e-02
-6.327303674892e-03
-8.902382438317e-03
-1.105954126431e-02
-8.411322909677e-03
-8.228323561447e-03
-1.063553192199e-02
-7.567272705621e-03
-8.204437336991e-03
-4.062231529630e-03
-7.840362978124e-03
-4.192240549707e-03
-6.976319011773e-03
-5.408263883200e-03
-6.314296464590e-03
-8.756458505316e-03
-6.326313229837e-03
-3.430225428420e-03
-8.266367639873e-03
-1.281371869044e-02
-5.259263641075e-03
-7.854381437490e-03
-6.483320007285e-03
-2.031780110740e-04
-8.311359795116e-03
-6.178268660097e-03
-6.884315047726e-03
-6.644275432956e-03
-7.518287257676e-03
-6.140249145523e-03
-1.157945461921e-02
-6.674235645755e-03
-1.024240524693e-02
-5.891211548258e-03
-7.947249121544e-03
-7.296244691469e-03
-9.413281742773e-03
-9.727283276532e-03
-6.892211636136e-03
-1.010628281826e-02
-7.024209566312e-03
-1.121928754360e-02
-5.907181749210e-03
-8.616211488620e-03
-4.608160824910e-03
-8.479212660646e-03
-7.818185852594e-03
-7.874191433261e-03
-6.225161368897e-03
-1.038621776010e-02
-9.350188173064e-03
-1.391830161660e-02
-7.748173728558e-03
-9.109191230213e-03
-1.076220796801e-02
-7.781164846813e-03
-1.104820244717e-02
-8.649173574851e-03
-9.394178662151e-03
-9.862185817194e-03
-7.322153564451e-03
-6.003134471514e-03
-5.166134841587e-03
-8.922176003783e-03
-5.838137820628e-03
-1.014517903818e-02
-1.216920367957e-02
-1.132520402229e-02
-8.623163115968e-03
-1.135319515751e-02
-9.049170240712e-03
-8.898171618726e-03
-1.114120355640e-02
-1.380428269198e-02
-1.380229066313e-02
-1.088820761226e-02
-1.065222948388e-02
-1.111824632956e-02
-8.385204781582e-03
-7.101180023064e-03
-1.155433590752e-02
-1.032728350619e-02
-8.833255826616e-03
-8.804259922966e-03
-9.283294713558e-03
-1.023633551583e-02
-9.934353900906e-03
-9.710343264327e-03
-1.175555541869e-02
-6.741245387705e-03
-8.244349141342e-03
-7.771310215837e-03
-1.257195021272e-02
-7.654353595209e-03
-8.010382450200e-03
-1.005758085713e-02
-1.822428239318e-02
-7.258376183883e-03
-9.461566840774e-03
-6.909378623062e-03
-5.190288754083e-03
-1.151999918396e-02
-7.848480086375e-03
-7.409456745836e-03
-8.978771768011e-03
-8.083582029975e-03
-9.941490012159e-03
-6.908517355972e-03
-9.364353082718e-03
-1.056104624076e-02
-9.588608636812e-03
-9.032249680308e-03
-9.396138168909e-03
-8.734836675663e-03
-4.861390516154e-03
-1.406320826765e-02
-8.327015588427e-03
-9.713033180201e-03
-1.452444851270e-02
-1.625282556153e-02
-1.574552652167e-02
-1.802539488433e-02
-1.623399295006e-02
-1.027338975357e-02
-8.595884400719e-03
-1.499483495002e-02
-1.459101647170e-02
-1.623711786505e-02
-1.655735628910e-02
-1.593809177109e-02
-1.518714143395e-02
-6.897069822138e-03
-1.615349462697e-02
-6.650906374362e-03
-1.454428061598e-02
-1.566841568942e-02
-1.388509864409e-02
-1.372980423909e-02
-1.282265341693e-02
-1.401895620006e-02
-1.480709297962e-02
-1.313793734821e-02
-1.458888352512e-02
-1.381985069063e-02
-1.376218833524e-02
-1.621439043895e-02
-1.487392289122e-02
-1.397115951532e-02
-1.567026882774e-02
-1.581625291283e-02
-1.534001157546e-02
-8.918314316111e-03
-1.355365367116e-02
-1.356995964696e-02
-1.650121199722e-02
-1.408862211794e-02
-1.399074389213e-02
-1.051154191980e-02
-1.586054372336e-02
-1.487814066406e-02
-1.733916116820e-02
-1.537059298031e-02
-8.878246432091e-03
-1.583144735165e-02
-1.081297858008e-02
-1.672446709713e-02
-8.797975429856e-03
-1.074761363380e-02
-1.605041338172e-02
-1.077186839878e-02
-9.643859711941e-03
-1.234778964831e-02
-1.224162919938e-02
-9.125565973677e-03
-1.098200877208e-02
-8.231485869850e-03
-1.297844466527e-02
-1.074471950878e-02
-9.733582213506e-03
-1.355537450051e-02
-1.188392062652e-02
-1.109377059905e-02
-1.141878867615e-02
-1.110465560973e-02
-1.117764144772e-02
-1.205287008605e-02
-1.394711911088e-02
-1.054753834104e-02
-9.066384469576e-03
-1.443403720092e-02
-8.844351176998e-03
-1.550619410022e-02
-1.399721264761e-02
-1.679521297546e-02
-1.013737933675e-02
-1.611073764027e-02
-1.345362790556e-02
-1.277648175932e-02
-1.531390072155e-02
-1.176238140492e-02
-1.339749582246e-02
-1.240338755944e-02
-1.534565108732e-02
-1.403944734418e-02
-9.653251663250e-03
-1.711271614856e-02
-1.340934265276e-02
-1.446237956052e-02
-1.280929745944e-02
-1.550539858083e-02
-1.754553809721e-02
-1.818457193520e-02
-2.176662589420e-02
-1.102123707277e-02
-1.677345779116e-02
-1.730849592069e-02
-1.874959988226e-02
-1.697042036199e-02
-2.112597965679e-02
-2.411192814359e-02
-2.196810982446e-02
-2.399550900888e-02
-3.212175204422e-02
-2.262410011511e-02
-3.112612033003e-02
-3.772453156141e-02
-3.821254718338e-02
-3.675945860329e-02
-3.932258342093e-02
-4.668174837917e-02
0.000000000000e+00
0.000000000000e+00
0.000000000000e+00
0.000000000000e+00
0.000000000000e+00
0.000000000000e+00
0.000000000000e+00
0.000000000000e+00
0.000000000000e+00
0.000000000000e+00
0.000000000000e+00
0.000000000000e+00
0.000000000000e+00
0.000000000000e+00
0.000000000000e+00
0.000000000000e+00
0.000000000000e+00
0.000000000000e+00
0.000000000000e+00
0.000000000000e+00
0.000000000000e+00
0.000000000000e+00
0.000000000000e+00
0.000000000000e+00
0.000000000000e+00
0.000000000000e+00
0.000000000000e+00
0.000000000000e+00
0.000000000000e+00
0.000000000000e+00
0.000000000000e+00
0.000000000000e+00
0.000000000000e+00
0.000000000000e+00
0.000000000000e+00
0.000000000000e+00
0.000000000000e+00
0.000000000000e+00
0.000000000000e+00
0.000000000000e+00
0.000000000000e+00
0.000000000000e+00
0.000000000000e+00
0.000000000000e+00
0.000000000000e+00
0.000000000000e+00
0.000000000000e+00
0.000000000000e+00
0.000000000000e+00
0.000000000000e+00
0.000000000000e+00
0.000000000000e+00
0.000000000000e+00
0.000000000000e+00
0.000000000000e+00
0.000000000000e+00
0.000000000000e+00
0.000000000000e+00
0.000000000000e+00
0.000000000000e+00
0.000000000000e+00
0.000000000000e+00
0.000000000000e+00
0.000000000000e+00
0.000000000000e+00
0.000000000000e+00
0.000000000000e+00
0.000000000000e+00
0.000000000000e+00
0.000000000000e+00
0.000000000000e+00
0.000000000000e+00
0.000000000000e+00
0.000000000000e+00
0.000000000000e+00
0.000000000000e+00
0.000000000000e+00
0.000000000000e+00
0.000000000000e+00
0.000000000000e+00
0.000000000000e+00
0.000000000000e+00
0.000000000000e+00
0.000000000000e+00
0.000000000000e+00
0.000000000000e+00
0.000000000000e+00
0.000000000000e+00
0.000000000000e+00
0.000000000000e+00
0.000000000000e+00
0.000000000000e+00
0.000000000000e+00
0.000000000000e+00
0.000000000000e+00
0.000000000000e+00
0.000000000000e+00
0.000000000000e+00
0.000000000000e+00
0.000000000000e+00
0.000000000000e+00
0.000000000000e+00
0.000000000000e+00
0.000000000000e+00
0.000000000000e+00
0.000000000000e+00
0.000000000000e+00
0.000000000000e+00
0.000000000000e+00
0.000000000000e+00
0.000000000000e+00
0.000000000000e+00
0.000000000000e+00
0.000000000000e+00
0.000000000000e+00
0.000000000000e+00
0.000000000000e+00
0.000000000000e+00
0.000000000000e+00
0.000000000000e+00
0.000000000000e+00
0.000000000000e+00
0.000000000000e+00
0.000000000000e+00
0.000000000000e+00
0.000000000000e+00
0.000000000000e+00
0.000000000000e+00
0.000000000000e+00
0.000000000000e+00
0.000000000000e+00
0.000000000000e+00
0.000000000000e+00
0.000000000000e+00
0.000000000000e+00
0.000000000000e+00
0.000000000000e+00
0.000000000000e+00
0.000000000000e+00
0.000000000000e+00
0.000000000000e+00
0.000000000000e+00
0.000000000000e+00
0.000000000000e+00
0.000000000000e+00
0.000000000000e+00
0.000000000000e+00
0.000000000000e+00
0.000000000000e+00
0.000000000000e+00
0.000000000000e+00
0.000000000000e+00
0.000000000000e+00
0.000000000000e+00
0.000000000000e+00
0.000000000000e+00
0.000000000000e+00
0.000000000000e+00
0.000000000000e+00
0.000000000000e+00
0.000000000000e+00
0.000000000000e+00
0.000000000000e+00
0.000000000000e+00
0.000000000000e+00
0.000000000000e+00
0.000000000000e+00
0.000000000000e+00
0.000000000000e+00
0.000000000000e+00
0.000000000000e+00
0.000000000000e+00
0.000000000000e+00
0.000000000000e+00
0.000000000000e+00
0.000000000000e+00
0.000000000000e+00
0.000000000000e+00
0.000000000000e+00
0.000000000000e+00
0.000000000000e+00
0.000000000000e+00
0.000000000000e+00
0.000000000000e+00
0.000000000000e+00
0.000000000000e+00
0.000000000000e+00
0.000000000000e+00
0.000000000000e+00
0.000000000000e+00
0.000000000000e+00
0.000000000000e+00
0.000000000000e+00
0.000000000000e+00
0.000000000000e+00
0.000000000000e+00
0.000000000000e+00
0.000000000000e+00
0.000000000000e+00
0.000000000000e+00
0.000000000000e+00
0.000000000000e+00
0.000000000000e+00
0.000000000000e+00
0.000000000000e+00
0.000000000000e+00
0.000000000000e+00
0.000000000000e+00
0.000000000000e+00
0.000000000000e+00
0.000000000000e+00
0.000000000000e+00
0.000000000000e+00
0.000000000000e+00
0.000000000000e+00
0.000000000000e+00
0.000000000000e+00
0.000000000000e+00
0.000000000000e+00
0.000000000000e+00
0.000000000000e+00
0.000000000000e+00
0.000000000000e+00
0.000000000000e+00
0.000000000000e+00
0.000000000000e+00
0.000000000000e+00
0.000000000000e+00
0.000000000000e+00
0.000000000000e+00
0.000000000000e+00
0.000000000000e+00
0.000000000000e+00
0.000000000000e+00
0.000000000000e+00
0.000000000000e+00
0.000000000000e+00
0.000000000000e+00
0.000000000000e+00
0.000000000000e+00
0.000000000000e+00
0.000000000000e+00
0.000000000000e+00
0.000000000000e+00
0.000000000000e+00
0.000000000000e+00
0.000000000000e+00
0.000000000000e+00
0.000000000000e+00
0.000000000000e+00
0.000000000000e+00
0.000000000000e+00
0.000000000000e+00
0.000000000000e+00
0.000000000000e+00
0.000000000000e+00
0.000000000000e+00
0.000000000000e+00
0.000000000000e+00
0.000000000000e+00
0.000000000000e+00
0.000000000000e+00
0.000000000000e+00
0.000000000000e+00
0.000000000000e+00
0.000000000000e+00
0.000000000000e+00
0.000000000000e+00
0.000000000000e+00
0.000000000000e+00
0.000000000000e+00
0.000000000000e+00
0.000000000000e+00
0.000000000000e+00
0.000000000000e+00
0.000000000000e+00
0.000000000000e+00
0.000000000000e+00
0.000000000000e+00
0.000000000000e+00
0.000000000000e+00
0.000000000000e+00
0.000000000000e+00
0.000000000000e+00
0.000000000000e+00
0.000000000000e+00
0.000000000000e+00
0.000000000000e+00
0.000000000000e+00
0.000000000000e+00
0.000000000000e+00
0.000000000000e+00
0.000000000000e+00
0.000000000000e+00
0.000000000000e+00
0.000000000000e+00
0.000000000000e+00
0.000000000000e+00
0.000000000000e+00
0.000000000000e+00
0.000000000000e+00
0.000000000000e+00
0.000000000000e+00
0.000000000000e+00
0.000000000000e+00
0.000000000000e+00
0.000000000000e+00
0.000000000000e+00
0.000000000000e+00
0.000000000000e+00
0.000000000000e+00
0.000000000000e+00
0.000000000000e+00
0.000000000000e+00
0.000000000000e+00
0.000000000000e+00
0.000000000000e+00
0.000000000000e+00
0.000000000000e+00
0.000000000000e+00
0.000000000000e+00
0.000000000000e+00
0.000000000000e+00
0.000000000000e+00
0.000000000000e+00
0.000000000000e+00
0.000000000000e+00
0.000000000000e+00
0.000000000000e+00
0.000000000000e+00
0.000000000000e+00
0.000000000000e+00
0.000000000000e+00
0.000000000000e+00
0.000000000000e+00
0.000000000000e+00
0.000000000000e+00
0.000000000000e+00
0.000000000000e+00
0.000000000000e+00
0.000000000000e+00
0.000000000000e+00
0.000000000000e+00
0.000000000000e+00
0.000000000000e+00
0.000000000000e+00
0.000000000000e+00
0.000000000000e+00
0.000000000000e+00
0.000000000000e+00
0.000000000000e+00
0.000000000000e+00
0.000000000000e+00
0.000000000000e+00
0.000000000000e+00
0.000000000000e+00
0.000000000000e+00
0.000000000000e+00
0.000000000000e+00
0.000000000000e+00
0.000000000000e+00
0.000000000000e+00
0.000000000000e+00
0.000000000000e+00
0.000000000000e+00
0.000000000000e+00
0.000000000000e+00
0.000000000000e+00
0.000000000000e+00
0.000000000000e+00
0.000000000000e+00
0.000000000000e+00
0.000000000000e+00
0.000000000000e+00
0.000000000000e+00
0.000000000000e+00
0.000000000000e+00
0.000000000000e+00
0.000000000000e+00
0.000000000000e+00
0.000000000000e+00
0.000000000000e+00
0.000000000000e+00
0.000000000000e+00
0.000000000000e+00
0.000000000000e+00
0.000000000000e+00
0.000000000000e+00
0.000000000000e+00
0.000000000000e+00
0.000000000000e+00
0.000000000000e+00
0.000000000000e+00
0.000000000000e+00
0.000000000000e+00
0.000000000000e+00
0.000000000000e+00
0.000000000000e+00
0.000000000000e+00
0.000000000000e+00
0.000000000000e+00
0.000000000000e+00
0.000000000000e+00
0.000000000000e+00
0.000000000000e+00
0.000000000000e+00
0.000000000000e+00
0.000000000000e+00
0.000000000000e+00
0.000000000000e+00
0.000000000000e+00
0.000000000000e+00
0.000000000000e+00
0.000000000000e+00
0.000000000000e+00
0.000000000000e+00
0.000000000000e+00
0.000000000000e+00
0.000000000000e+00
0.000000000000e+00
0.000000000000e+00
0.000000000000e+00
0.000000000000e+00
0.000000000000e+00
0.000000000000e+00
0.000000000000e+00
0.000000000000e+00
0.000000000000e+00
0.000000000000e+00
0.000000000000e+00
0.000000000000e+00
0.000000000000e+00
0.000000000000e+00
0.000000000000e+00
0.000000000000e+00
0.000000000000e+00
0.000000000000e+00
0.000000000000e+00
0.000000000000e+00
0.000000000000e+00
0.000000000000e+00
0.000000000000e+00
0.000000000000e+00
0.000000000000e+00
0.000000000000e+00
0.000000000000e+00
0.000000000000e+00
0.000000000000e+00
0.000000000000e+00
0.000000000000e+00
0.000000000000e+00
0.000000000000e+00
0.000000000000e+00
0.000000000000e+00
0.000000000000e+00
0.000000000000e+00
0.000000000000e+00
0.000000000000e+00
0.000000000000e+00
0.000000000000e+00
0.000000000000e+00
0.000000000000e+00
0.000000000000e+00
0.000000000000e+00
0.000000000000e+00
0.000000000000e+00
0.000000000000e+00
0.000000000000e+00
0.000000000000e+00
0.000000000000e+00
0.000000000000e+00
0.000000000000e+00
0.000000000000e+00
0.000000000000e+00
0.000000000000e+00
0.000000000000e+00
0.000000000000e+00
0.000000000000e+00
0.000000000000e+00
0.000000000000e+00
0.000000000000e+00
0.000000000000e+00
0.000000000000e+00
0.000000000000e+00
0.000000000000e+00
0.000000000000e+00
0.000000000000e+00
0.000000000000e+00
0.000000000000e+00
0.000000000000e+00
0.000000000000e+00
0.000000000000e+00
0.000000000000e+00
0.000000000000e+00
0.000000000000e+00
0.000000000000e+00
0.000000000000e+00
0.000000000000e+00
0.000000000000e+00
0.000000000000e+00
0.000000000000e+00
0.000000000000e+00
0.000000000000e+00
0.000000000000e+00
0.000000000000e+00
0.000000000000e+00
0.000000000000e+00
0.000000000000e+00
0.000000000000e+00
0.000000000000e+00
0.000000000000e+00
0.000000000000e+00
0.000000000000e+00
0.000000000000e+00
0.000000000000e+00
0.000000000000e+00
0.000000000000e+00
0.000000000000e+00
0.000000000000e+00
0.000000000000e+00
0.000000000000e+00
0.000000000000e+00
0.000000000000e+00
0.000000000000e+00
0.000000000000e+00
0.000000000000e+00
0.000000000000e+00
0.000000000000e+00
0.000000000000e+00
0.000000000000e+00
0.000000000000e+00
0.000000000000e+00
0.000000000000e+00
0.000000000000e+00
0.000000000000e+00
0.000000000000e+00
0.000000000000e+00
0.000000000000e+00
0.000000000000e+00
0.000000000000e+00
0.000000000000e+00
0.000000000000e+00
0.000000000000e+00
0.000000000000e+00
0.000000000000e+00
0.000000000000e+00
0.000000000000e+00
0.000000000000e+00
0.000000000000e+00
0.000000000000e+00
0.000000000000e+00
0.000000000000e+00
0.000000000000e+00
0.000000000000e+00
0.000000000000e+00
0.000000000000e+00
0.000000000000e+00
0.000000000000e+00
0.000000000000e+00
0.000000000000e+00
0.000000000000e+00
0.000000000000e+00
0.000000000000e+00
0.000000000000e+00
0.000000000000e+00
0.000000000000e+00
0.000000000000e+00
0.000000000000e+00
0.000000000000e+00
0.000000000000e+00
0.000000000000e+00
0.000000000000e+00
0.000000000000e+00
0.000000000000e+00
0.000000000000e+00
0.000000000000e+00
0.000000000000e+00
0.000000000000e+00
0.000000000000e+00
0.000000000000e+00
0.000000000000e+00
0.000000000000e+00
0.000000000000e+00
0.000000000000e+00
0.000000000000e+00
0.000000000000e+00
0.000000000000e+00
0.000000000000e+00
0.000000000000e+00
0.000000000000e+00
0.000000000000e+00
0.000000000000e+00
0.000000000000e+00
0.000000000000e+00
0.000000000000e+00
0.000000000000e+00
0.000000000000e+00
0.000000000000e+00
0.000000000000e+00
0.000000000000e+00
0.000000000000e+00
0.000000000000e+00
0.000000000000e+00
0.000000000000e+00
0.000000000000e+00
0.000000000000e+00
0.000000000000e+00
0.000000000000e+00
0.000000000000e+00
0.000000000000e+00
0.000000000000e+00
0.000000000000e+00
0.000000000000e+00
0.000000000000e+00
0.000000000000e+00
0.000000000000e+00
0.000000000000e+00
0.000000000000e+00
0.000000000000e+00
0.000000000000e+00
0.000000000000e+00
0.000000000000e+00
0.000000000000e+00
0.000000000000e+00
0.000000000000e+00
0.000000000000e+00
0.000000000000e+00
0.000000000000e+00
0.000000000000e+00
0.000000000000e+00
0.000000000000e+00
0.000000000000e+00
0.000000000000e+00
0.000000000000e+00
0.000000000000e+00
0.000000000000e+00
0.000000000000e+00
0.000000000000e+00
0.000000000000e+00
0.000000000000e+00
0.000000000000e+00
0.000000000000e+00
0.000000000000e+00
0.000000000000e+00
0.000000000000e+00
0.000000000000e+00
0.000000000000e+00
0.000000000000e+00
0.000000000000e+00
0.000000000000e+00
0.000000000000e+00
0.000000000000e+00
0.000000000000e+00
0.000000000000e+00
0.000000000000e+00
0.000000000000e+00
0.000000000000e+00
0.000000000000e+00
0.000000000000e+00
0.000000000000e+00
0.000000000000e+00
0.000000000000e+00
0.000000000000e+00
0.000000000000e+00
0.000000000000e+00
0.000000000000e+00
0.000000000000e+00
0.000000000000e+00
0.000000000000e+00
0.000000000000e+00
0.000000000000e+00
0.000000000000e+00
0.000000000000e+00
0.000000000000e+00
0.000000000000e+00
0.000000000000e+00
0.000000000000e+00
0.000000000000e+00
0.000000000000e+00
0.000000000000e+00
0.000000000000e+00
0.000000000000e+00
0.000000000000e+00
0.000000000000e+00
0.000000000000e+00
0.000000000000e+00
0.000000000000e+00
0.000000000000e+00
0.000000000000e+00
0.000000000000e+00
0.000000000000e+00
0.000000000000e+00
0.000000000000e+00
0.000000000000e+00
0.000000000000e+00
0.000000000000e+00
0.000000000000e+00
0.000000000000e+00
0.000000000000e+00
0.000000000000e+00
0.000000000000e+00
0.000000000000e+00
0.000000000000e+00
0.000000000000e+00
0.000000000000e+00
0.000000000000e+00
0.000000000000e+00
0.000000000000e+00
0.000000000000e+00
0.000000000000e+00
0.000000000000e+00
0.000000000000e+00
0.000000000000e+00
0.000000000000e+00
0.000000000000e+00
0.000000000000e+00
0.000000000000e+00
0.000000000000e+00
0.000000000000e+00
0.000000000000e+00
0.000000000000e+00
0.000000000000e+00
0.000000000000e+00
0.000000000000e+00
0.000000000000e+00
0.000000000000e+00
0.000000000000e+00
0.000000000000e+00
0.000000000000e+00
0.000000000000e+00
0.000000000000e+00
0.000000000000e+00
0.000000000000e+00
0.000000000000e+00
0.000000000000e+00
0.000000000000e+00
0.000000000000e+00
0.000000000000e+00
0.000000000000e+00
0.000000000000e+00
0.000000000000e+00
0.000000000000e+00
0.000000000000e+00
0.000000000000e+00
0.000000000000e+00
0.000000000000e+00
0.000000000000e+00
0.000000000000e+00
0.000000000000e+00
0.000000000000e+00
0.000000000000e+00
0.000000000000e+00
0.000000000000e+00
0.000000000000e+00
0.000000000000e+00
0.000000000000e+00
0.000000000000e+00
0.000000000000e+00
0.000000000000e+00
0.000000000000e+00
0.000000000000e+00
0.000000000000e+00
0.000000000000e+00
0.000000000000e+00
0.000000000000e+00
0.000000000000e+00
0.000000000000e+00
0.000000000000e+00
0.000000000000e+00
0.000000000000e+00
0.000000000000e+00
0.000000000000e+00
0.000000000000e+00
0.000000000000e+00
0.000000000000e+00
0.000000000000e+00
0.000000000000e+00
0.000000000000e+00
0.000000000000e+00
0.000000000000e+00
0.000000000000e+00
0.000000000000e+00
0.000000000000e+00
0.000000000000e+00
0.000000000000e+00
0.000000000000e+00
0.000000000000e+00
0.000000000000e+00
0.000000000000e+00
0.000000000000e+00
0.000000000000e+00
0.000000000000e+00
0.000000000000e+00
0.000000000000e+00
0.000000000000e+00
0.000000000000e+00
0.000000000000e+00
0.000000000000e+00
0.000000000000e+00
0.000000000000e+00
0.000000000000e+00
0.000000000000e+00
0.000000000000e+00
0.000000000000e+00
0.000000000000e+00
0.000000000000e+00
0.000000000000e+00
0.000000000000e+00
0.000000000000e+00
0.000000000000e+00
0.000000000000e+00
0.000000000000e+00
0.000000000000e+00
0.000000000000e+00
0.000000000000e+00
0.000000000000e+00
0.000000000000e+00
0.000000000000e+00
0.000000000000e+00
0.000000000000e+00
0.000000000000e+00
0.000000000000e+00
0.000000000000e+00
0.000000000000e+00
0.000000000000e+00
0.000000000000e+00
0.000000000000e+00
0.000000000000e+00
0.000000000000e+00
0.000000000000e+00
0.000000000000e+00
0.000000000000e+00
0.000000000000e+00
0.000000000000e+00
0.000000000000e+00
0.000000000000e+00
0.000000000000e+00
0.000000000000e+00
0.000000000000e+00
0.000000000000e+00
0.000000000000e+00
0.000000000000e+00
0.000000000000e+00
0.000000000000e+00
0.000000000000e+00
0.000000000000e+00
0.000000000000e+00
0.000000000000e+00
0.000000000000e+00
0.000000000000e+00
0.000000000000e+00
0.000000000000e+00
0.000000000000e+00
0.000000000000e+00
0.000000000000e+00
0.000000000000e+00
0.000000000000e+00
0.000000000000e+00
0.000000000000e+00
0.000000000000e+00
0.000000000000e+00
0.000000000000e+00
0.000000000000e+00
0.000000000000e+00
0.000000000000e+00
0.000000000000e+00
0.000000000000e+00
0.000000000000e+00
0.000000000000e+00
0.000000000000e+00
0.000000000000e+00
0.000000000000e+00
0.000000000000e+00
0.000000000000e+00
0.000000000000e+00
0.000000000000e+00
0.000000000000e+00
0.000000000000e+00
0.000000000000e+00
0.000000000000e+00
0.000000000000e+00
0.000000000000e+00
0.000000000000e+00
0.000000000000e+00
0.000000000000e+00
0.000000000000e+00
0.000000000000e+00
0.000000000000e+00
0.000000000000e+00
0.000000000000e+00
0.000000000000e+00
0.000000000000e+00
0.000000000000e+00
0.000000000000e+00
0.000000000000e+00
0.000000000000e+00
0.000000000000e+00
0.000000000000e+00
0.000000000000e+00
0.000000000000e+00
0.000000000000e+00
0.000000000000e+00
0.000000000000e+00
0.000000000000e+00
0.000000000000e+00
0.000000000000e+00
0.000000000000e+00
0.000000000000e+00
0.000000000000e+00
0.000000000000e+00
0.000000000000e+00
0.000000000000e+00
0.000000000000e+00
0.000000000000e+00
0.000000000000e+00
0.000000000000e+00
0.000000000000e+00
0.000000000000e+00
0.000000000000e+00
0.000000000000e+00
0.000000000000e+00
0.000000000000e+00
0.000000000000e+00
0.000000000000e+00
0.000000000000e+00
0.000000000000e+00
0.000000000000e+00
0.000000000000e+00
0.000000000000e+00
0.000000000000e+00
0.000000000000e+00
0.000000000000e+00
0.000000000000e+00
0.000000000000e+00
0.000000000000e+00
0.000000000000e+00
0.000000000000e+00
0.000000000000e+00
0.000000000000e+00
0.000000000000e+00
0.000000000000e+00
0.000000000000e+00
0.000000000000e+00
0.000000000000e+00
0.000000000000e+00
0.000000000000e+00
0.000000000000e+00
0.000000000000e+00
0.000000000000e+00
0.000000000000e+00
0.000000000000e+00
0.000000000000e+00
0.000000000000e+00
0.000000000000e+00
0.000000000000e+00
0.000000000000e+00
0.000000000000e+00
0.000000000000e+00
0.000000000000e+00
0.000000000000e+00
0.000000000000e+00
0.000000000000e+00
0.000000000000e+00
0.000000000000e+00
0.000000000000e+00
0.000000000000e+00
0.000000000000e+00
0.000000000000e+00
0.000000000000e+00
0.000000000000e+00
0.000000000000e+00
0.000000000000e+00
0.000000000000e+00
0.000000000000e+00
0.000000000000e+00
0.000000000000e+00
0.000000000000e+00
0.000000000000e+00
0.000000000000e+00
0.000000000000e+00
0.000000000000e+00
0.000000000000e+00
0.000000000000e+00
0.000000000000e+00
0.000000000000e+00
0.000000000000e+00
0.000000000000e+00
0.000000000000e+00
0.000000000000e+00
0.000000000000e+00
0.000000000000e+00
0.000000000000e+00
0.000000000000e+00
0.000000000000e+00
0.000000000000e+00
0.000000000000e+00
0.000000000000e+00
0.000000000000e+00
0.000000000000e+00
0.000000000000e+00
0.000000000000e+00
0.000000000000e+00
0.000000000000e+00
0.000000000000e+00
0.000000000000e+00
0.000000000000e+00
0.000000000000e+00
0.000000000000e+00
0.000000000000e+00
0.000000000000e+00
0.000000000000e+00
0.000000000000e+00
0.000000000000e+00
0.000000000000e+00
0.000000000000e+00
0.000000000000e+00
0.000000000000e+00
0.000000000000e+00
0.000000000000e+00
0.000000000000e+00
0.000000000000e+00
0.000000000000e+00
0.000000000000e+00
0.000000000000e+00
0.000000000000e+00
0.000000000000e+00
0.000000000000e+00
0.000000000000e+00
0.000000000000e+00
0.000000000000e+00
0.000000000000e+00
0.000000000000e+00
0.000000000000e+00
0.000000000000e+00
0.000000000000e+00
0.000000000000e+00
0.000000000000e+00
0.000000000000e+00
0.000000000000e+00
0.000000000000e+00
0.000000000000e+00
0.000000000000e+00
0.000000000000e+00
0.000000000000e+00
0.000000000000e+00
0.000000000000e+00
0.000000000000e+00
0.000000000000e+00
0.000000000000e+00
0.000000000000e+00
0.000000000000e+00
0.000000000000e+00
0.000000000000e+00
0.000000000000e+00
0.000000000000e+00
0.000000000000e+00
0.000000000000e+00
0.000000000000e+00
0.000000000000e+00
0.000000000000e+00
0.000000000000e+00
0.000000000000e+00
0.000000000000e+00
0.000000000000e+00
0.000000000000e+00
0.000000000000e+00
0.000000000000e+00
0.000000000000e+00
0.000000000000e+00
0.000000000000e+00
0.000000000000e+00
0.000000000000e+00
0.000000000000e+00
0.000000000000e+00
0.000000000000e+00
0.000000000000e+00
0.000000000000e+00
0.000000000000e+00
0.000000000000e+00
0.000000000000e+00
0.000000000000e+00
0.000000000000e+00
0.000000000000e+00
0.000000000000e+00
0.000000000000e+00
0.000000000000e+00
0.000000000000e+00
0.000000000000e+00
0.000000000000e+00
0.000000000000e+00
0.000000000000e+00
0.000000000000e+00
0.000000000000e+00
0.000000000000e+00
0.000000000000e+00
0.000000000000e+00
0.000000000000e+00
0.000000000000e+00
0.000000000000e+00
0.000000000000e+00
0.000000000000e+00
0.000000000000e+00
0.000000000000e+00
0.000000000000e+00
0.000000000000e+00
0.000000000000e+00
0.000000000000e+00
0.000000000000e+00
0.000000000000e+00
0.000000000000e+00
0.000000000000e+00
0.000000000000e+00
0.000000000000e+00
0.000000000000e+00
0.000000000000e+00
0.000000000000e+00
0.000000000000e+00
0.000000000000e+00
0.000000000000e+00
0.000000000000e+00
0.000000000000e+00
0.000000000000e+00
0.000000000000e+00
0.000000000000e+00
0.000000000000e+00
0.000000000000e+00
0.000000000000e+00
0.000000000000e+00
0.000000000000e+00
0.000000000000e+00
0.000000000000e+00
0.000000000000e+00
0.000000000000e+00
0.000000000000e+00
0.000000000000e+00
0.000000000000e+00
0.000000000000e+00
0.000000000000e+00
0.000000000000e+00
0.000000000000e+00
0.000000000000e+00
0.000000000000e+00
0.000000000000e+00
0.000000000000e+00
0.000000000000e+00
0.000000000000e+00
0.000000000000e+00
0.000000000000e+00
0.000000000000e+00
0.000000000000e+00
0.000000000000e+00
0.000000000000e+00
0.000000000000e+00
0.000000000000e+00
0.000000000000e+00
0.000000000000e+00
0.000000000000e+00
0.000000000000e+00
0.000000000000e+00
0.000000000000e+00
0.000000000000e+00
0.000000000000e+00
0.000000000000e+00
0.000000000000e+00
0.000000000000e+00
0.000000000000e+00
0.000000000000e+00
0.000000000000e+00
0.000000000000e+00
0.000000000000e+00
0.000000000000e+00
0.000000000000e+00
0.000000000000e+00
0.000000000000e+00
0.000000000000e+00
0.000000000000e+00
0.000000000000e+00
0.000000000000e+00
0.000000000000e+00
0.000000000000e+00
0.000000000000e+00
0.000000000000e+00
0.000000000000e+00
0.000000000000e+00
0.000000000000e+00
0.000000000000e+00
0.000000000000e+00
0.000000000000e+00
0.000000000000e+00
0.000000000000e+00
0.000000000000e+00
0.000000000000e+00
0.000000000000e+00
0.000000000000e+00
0.000000000000e+00
0.000000000000e+00
0.000000000000e+00
0.000000000000e+00
0.000000000000e+00
0.000000000000e+00
0.000000000000e+00
0.000000000000e+00
0.000000000000e+00
0.000000000000e+00
0.000000000000e+00
0.000000000000e+00
0.000000000000e+00
0.000000000000e+00
0.000000000000e+00
0.000000000000e+00
0.000000000000e+00
0.000000000000e+00
0.000000000000e+00
0.000000000000e+00
0.000000000000e+00
0.000000000000e+00
0.000000000000e+00
0.000000000000e+00
0.000000000000e+00
0.000000000000e+00
0.000000000000e+00
0.000000000000e+00
0.000000000000e+00
0.000000000000e+00
0.000000000000e+00
0.000000000000e+00
0.000000000000e+00
0.000000000000e+00
0.000000000000e+00
0.000000000000e+00
0.000000000000e+00
0.000000000000e+00
0.000000000000e+00
0.000000000000e+00
0.000000000000e+00
0.000000000000e+00
0.000000000000e+00
0.000000000000e+00
0.000000000000e+00
0.000000000000e+00
0.000000000000e+00
0.000000000000e+00
0.000000000000e+00
0.000000000000e+00
0.000000000000e+00
0.000000000000e+00
0.000000000000e+00
0.000000000000e+00
0.000000000000e+00
0.000000000000e+00
0.000000000000e+00
0.000000000000e+00
0.000000000000e+00
0.000000000000e+00
0.000000000000e+00
0.000000000000e+00
0.000000000000e+00
0.000000000000e+00
0.000000000000e+00
0.000000000000e+00
0.000000000000e+00
0.000000000000e+00
0.000000000000e+00
0.000000000000e+00
0.000000000000e+00
0.000000000000e+00
0.000000000000e+00
0.000000000000e+00
0.000000000000e+00
0.000000000000e+00
0.000000000000e+00
0.000000000000e+00
0.000000000000e+00
0.000000000000e+00
0.000000000000e+00
0.000000000000e+00
0.000000000000e+00
0.000000000000e+00
0.000000000000e+00
0.000000000000e+00
0.000000000000e+00
0.000000000000e+00
0.000000000000e+00
0.000000000000e+00
0.000000000000e+00
0.000000000000e+00
0.000000000000e+00
0.000000000000e+00
0.000000000000e+00
0.000000000000e+00
0.000000000000e+00
0.000000000000e+00
0.000000000000e+00
0.000000000000e+00
0.000000000000e+00
0.000000000000e+00
0.000000000000e+00
0.000000000000e+00
0.000000000000e+00
0.000000000000e+00
0.000000000000e+00
0.000000000000e+00
0.000000000000e+00
0.000000000000e+00
0.000000000000e+00
0.000000000000e+00
0.000000000000e+00
0.000000000000e+00
0.000000000000e+00
0.000000000000e+00
0.000000000000e+00
0.000000000000e+00
0.000000000000e+00
0.000000000000e+00
0.000000000000e+00
0.000000000000e+00
0.000000000000e+00
0.000000000000e+00
0.000000000000e+00
0.000000000000e+00
0.000000000000e+00
0.000000000000e+00
0.000000000000e+00
0.000000000000e+00
0.000000000000e+00
0.000000000000e+00
0.000000000000e+00
0.000000000000e+00
0.000000000000e+00
0.000000000000e+00
0.000000000000e+00
0.000000000000e+00
0.000000000000e+00
0.000000000000e+00
0.000000000000e+00
0.000000000000e+00
0.000000000000e+00
0.000000000000e+00
0.000000000000e+00
0.000000000000e+00
0.000000000000e+00
0.000000000000e+00
0.000000000000e+00
0.000000000000e+00
0.000000000000e+00
0.000000000000e+00
0.000000000000e+00
0.000000000000e+00
0.000000000000e+00
0.000000000000e+00
0.000000000000e+00
0.000000000000e+00
0.000000000000e+00
0.000000000000e+00
0.000000000000e+00
0.000000000000e+00
0.000000000000e+00
0.000000000000e+00
0.000000000000e+00
0.000000000000e+00
0.000000000000e+00
0.000000000000e+00
0.000000000000e+00
0.000000000000e+00
0.000000000000e+00
0.000000000000e+00
0.000000000000e+00
0.000000000000e+00
0.000000000000e+00
0.000000000000e+00
0.000000000000e+00
0.000000000000e+00
0.000000000000e+00
0.000000000000e+00
0.000000000000e+00
0.000000000000e+00
0.000000000000e+00
0.000000000000e+00
0.000000000000e+00
0.000000000000e+00
0.000000000000e+00
0.000000000000e+00
0.000000000000e+00
0.000000000000e+00
0.000000000000e+00
0.000000000000e+00
0.000000000000e+00
0.000000000000e+00
0.000000000000e+00
0.000000000000e+00
0.000000000000e+00
0.000000000000e+00
0.000000000000e+00
0.000000000000e+00
0.000000000000e+00
0.000000000000e+00
0.000000000000e+00
0.000000000000e+00
0.000000000000e+00
0.000000000000e+00
0.000000000000e+00
0.000000000000e+00
0.000000000000e+00
0.000000000000e+00
0.000000000000e+00
0.000000000000e+00
0.000000000000e+00
0.000000000000e+00
0.000000000000e+00
0.000000000000e+00
0.000000000000e+00
0.000000000000e+00
0.000000000000e+00
0.000000000000e+00
0.000000000000e+00
0.000000000000e+00
0.000000000000e+00
0.000000000000e+00
0.000000000000e+00
0.000000000000e+00
0.000000000000e+00
0.000000000000e+00
0.000000000000e+00
0.000000000000e+00
0.000000000000e+00
0.000000000000e+00
0.000000000000e+00
0.000000000000e+00
0.000000000000e+00
0.000000000000e+00
0.000000000000e+00
0.000000000000e+00
0.000000000000e+00
0.000000000000e+00
0.000000000000e+00
0.000000000000e+00
0.000000000000e+00
0.000000000000e+00
0.000000000000e+00
0.000000000000e+00
0.000000000000e+00
0.000000000000e+00
0.000000000000e+00
0.000000000000e+00
0.000000000000e+00
0.000000000000e+00
0.000000000000e+00
0.000000000000e+00
0.000000000000e+00
0.000000000000e+00
0.000000000000e+00
0.000000000000e+00
0.000000000000e+00
0.000000000000e+00
0.000000000000e+00
0.000000000000e+00
0.000000000000e+00
0.000000000000e+00
0.000000000000e+00
0.000000000000e+00
0.000000000000e+00
0.000000000000e+00
0.000000000000e+00
0.000000000000e+00
0.000000000000e+00
0.000000000000e+00
0.000000000000e+00
0.000000000000e+00
0.000000000000e+00
0.000000000000e+00
0.000000000000e+00
0.000000000000e+00
0.000000000000e+00
0.000000000000e+00
0.000000000000e+00
0.000000000000e+00
0.000000000000e+00
0.000000000000e+00
0.000000000000e+00
0.000000000000e+00
0.000000000000e+00
0.000000000000e+00
0.000000000000e+00
0.000000000000e+00
0.000000000000e+00
0.000000000000e+00
0.000000000000e+00
0.000000000000e+00
0.000000000000e+00
-3.876210364116e-02
2.813597467836e-02
-3.271834839545e-03
-4.571293134554e-02
-2.313403090648e-02
1.055899638893e-02
-1.999866356959e-03
-1.999911169205e-03
-1.999903503239e-03
-1.999900070106e-03
-1.999879800670e-03
-1.999888789841e-03
-1.999868265188e-03
-1.999849177142e-03
-1.999912751274e-03
-1.999890564095e-03
-1.999869950581e-03
-1.999869961135e-03
-1.999897295277e-03
-1.999850452856e-03
-1.999915589746e-03
-1.999913575518e-03
-1.999909928236e-03
-1.999882138799e-03
-1.999900129112e-03
-1.999857439364e-03
-1.999874108927e-03
-1.999869872077e-03
-1.999884094255e-03
-1.999886586445e-03
-1.999895515180e-03
-1.999896986691e-03
-1.999899169636e-03
-1.999900940394e-03
-1.999890480360e-03
-1.999871299889e-03
-1.999891085678e-03
-1.999878183008e-03
-1.999903922412e-03
-1.999881692989e-03
-1.999916021232e-03
-1.999917244603e-03
-1.999866236937e-03
-1.999886207650e-03
-1.999912612598e-03
-1.999896634352e-03
-1.999907374951e-03
-1.999858526908e-03
-1.999893711808e-03
-1.999875869732e-03
-1.999896847519e-03
-1.999894452779e-03
-1.999900104722e-03
-1.999897591652e-03
-1.999854347441e-03
-1.999913824617e-03
-1.999856125307e-03
-1.999906550904e-03
-1.999909013211e-03
-1.999899380875e-03
-1.999898809495e-03
-1.999891842539e-03
-1.999887377469e-03
-1.999853024427e-03
-1.999849822512e-03
-1.999909045224e-03
-1.999899043854e-03
-1.999894010975e-03
-1.999844089127e-03
-1.999880888304e-03
-1.999896354035e-03
-1.999873763497e-03
-1.999896341174e-03
-1.999890584088e-03
-1.999880900180e-03
-1.999847048602e-03
-1.999900868739e-03
-1.999679933387e-03
-1.999882035653e-03
-1.999840472328e-03
-1.999917994870e-03
-1.999854422171e-03
-1.999869347285e-03
-1.999885026265e-03
-1.999901273352e-03
-1.999894317474e-03
-1.999827553877e-03
-1.999891252263e-03
-1.999882342797e-03
-1.999906170536e-03
-1.999880332286e-03
-1.999825630013e-03
-1.999873031786e-03
-1.999908481926e-03
-1.999893764334e-03
-1.999918477684e-03
-1.999846876789e-03
-1.999907974716e-03
-1.999882734771e-03
-1.999855722839e-03
-1.999923428040e-03
-1.999870766469e-03
-1.999873189379e-03
-1.999904069810e-03
-1.999874206532e-03
-1.999874940098e-03
-1.999903026654e-03
-1.999887323108e-03
-1.999900088278e-03
-1.999899081010e-03
-1.999912509657e-03
-1.999893482440e-03
-1.999870568479e-03
-1.999924271111e-03
-1.999908157408e-03
-1.999895588861e-03
-1.999914087551e-03
-1.999870455711e-03
-1.999870365814e-03
-1.999882352474e-03
-1.999898827212e-03
-1.999884399432e-03
-1.999896574544e-03
-1.999901072302e-03
-1.999898201060e-03
-1.999875749011e-03
-1.999926102537e-03
-1.999899656136e-03
-1.999922794152e-03
-1.999908873477e-03
-1.999892106470e-03
-1.999928959021e-03
-1.999902206020e-03
-1.999892230578e-03
-1.999906706995e-03
-1.999879710478e-03
-1.999865771745e-03
-1.999823892071e-03
-1.999895855785e-03
-1.999911726819e-03
-1.999906923557e-03
-1.999886827869e-03
-1.999914050067e-03
-1.999866798829e-03
-1.999874095376e-03
-1.999886291782e-03
-1.999905474499e-03
-1.999881449600e-03
-1.999808784327e-03
-1.999870819492e-03
-1.999872570947e-03
-1.999891636257e-03
-1.999919315581e-03
-1.999928211760e-03
-1.999866339762e-03
-1.999930821806e-03
-1.999913286072e-03
-1.999798857371e-03
-1.999906882478e-03
-1.999864515070e-03
-1.999895442606e-03
-1.999912196595e-03
-1.999892375761e-03
-1.999894742714e-03
-1.999904518787e-03
-1.999905936284e-03
-1.999890198323e-03
-1.999918574237e-03
-1.999904772025e-03
-1.999893783768e-03
-1.999885658644e-03
-1.999894385063e-03
-1.999872310777e-03
-1.999903577020e-03
-1.999900679070e-03
-1.999918643341e-03
-1.999923486612e-03
-1.999882749204e-03
-1.999930401650e-03
-1.999921338291e-03
-1.999904292667e-03
-1.999908194287e-03
-1.999891440120e-03
-1.999901939396e-03
-1.999825410434e-03
-1.999889348218e-03
-1.999919823456e-03
-1.999891094610e-03
-1.999932007740e-03
-1.999930243327e-03
-1.999886853259e-03
-1.999841015832e-03
-1.999853594045e-03
-1.999905784182e-03
-1.999905033667e-03
-1.999918430187e-03
-1.999782841394e-03
-1.999911532373e-03
-1.999799613030e-03
-1.999767280249e-03
-1.999913087629e-03
-1.999881922120e-03
-1.999848663526e-03
-1.999868048507e-03
-1.999802786259e-03
-1.999911748939e-03
-1.999809368292e-03
-1.999603540253e-03
-1.999876153390e-03
-1.999880354917e-03
-1.999841182117e-03
-1.999915299174e-03
-1.999881142426e-03
-1.999910821837e-03
-1.999827635605e-03
-1.999857852978e-03
-1.999866231173e-03
-1.999905052560e-03
-1.999910752750e-03
-1.999877901265e-03
-1.999903074650e-03
-1.999880617390e-03
-1.999886704893e-03
-1.999912040986e-03
-1.999933887568e-03
-1.999915706416e-03
-1.999896495214e-03
-1.999918378044e-03
-1.999917654409e-03
-1.999900147608e-03
-1.999913267392e-03
-1.999928719029e-03
-1.999867429064e-03
-1.999934968284e-03
-1.999875700702e-03
-1.999927326010e-03
-1.999903516926e-03
