       0     0.000000 
       1     0.000000 
       2     0.810385 
       3    -2.196663 
       4    -0.747264 
       5    -0.109922 
       6    -0.232688 
       7    -0.166751 
       8    -0.121800 
       9    -0.103928 
      10    -0.081034 
      11    -0.044516 
      12    -0.081057 
      13    -0.072704 
      14    -0.042535 
      15    -0.049452 
      16    -0.037216 
      17    -0.023114 
      18    -0.031448 
      19    -0.026654 
      20    -0.033612 
      21    -0.002714 
      22    -0.027935 
      23    -0.010160 
      24    -0.029252 
      25    -0.018278 
      26    -0.019004 
      27    -0.020805 
      28    -0.041390 
      29    -0.022756 
      30    -0.021629 
      31    -0.023420 
      32    -0.020580 
      33    -0.039095 
      34    -0.018645 
      35    -0.018259 
      36    -0.020802 
      37    -0.023673 
      38    -0.024527 
      39    -0.020124 
      40    -0.023024 
      41    -0.022268 
      42    -0.021464 
      43    -0.018262 
      44    -0.022520 
      45    -0.024552 
      46    -0.024170 
      47    -0.024446 
      48    -0.026480 
      49    -0.025861 
      50    -0.030778 
      51    -0.031162 
      52    -0.027648 
      53    -0.030475 
      54    -0.032378 
      55    -0.031553 
      56    -0.029864 
      57    -0.035223 
      58    -0.035776 
      59    -0.033663 
      60    -0.032613 
      61    -0.032456 
      62    -0.033007 
      63    -0.035183 
      64    -0.030549 
      65    -0.031583 
      66    -0.031325 
      67    -0.026819 
      68    -0.028309 
      69    -0.045871 
      70    -0.025453 
      71    -0.036577 
      72    -0.037981 
      73    -0.041513 
      74    -0.020958 
      75    -0.042081 
      76    -0.038504 
      77    -0.042647 
      78    -0.034847 
      79    -0.038464 
      80    -0.034934 
      81    -0.033812 
      82    -0.037020 
      83    -0.038586 
      84    -0.038775 
      85    -0.033945 
      86    -0.040550 
      87    -0.039862 
      88    -0.039183 
      89    -0.039669 
      90    -0.037983 
      91    -0.038121 
      92    -0.040152 
      93    -0.041468 
      94    -0.038456 
      95    -0.044215 
      96    -0.042865 
      97    -0.038646 
      98    -0.041227 
      99    -0.039847 
     100    -0.044289 
     101    -0.037793 
     102    -0.038369 
     103    -0.042042 
     104    -0.038347 
     105    -0.043757 
     106    -0.040887 
     107    -0.041550 
     108    -0.044274 
     109    -0.043791 
     110    -0.042176 
     111    -0.047232 
     112    -0.046205 
     113    -0.043573 
     114    -0.040794 
     115    -0.041694 
     116    -0.043203 
     117    -0.046974 
     118    -0.053288 
     119    -0.045568 
     120    -0.044684 
     121    -0.042354 
     122    -0.045846 
     123    -0.047645 
     124    -0.041820 
     125    -0.042334 
     126    -0.043237 
     127    -0.042857 
     128    -0.045558 
     129    -0.042869 
     130    -0.045934 
     131    -0.048136 
     132    -0.048555 
     133    -0.042666 
     134    -0.045852 
     135    -0.038610 
     136    -0.047946 
     137    -0.042935 
     138    -0.051192 
     139    -0.045751 
     140    -0.046713 
     141    -0.045358 
     142    -0.044612 
     143    -0.044196 
     144    -0.044949 
     145    -0.042264 
     146    -0.040787 
     147    -0.045544 
     148    -0.047990 
     149    -0.048629 
     150    -0.046283 
     151    -0.046746 
     152    -0.049086 
     153    -0.051317 
     154    -0.057887 
     155    -0.037889 
     156    -0.047471 
     157    -0.044150 
     158    -0.043447 
     159    -0.055497 
     160    -0.056270 
     161    -0.050880 
     162    -0.043071 
     163    -0.045754 
     164    -0.054157 
     165    -0.053358 
     166    -0.046863 
     167    -0.044609 
     168    -0.054052 
     169    -0.046723 
     170    -0.046105 
     171    -0.046081 
     172    -0.045758 
     173    -0.047062 
     174    -0.038104 
     175    -0.041782 
     176    -0.049617 
     177    -0.049867 
     178    -0.045961 
     179    -0.041661 
     180    -0.028632 
     181    -0.033586 
     182    -0.034959 
     183    -0.052830 
     184    -0.049151 
     185    -0.047942 
     186    -0.077310 
     187    -0.058723 
     188    -0.075737 
     189    -0.062748 
     190    -0.054854 
     191    -0.047230 
     192    -0.062844 
     193    -0.067558 
     194    -0.054892 
     195    -0.064426 
     196    -0.058065 
     197    -0.059433 
     198    -0.068082 
     199    -0.056865 
     200    -0.063219 
     201    -0.070815 
     202    -0.057453 
     203    -0.069389 
     204    -0.056638 
     205    -0.068259 
     206    -0.067546 
     207    -0.056072 
     208    -0.072811 
     209    -0.054094 
     210    -0.070185 
     211    -0.052347 
     212    -0.061278 
     213    -0.071019 
     214    -0.069357 
     215    -0.049055 
     216    -0.072673 
     217    -0.065696 
     218    -0.062609 
     219    -0.058338 
     220    -0.064111 
     221    -0.078954 
     222    -0.071094 
     223    -0.063694 
     224    -0.062758 
     225    -0.061326 
     226    -0.054985 
     227    -0.050294 
     228    -0.056662 
     229    -0.052757 
     230    -0.056592 
     231    -0.055086 
     232    -0.064741 
     233    -0.056802 
     234    -0.045971 
     235    -0.063322 
     236    -0.059271 
     237    -0.052270 
     238    -0.070939 
     239    -0.035796 
     240    -0.038004 
     241    -0.043154 
     242    -0.037039 
     243    -0.035176 
     244    -0.043721 
     245    -0.039554 
     246    -0.035205 
     247    -0.034992 
     248    -0.044825 
     249    -0.040597 
     250    -0.037500 
     251    -0.041662 
     252    -0.041439 
     253    -0.041052 
     254    -0.047513 
     255    -0.044706 
     256    -0.038094 
     257    -0.035882 
     258    -0.048226 
     259    -0.055151 
     260    -0.032797 
     261    -0.043600 
     262    -0.039953 
     263    -0.044612 
     264    -0.042381 
     265    -0.040184 
     266    -0.044879 
     267    -0.033345 
     268    -0.034593 
     269    -0.031193 
     270    -0.037996 
     271    -0.039072 
     272    -0.042716 
     273    -0.036354 
     274    -0.034039 
     275    -0.037795 
     276    -0.043911 
     277    -0.042684 
     278    -0.032455 
     279    -0.036719 
     280    -0.030631 
     281    -0.041661 
     282    -0.034115 
     283    -0.034101 
     284    -0.040952 
     285    -0.036882 
     286    -0.041176 
     287    -0.037289 
     288    -0.038682 
     289    -0.041363 
     290    -0.031627 
     291    -0.030835 
     292    -0.028987 
     293    -0.036665 
     294    -0.033646 
     295    -0.033482 
     296    -0.041505 
     297    -0.034016 
     298    -0.034905 
     299    -0.032387 
     300    -0.034107 
     301    -0.038331 
     302    -0.038996 
     303    -0.045365 
     304    -0.043980 
     305    -0.047625 
     306    -0.039259 
     307    -0.036789 
     308    -0.042207 
     309    -0.037820 
     310    -0.044699 
     311    -0.035611 
     312    -0.034378 
     313    -0.040008 
     314    -0.034016 
     315    -0.027569 
     316    -0.033645 
     317    -0.045559 
     318    -0.032159 
     319    -0.035809 
     320    -0.045824 
     321    -0.039366 
     322    -0.035944 
     323    -0.042368 
     324    -0.036941 
     325    -0.031345 
     326    -0.037445 
     327    -0.040013 
     328    -0.038853 
     329    -0.034734 
     330    -0.038187 
     331    -0.033673 
     332    -0.042744 
     333    -0.036639 
     334    -0.037456 
     335    -0.028383 
     336    -0.034000 
     337    -0.037482 
     338    -0.046223 
     339    -0.029289 
     340    -0.041075 
     341    -0.033256 
     342    -0.040858 
     343    -0.034820 
     344    -0.031237 
     345    -0.027823 
     346    -0.026136 
     347    -0.029889 
     348    -0.027012 
     349    -0.028570 
     350    -0.025390 
     351    -0.031293 
     352    -0.029054 
     353    -0.040094 
     354    -0.029388 
     355    -0.029339 
     356    -0.025451 
     357    -0.037769 
     358    -0.035343 
     359    -0.034697 
     360    -0.034120 
     361    -0.025592 
     362    -0.036217 
     363    -0.035540 
     364    -0.038941 
     365    -0.032872 
     366    -0.033861 
     367    -0.032912 
     368    -0.031484 
     369    -0.026844 
     370    -0.026887 
     371    -0.037002 
     372    -0.025809 
     373    -0.028872 
     374    -0.029513 
     375    -0.030115 
     376    -0.008633 
     377    -0.012871 
     378    -0.020278 
     379    -0.021821 
     380    -0.026993 
     381    -0.028774 
     382    -0.031147 
     383    -0.044349 
     384    -0.037296 
     385    -0.025633 
     386    -0.031250 
     387    -0.027411 
     388    -0.029366 
     389    -0.035490 
     390    -0.023791 
     391    -0.024355 
     392    -0.029639 
     393    -0.023515 
     394    -0.020120 
     395    -0.023607 
     396    -0.015841 
     397    -0.031460 
     398    -0.041548 
     399    -0.032396 
     400    -0.023314 
     401    -0.020044 
     402    -0.037032 
     403    -0.025247 
     404    -0.022571 
     405    -0.011964 
     406    -0.023672 
     407    -0.014435 
     408    -0.029005 
     409    -0.006231 
     410    -0.026059 
     411    -0.027523 
     412    -0.010156 
     413    -0.016827 
     414    -0.011849 
     415    -0.028616 
     416    -0.021580 
     417    -0.013584 
     418    -0.012561 
     419    -0.025057 
     420    -0.025745 
     421    -0.019036 
     422    -0.025346 
     423    -0.022508 
     424    -0.018653 
     425    -0.013793 
     426    -0.021360 
     427    -0.020363 
     428    -0.016206 
     429    -0.017268 
     430    -0.009265 
     431    -0.015304 
     432    -0.015523 
     433    -0.008262 
     434    -0.017386 
     435    -0.019070 
     436    -0.022446 
     437    -0.009234 
     438    -0.001081 
     439     0.008852 
     440    -0.000017 
     441    -0.019377 
     442    -0.013088 
     443     0.008216 
     444    -0.030282 
     445    -0.023949 
     446    -0.039261 
     447    -0.029585 
     448    -0.039734 
     449    -0.025112 
     450    -0.038104 
     451    -0.030836 
     452    -0.036708 
     453    -0.029996 
     454    -0.032116 
     455    -0.041107 
     456    -0.036824 
     457    -0.030290 
     458    -0.028363 
     459    -0.029518 
     460    -0.025601 
     461    -0.023828 
     462    -0.022988 
     463    -0.024678 
     464    -0.030438 
     465    -0.036258 
     466    -0.028016 
     467    -0.026944 
     468    -0.031281 
     469    -0.020434 
     470    -0.036237 
     471    -0.026465 
     472    -0.029878 
     473    -0.015866 
     474    -0.016795 
     475    -0.023426 
     476    -0.023448 
     477    -0.028148 
     478    -0.034567 
     479    -0.022000 
     480    -0.010679 
     481    -0.028535 
     482    -0.025734 
     483    -0.018295 
     484    -0.023197 
     485    -0.033439 
     486    -0.025606 
     487    -0.019451 
     488    -0.020347 
     489    -0.014540 
     490    -0.014569 
     491    -0.038220 
     492    -0.014678 
     493    -0.018407 
     494    -0.015939 
     495    -0.026981 
     496    -0.022584 
     497    -0.028967 
     498    -0.024367 
     499    -0.009271 
     500    -0.034408 
     501    -0.019665 
     502    -0.028878 
     503    -0.032185 
     504    -0.025762 
     505    -0.024236 
     506    -0.025709 
     507    -0.025981 
     508    -0.009231 
     509    -0.044252 
     510    -0.013149 
     511    -0.018972 
     512    -0.024735 
     513    -0.029168 
     514    -0.022380 
     515    -0.014668 
     516    -0.023614 
     517    -0.025197 
     518    -0.019143 
     519    -0.022580 
     520    -0.023837 
     521    -0.024623 
     522    -0.014893 
     523    -0.026695 
     524    -0.009672 
     525    -0.025666 
     526    -0.026718 
     527    -0.019389 
     528    -0.025124 
     529    -0.027706 
     530    -0.022412 
     531    -0.033369 
     532    -0.020901 
     533    -0.014935 
     534    -0.020205 
     535    -0.014576 
     536    -0.025842 
     537    -0.021766 
     538    -0.018648 
     539    -0.019370 
     540    -0.022314 
     541    -0.014937 
     542    -0.026815 
     543    -0.011439 
     544    -0.009771 
     545    -0.023420 
     546    -0.031814 
     547    -0.032295 
     548    -0.011535 
     549    -0.013201 
     550    -0.016261 
     551    -0.023523 
     552    -0.020489 
     553    -0.014884 
     554    -0.013301 
     555    -0.026134 
     556    -0.018574 
     557    -0.012749 
     558    -0.010832 
     559    -0.015353 
     560    -0.021124 
     561    -0.015841 
     562    -0.020730 
     563    -0.012078 
     564    -0.006070 
     565    -0.013953 
     566    -0.014841 
     567    -0.004202 
     568    -0.006012 
     569    -0.010779 
     570    -0.012869 
     571    -0.007617 
     572    -0.013824 
     573    -0.006849 
     574    -0.011306 
     575    -0.011581 
     576    -0.012631 
     577    -0.004308 
     578    -0.001370 
     579    -0.010617 
     580    -0.013660 
     581    -0.013759 
     582    -0.012461 
     583    -0.000453 
     584    -0.017781 
     585    -0.004782 
     586    -0.017447 
     587    -0.012302 
     588    -0.017200 
     589    -0.018547 
     590    -0.032688 
     591    -0.011630 
     592    -0.001786 
     593    -0.006582 
     594    -0.009027 
     595    -0.008888 
     596    -0.004385 
     597    -0.014551 
     598    -0.009580 
     599    -0.012321 
     600    -0.014956 
     601    -0.000516 
     602    -0.009913 
     603    -0.005561 
     604    -0.011675 
     605    -0.013662 
     606    -0.005171 
     607    -0.003347 
     608    -0.008083 
     609     0.003446 
     610    -0.005156 
     611    -0.002337 
     612    -0.006671 
     613     0.000988 
     614     0.002000 
     615     0.007173 
     616    -0.003246 
     617    -0.008771 
     618     0.011470 
     619     0.004598 
     620    -0.001107 
     621     0.006450 
     622    -0.006082 
     623    -0.001870 
     624     0.003094 
     625     0.009747 
     626     0.015526 
     627    -0.004811 
     628     0.009258 
     629     0.003111 
     630    -0.000147 
     631    -0.006746 
     632     0.006555 
     633     0.013519 
     634    -0.005046 
     635     0.000030 
     636     0.003287 
     637    -0.002929 
     638     0.006217 
     639     0.001781 
     640    -0.016105 
     641     0.007036 
     642    -0.001946 
     643     0.008560 
     644    -0.013342 
     645    -0.004817 
     646    -0.010855 
     647     0.028109 
     648     0.023010 
     649     0.033996 
     650     0.032614 
     651     0.025242 
     652     0.024397 
     653     0.022980 
     654     0.025438 
     655     0.024795 
     656     0.020988 
     657     0.020176 
     658     0.013840 
     659     0.012835 
     660     0.024511 
     661     0.018540 
     662     0.018395 
     663     0.024329 
     664     0.017660 
     665     0.027088 
     666     0.031854 
     667     0.021932 
     668     0.025804 
     669     0.032304 
     670     0.016323 
     671     0.023684 
     672     0.015694 
     673     0.017794 
     674     0.023097 
     675     0.023260 
     676     0.029027 
     677     0.019786 
     678     0.042177 
     679     0.012478 
     680     0.009776 
     681     0.038237 
     682     0.021589 
     683     0.030246 
     684     0.020798 
     685     0.009304 
     686     0.016457 
     687     0.026124 
     688     0.030066 
     689     0.026401 
     690     0.013370 
     691     0.020268 
     692     0.030394 
     693     0.016357 
     694     0.023569 
     695     0.005937 
     696     0.026372 
     697     0.024214 
     698     0.009333 
     699     0.018695 
     700     0.013662 
     701     0.023646 
     702     0.017240 
     703     0.013406 
     704     0.017299 
     705     0.025185 
     706     0.028682 
     707     0.025096 
     708     0.024524 
     709     0.022643 
     710     0.027141 
     711     0.012275 
     712     0.015411 
     713     0.027982 
     714     0.016321 
     715     0.031019 
     716     0.027685 
     717     0.018036 
     718     0.017880 
     719     0.024270 
     720     0.018706 
     721     0.031416 
     722     0.016318 
     723     0.024049 
     724     0.021605 
     725     0.024999 
     726     0.004690 
     727     0.026541 
     728     0.019920 
     729     0.032496 
     730     0.011704 
     731     0.032174 
     732     0.013574 
     733     0.018058 
     734     0.027646 
     735     0.025460 
     736     0.016673 
     737     0.012941 
     738     0.004113 
     739     0.021681 
     740     0.018889 
     741     0.028605 
     742     0.003601 
     743     0.011724 
     744     0.024688 
     745     0.029908 
     746    -0.007379 
     747     0.016926 
     748     0.027062 
     749     0.028781 
     750     0.025881 
     751     0.038328 
     752     0.030995 
     753     0.021497 
     754     0.023900 
     755     0.020504 
     756     0.018238 
     757     0.018418 
     758     0.012477 
     759     0.031475 
     760     0.003954 
     761     0.035926 
     762     0.021305 
     763     0.014848 
     764     0.026036 
     765     0.025071 
     766     0.022674 
     767     0.022954 
     768     0.027551 
     769     0.027211 
     770     0.021327 
     771     0.014829 
     772     0.026203 
     773     0.021400 
     774     0.014201 
     775     0.021268 
     776     0.022038 
     777     0.009917 
     778     0.025532 
     779     0.016759 
     780     0.031416 
     781     0.017403 
     782     0.028351 
     783     0.020398 
     784     0.026169 
     785     0.023074 
     786     0.012579 
     787     0.021620 
     788     0.029845 
     789     0.016346 
     790    -0.013916 
     791     0.027474 
     792     0.015946 
     793     0.020939 
     794     0.040168 
     795     0.019578 
     796     0.025193 
     797     0.021379 
     798     0.023232 
     799     0.022511 
     800     0.027189 
     801     0.007997 
     802     0.029299 
     803     0.013157 
     804     0.031078 
     805     0.026084 
     806     0.027198 
     807     0.022437 
     808     0.023872 
     809     0.030469 
     810     0.021380 
     811     0.029356 
     812     0.017448 
     813     0.032747 
     814     0.026891 
     815     0.036655 
     816     0.026501 
     817     0.030896 
     818     0.029261 
     819     0.034526 
     820     0.024793 
     821     0.028475 
     822     0.011630 
     823     0.030875 
     824     0.026008 
     825     0.022305 
     826     0.032661 
     827     0.023258 
     828     0.029724 
     829     0.028163 
     830     0.025117 
     831     0.032196 
     832     0.037392 
     833     0.039609 
     834     0.027168 
     835     0.038887 
     836     0.025217 
     837     0.019351 
     838     0.022732 
     839     0.030791 
     840     0.023576 
     841     0.029147 
     842     0.028640 
     843     0.022081 
     844     0.009941 
     845     0.009178 
     846     0.021822 
     847     0.021289 
     848     0.017530 
     849     0.024554 
     850     0.029811 
     851     0.012271 
     852     0.017867 
     853     0.023410 
     854     0.021929 
     855     0.020676 
     856     0.016898 
     857     0.018904 
     858     0.019758 
     859     0.009569 
     860     0.030093 
     861     0.025224 
     862     0.027478 
     863     0.007175 
     864     0.026889 
     865     0.025206 
     866     0.018639 
     867    -0.019278 
     868     0.027424 
     869     0.021605 
     870     0.029141 
     871     0.034348 
     872     0.008297 
     873     0.026953 
     874     0.026490 
     875     0.020345 
     876     0.023605 
     877     0.013926 
     878     0.025899 
     879     0.017105 
     880     0.013949 
     881     0.016718 
     882     0.018747 
     883     0.018578 
     884     0.022028 
     885     0.032012 
     886     0.010977 
     887     0.024939 
     888     0.019705 
     889     0.012470 
     890     0.006115 
     891     0.009382 
     892    -0.002694 
     893     0.004593 
     894     0.018488 
     895     0.025408 
     896     0.014242 
     897     0.016605 
     898     0.008618 
     899     0.004623 
     900     0.010829 
     901     0.014066 
     902     0.030606 
     903     0.008375 
     904     0.032194 
     905     0.015220 
     906     0.009721 
     907     0.016656 
     908     0.020417 
     909     0.023135 
     910     0.020836 
     911     0.019839 
     912     0.023213 
     913     0.018494 
     914     0.020858 
     915     0.020660 
     916     0.013715 
     917     0.018008 
     918     0.021311 
     919     0.014644 
     920     0.016487 
     921     0.017261 
     922     0.026642 
     923     0.021709 
     924     0.022305 
     925     0.013592 
     926     0.021786 
     927     0.024001 
     928     0.026772 
     929     0.018158 
     930     0.020784 
     931     0.012261 
     932     0.017939 
     933     0.028385 
     934     0.014430 
     935     0.022689 
     936     0.011535 
     937     0.027580 
     938     0.022090 
     939     0.012924 
     940     0.020151 
     941     0.024661 
     942     0.015863 
     943     0.018566 
     944     0.026263 
     945     0.021774 
     946     0.029262 
     947     0.017593 
     948     0.023736 
     949     0.026790 
     950     0.015352 
     951     0.020295 
     952     0.023212 
     953     0.022212 
     954     0.021403 
     955     0.020340 
     956     0.018141 
     957     0.013338 
     958     0.023256 
     959     0.027845 
     960     0.013512 
     961     0.027724 
     962     0.009257 
     963     0.016710 
     964     0.007965 
     965     0.025869 
     966     0.011271 
     967     0.019574 
     968     0.021995 
     969     0.016118 
     970     0.025890 
     971     0.021821 
     972     0.025409 
     973     0.019746 
     974     0.024500 
     975     0.034275 
     976     0.020299 
     977     0.030055 
     978     0.029393 
     979     0.034327 
     980     0.031794 
     981     0.029090 
     982     0.029014 
     983     0.021293 
     984     0.042412 
     985     0.033846 
     986     0.032842 
     987     0.032546 
     988     0.037002 
     989     0.031191 
     990     0.025176 
     991     0.030637 
     992     0.030882 
     993     0.016013 
     994     0.033044 
     995     0.021733 
     996     0.001542 
     997     0.002581 
     998     0.006077 
     999    -0.002153 
    1000    -0.027910 
    1001     0.000000 
    1002     0.000000 
    1003     0.000000 
    1004     0.000000 
    1005     0.000000 
    1006     0.000000 
    1007     0.000000 
    1008     0.000000 
    1009     0.000000 
    1010     0.000000 
    1011     0.000000 
    1012     0.000000 
    1013     0.000000 
    1014     0.000000 
    1015     0.000000 
    1016     0.000000 
    1017     0.000000 
    1018     0.000000 
    1019     0.000000 
    1020     0.000000 
    1021     0.000000 
    1022     0.000000 
    1023     0.000000 
    1024     0.000000 
    1025     0.000000 
    1026     0.000000 
    1027     0.000000 
    1028     0.000000 
    1029     0.000000 
    1030     0.000000 
    1031     0.000000 
    1032     0.000000 
    1033     0.000000 
    1034     0.000000 
    1035     0.000000 
    1036     0.000000 
    1037     0.000000 
    1038     0.000000 
    1039     0.000000 
    1040     0.000000 
    1041     0.000000 
    1042     0.000000 
    1043     0.000000 
    1044     0.000000 
    1045     0.000000 
    1046     0.000000 
    1047     0.000000 
    1048     0.000000 
    1049     0.000000 
    1050     0.000000 
    1051     0.000000 
    1052     0.000000 
    1053     0.000000 
    1054     0.000000 
    1055     0.000000 
    1056     0.000000 
    1057     0.000000 
    1058     0.000000 
    1059     0.000000 
    1060     0.000000 
    1061     0.000000 
    1062     0.000000 
    1063     0.000000 
    1064     0.000000 
    1065     0.000000 
    1066     0.000000 
    1067     0.000000 
    1068     0.000000 
    1069     0.000000 
    1070     0.000000 
    1071     0.000000 
    1072     0.000000 
    1073     0.000000 
    1074     0.000000 
    1075     0.000000 
    1076     0.000000 
    1077     0.000000 
    1078     0.000000 
    1079     0.000000 
    1080     0.000000 
    1081     0.000000 
    1082     0.000000 
    1083     0.000000 
    1084     0.000000 
    1085     0.000000 
    1086     0.000000 
    1087     0.000000 
    1088     0.000000 
    1089     0.000000 
    1090     0.000000 
    1091     0.000000 
    1092     0.000000 
    1093     0.000000 
    1094     0.000000 
    1095     0.000000 
    1096     0.000000 
    1097     0.000000 
    1098     0.000000 
    1099     0.000000 
    1100     0.000000 
    1101     0.000000 
    1102     0.000000 
    1103     0.000000 
    1104     0.000000 
    1105     0.000000 
    1106     0.000000 
    1107     0.000000 
    1108     0.000000 
    1109     0.000000 
    1110     0.000000 
    1111     0.000000 
    1112     0.000000 
    1113     0.000000 
    1114     0.000000 
    1115     0.000000 
    1116     0.000000 
    1117     0.000000 
    1118     0.000000 
    1119     0.000000 
    1120     0.000000 
    1121     0.000000 
    1122     0.000000 
    1123     0.000000 
    1124     0.000000 
    1125     0.000000 
    1126     0.000000 
    1127     0.000000 
    1128     0.000000 
    1129     0.000000 
    1130     0.000000 
    1131     0.000000 
    1132     0.000000 
    1133     0.000000 
    1134     0.000000 
    1135     0.000000 
    1136     0.000000 
    1137     0.000000 
    1138     0.000000 
    1139     0.000000 
    1140     0.000000 
    1141     0.000000 
    1142     0.000000 
    1143     0.000000 
    1144     0.000000 
    1145     0.000000 
    1146     0.000000 
    1147     0.000000 
    1148     0.000000 
    1149     0.000000 
    1150     0.000000 
    1151     0.000000 
    1152     0.000000 
    1153     0.000000 
    1154     0.000000 
    1155     0.000000 
    1156     0.000000 
    1157     0.000000 
    1158     0.000000 
    1159     0.000000 
    1160     0.000000 
    1161     0.000000 
    1162     0.000000 
    1163     0.000000 
    1164     0.000000 
    1165     0.000000 
    1166     0.000000 
    1167     0.000000 
    1168     0.000000 
    1169     0.000000 
    1170     0.000000 
    1171     0.000000 
    1172     0.000000 
    1173     0.000000 
    1174     0.000000 
    1175     0.000000 
    1176     0.000000 
    1177     0.000000 
    1178     0.000000 
    1179     0.000000 
    1180     0.000000 
    1181     0.000000 
    1182     0.000000 
    1183     0.000000 
    1184     0.000000 
    1185     0.000000 
    1186     0.000000 
    1187     0.000000 
    1188     0.000000 
    1189     0.000000 
    1190     0.000000 
    1191     0.000000 
    1192     0.000000 
    1193     0.000000 
    1194     0.000000 
    1195     0.000000 
    1196     0.000000 
    1197     0.000000 
    1198     0.000000 
    1199     0.000000 
    1200     0.000000 
    1201     0.000000 
    1202     0.000000 
    1203     0.000000 
    1204     0.000000 
    1205     0.000000 
    1206     0.000000 
    1207     0.000000 
    1208     0.000000 
    1209     0.000000 
    1210     0.000000 
    1211     0.000000 
    1212     0.000000 
    1213     0.000000 
    1214     0.000000 
    1215     0.000000 
    1216     0.000000 
    1217     0.000000 
    1218     0.000000 
    1219     0.000000 
    1220     0.000000 
    1221     0.000000 
    1222     0.000000 
    1223     0.000000 
    1224     0.000000 
    1225     0.000000 
    1226     0.000000 
    1227     0.000000 
    1228     0.000000 
    1229     0.000000 
    1230     0.000000 
    1231     0.000000 
    1232     0.000000 
    1233     0.000000 
    1234     0.000000 
    1235     0.000000 
    1236     0.000000 
    1237     0.000000 
    1238     0.000000 
    1239     0.000000 
    1240     0.000000 
    1241     0.000000 
    1242     0.000000 
    1243     0.000000 
    1244     0.000000 
    1245     0.000000 
    1246     0.000000 
    1247     0.000000 
    1248     0.000000 
    1249     0.000000 
    1250     0.000000 
    1251     0.000000 
    1252     0.000000 
    1253     0.000000 
    1254     0.000000 
    1255     0.000000 
    1256     0.000000 
    1257     0.000000 
    1258     0.000000 
    1259     0.000000 
    1260     0.000000 
    1261     0.000000 
    1262     0.000000 
    1263     0.000000 
    1264     0.000000 
    1265     0.000000 
    1266     0.000000 
    1267     0.000000 
    1268     0.000000 
    1269     0.000000 
    1270     0.000000 
    1271     0.000000 
    1272     0.000000 
    1273     0.000000 
    1274     0.000000 
    1275     0.000000 
    1276     0.000000 
    1277     0.000000 
    1278     0.000000 
    1279     0.000000 
    1280     0.000000 
    1281     0.000000 
    1282     0.000000 
    1283     0.000000 
    1284     0.000000 
    1285     0.000000 
    1286     0.000000 
    1287     0.000000 
    1288     0.000000 
    1289     0.000000 
    1290     0.000000 
    1291     0.000000 
    1292     0.000000 
    1293     0.000000 
    1294     0.000000 
    1295     0.000000 
    1296     0.000000 
    1297     0.000000 
    1298     0.000000 
    1299     0.000000 
    1300     0.000000 
    1301     0.000000 
    1302     0.000000 
    1303     0.000000 
    1304     0.000000 
    1305     0.000000 
    1306     0.000000 
    1307     0.000000 
    1308     0.000000 
    1309     0.000000 
    1310     0.000000 
    1311     0.000000 
    1312     0.000000 
    1313     0.000000 
    1314     0.000000 
    1315     0.000000 
    1316     0.000000 
    1317     0.000000 
    1318     0.000000 
    1319     0.000000 
    1320     0.000000 
    1321     0.000000 
    1322     0.000000 
    1323     0.000000 
    1324     0.000000 
    1325     0.000000 
    1326     0.000000 
    1327     0.000000 
    1328     0.000000 
    1329     0.000000 
    1330     0.000000 
    1331     0.000000 
    1332     0.000000 
    1333     0.000000 
    1334     0.000000 
    1335     0.000000 
    1336     0.000000 
    1337     0.000000 
    1338     0.000000 
    1339     0.000000 
    1340     0.000000 
    1341     0.000000 
    1342     0.000000 
    1343     0.000000 
    1344     0.000000 
    1345     0.000000 
    1346     0.000000 
    1347     0.000000 
    1348     0.000000 
    1349     0.000000 
    1350     0.000000 
    1351     0.000000 
    1352     0.000000 
    1353     0.000000 
    1354     0.000000 
    1355     0.000000 
    1356     0.000000 
    1357     0.000000 
    1358     0.000000 
    1359     0.000000 
    1360     0.000000 
    1361     0.000000 
    1362     0.000000 
    1363     0.000000 
    1364     0.000000 
    1365     0.000000 
    1366     0.000000 
    1367     0.000000 
    1368     0.000000 
    1369     0.000000 
    1370     0.000000 
    1371     0.000000 
    1372     0.000000 
    1373     0.000000 
    1374     0.000000 
    1375     0.000000 
    1376     0.000000 
    1377     0.000000 
    1378     0.000000 
    1379     0.000000 
    1380     0.000000 
    1381     0.000000 
    1382     0.000000 
    1383     0.000000 
    1384     0.000000 
    1385     0.000000 
    1386     0.000000 
    1387     0.000000 
    1388     0.000000 
    1389     0.000000 
    1390     0.000000 
    1391     0.000000 
    1392     0.000000 
    1393     0.000000 
    1394     0.000000 
    1395     0.000000 
    1396     0.000000 
    1397     0.000000 
    1398     0.000000 
    1399     0.000000 
    1400     0.000000 
    1401     0.000000 
    1402     0.000000 
    1403     0.000000 
    1404     0.000000 
    1405     0.000000 
    1406     0.000000 
    1407     0.000000 
    1408     0.000000 
    1409     0.000000 
    1410     0.000000 
    1411     0.000000 
    1412     0.000000 
    1413     0.000000 
    1414     0.000000 
    1415     0.000000 
    1416     0.000000 
    1417     0.000000 
    1418     0.000000 
    1419     0.000000 
    1420     0.000000 
    1421     0.000000 
    1422     0.000000 
    1423     0.000000 
    1424     0.000000 
    1425     0.000000 
    1426     0.000000 
    1427     0.000000 
    1428     0.000000 
    1429     0.000000 
    1430     0.000000 
    1431     0.000000 
    1432     0.000000 
    1433     0.000000 
    1434     0.000000 
    1435     0.000000 
    1436     0.000000 
    1437     0.000000 
    1438     0.000000 
    1439     0.000000 
    1440     0.000000 
    1441     0.000000 
    1442     0.000000 
    1443     0.000000 
    1444     0.000000 
    1445     0.000000 
    1446     0.000000 
    1447     0.000000 
    1448     0.000000 
    1449     0.000000 
    1450     0.000000 
    1451     0.000000 
    1452     0.000000 
    1453     0.000000 
    1454     0.000000 
    1455     0.000000 
    1456     0.000000 
    1457     0.000000 
    1458     0.000000 
    1459     0.000000 
    1460     0.000000 
    1461     0.000000 
    1462     0.000000 
    1463     0.000000 
    1464     0.000000 
    1465     0.000000 
    1466     0.000000 
    1467     0.000000 
    1468     0.000000 
    1469     0.000000 
    1470     0.000000 
    1471     0.000000 
    1472     0.000000 
    1473     0.000000 
    1474     0.000000 
    1475     0.000000 
    1476     0.000000 
    1477     0.000000 
    1478     0.000000 
    1479     0.000000 
    1480     0.000000 
    1481     0.000000 
    1482     0.000000 
    1483     0.000000 
    1484     0.000000 
    1485     0.000000 
    1486     0.000000 
    1487     0.000000 
    1488     0.000000 
    1489     0.000000 
    1490     0.000000 
    1491     0.000000 
    1492     0.000000 
    1493     0.000000 
    1494     0.000000 
    1495     0.000000 
    1496     0.000000 
    1497     0.000000 
    1498     0.000000 
    1499     0.000000 
    1500     0.000000 
    1501     0.000000 
    1502     0.000000 
    1503     0.000000 
    1504     0.000000 
    1505     0.000000 
    1506     0.000000 
    1507     0.000000 
    1508     0.000000 
    1509     0.000000 
    1510     0.000000 
    1511     0.000000 
    1512     0.000000 
    1513     0.000000 
    1514     0.000000 
    1515     0.000000 
    1516     0.000000 
    1517     0.000000 
    1518     0.000000 
    1519     0.000000 
    1520     0.000000 
    1521     0.000000 
    1522     0.000000 
    1523     0.000000 
    1524     0.000000 
    1525     0.000000 
    1526     0.000000 
    1527     0.000000 
    1528     0.000000 
    1529     0.000000 
    1530     0.000000 
    1531     0.000000 
    1532     0.000000 
    1533     0.000000 
    1534     0.000000 
    1535     0.000000 
    1536     0.000000 
    1537     0.000000 
    1538     0.000000 
    1539     0.000000 
    1540     0.000000 
    1541     0.000000 
    1542     0.000000 
    1543     0.000000 
    1544     0.000000 
    1545     0.000000 
    1546     0.000000 
    1547     0.000000 
    1548     0.000000 
    1549     0.000000 
    1550     0.000000 
    1551     0.000000 
    1552     0.000000 
    1553     0.000000 
    1554     0.000000 
    1555     0.000000 
    1556     0.000000 
    1557     0.000000 
    1558     0.000000 
    1559     0.000000 
    1560     0.000000 
    1561     0.000000 
    1562     0.000000 
    1563     0.000000 
    1564     0.000000 
    1565     0.000000 
    1566     0.000000 
    1567     0.000000 
    1568     0.000000 
    1569     0.000000 
    1570     0.000000 
    1571     0.000000 
    1572     0.000000 
    1573     0.000000 
    1574     0.000000 
    1575     0.000000 
    1576     0.000000 
    1577     0.000000 
    1578     0.000000 
    1579     0.000000 
    1580     0.000000 
    1581     0.000000 
    1582     0.000000 
    1583     0.000000 
    1584     0.000000 
    1585     0.000000 
    1586     0.000000 
    1587     0.000000 
    1588     0.000000 
    1589     0.000000 
    1590     0.000000 
    1591     0.000000 
    1592     0.000000 
    1593     0.000000 
    1594     0.000000 
    1595     0.000000 
    1596     0.000000 
    1597     0.000000 
    1598     0.000000 
    1599     0.000000 
    1600     0.000000 
    1601     0.000000 
    1602     0.000000 
    1603     0.000000 
    1604     0.000000 
    1605     0.000000 
    1606     0.000000 
    1607     0.000000 
    1608     0.000000 
    1609     0.000000 
    1610     0.000000 
    1611     0.000000 
    1612     0.000000 
    1613     0.000000 
    1614     0.000000 
    1615     0.000000 
    1616     0.000000 
    1617     0.000000 
    1618     0.000000 
    1619     0.000000 
    1620     0.000000 
    1621     0.000000 
    1622     0.000000 
    1623     0.000000 
    1624     0.000000 
    1625     0.000000 
    1626     0.000000 
    1627     0.000000 
    1628     0.000000 
    1629     0.000000 
    1630     0.000000 
    1631     0.000000 
    1632     0.000000 
    1633     0.000000 
    1634     0.000000 
    1635     0.000000 
    1636     0.000000 
    1637     0.000000 
    1638     0.000000 
    1639     0.000000 
    1640     0.000000 
    1641     0.000000 
    1642     0.000000 
    1643     0.000000 
    1644     0.000000 
    1645     0.000000 
    1646     0.000000 
    1647     0.000000 
    1648     0.000000 
    1649     0.000000 
    1650     0.000000 
    1651     0.000000 
    1652     0.000000 
    1653     0.000000 
    1654     0.000000 
    1655     0.000000 
    1656     0.000000 
    1657     0.000000 
    1658     0.000000 
    1659     0.000000 
    1660     0.000000 
    1661     0.000000 
    1662     0.000000 
    1663     0.000000 
    1664     0.000000 
    1665     0.000000 
    1666     0.000000 
    1667     0.000000 
    1668     0.000000 
    1669     0.000000 
    1670     0.000000 
    1671     0.000000 
    1672     0.000000 
    1673     0.000000 
    1674     0.000000 
    1675     0.000000 
    1676     0.000000 
    1677     0.000000 
    1678     0.000000 
    1679     0.000000 
    1680     0.000000 
    1681     0.000000 
    1682     0.000000 
    1683     0.000000 
    1684     0.000000 
    1685     0.000000 
    1686     0.000000 
    1687     0.000000 
    1688     0.000000 
    1689     0.000000 
    1690     0.000000 
    1691     0.000000 
    1692     0.000000 
    1693     0.000000 
    1694     0.000000 
    1695     0.000000 
    1696     0.000000 
    1697     0.000000 
    1698     0.000000 
    1699     0.000000 
    1700     0.000000 
    1701     0.000000 
    1702     0.000000 
    1703     0.000000 
    1704     0.000000 
    1705     0.000000 
    1706     0.000000 
    1707     0.000000 
    1708     0.000000 
    1709     0.000000 
    1710     0.000000 
    1711     0.000000 
    1712     0.000000 
    1713     0.000000 
    1714     0.000000 
    1715     0.000000 
    1716     0.000000 
    1717     0.000000 
    1718     0.000000 
    1719     0.000000 
    1720     0.000000 
    1721     0.000000 
    1722     0.000000 
    1723     0.000000 
    1724     0.000000 
    1725     0.000000 
    1726     0.000000 
    1727     0.000000 
    1728     0.000000 
    1729     0.000000 
    1730     0.000000 
    1731     0.000000 
    1732     0.000000 
    1733     0.000000 
    1734     0.000000 
    1735     0.000000 
    1736     0.000000 
    1737     0.000000 
    1738     0.000000 
    1739     0.000000 
    1740     0.000000 
    1741     0.000000 
    1742     0.000000 
    1743     0.000000 
    1744     0.000000 
    1745     0.000000 
    1746     0.000000 
    1747     0.000000 
    1748     0.000000 
    1749     0.000000 
    1750     0.000000 
    1751     0.000000 
    1752     0.000000 
    1753     0.000000 
    1754     0.000000 
    1755     0.000000 
    1756     0.000000 
    1757     0.000000 
    1758     0.000000 
    1759     0.000000 
    1760     0.000000 
    1761     0.000000 
    1762     0.000000 
    1763     0.000000 
    1764     0.000000 
    1765     0.000000 
    1766     0.000000 
    1767     0.000000 
    1768     0.000000 
    1769     0.000000 
    1770     0.000000 
    1771     0.000000 
    1772     0.000000 
    1773     0.000000 
    1774     0.000000 
    1775     0.000000 
    1776     0.000000 
    1777     0.000000 
    1778     0.000000 
    1779     0.000000 
    1780     0.000000 
    1781     0.000000 
    1782     0.000000 
    1783     0.000000 
    1784     0.000000 
    1785     0.000000 
    1786     0.000000 
    1787     0.000000 
    1788     0.000000 
    1789     0.000000 
    1790     0.000000 
    1791     0.000000 
    1792     0.000000 
    1793     0.000000 
    1794     0.000000 
    1795     0.000000 
    1796     0.000000 
    1797     0.000000 
    1798     0.000000 
    1799     0.000000 
    1800     0.000000 
    1801     0.000000 
    1802     0.000000 
    1803     0.000000 
    1804     0.000000 
    1805     0.000000 
    1806     0.000000 
    1807     0.000000 
    1808     0.000000 
    1809     0.000000 
    1810     0.000000 
    1811     0.000000 
    1812     0.000000 
    1813     0.000000 
    1814     0.000000 
    1815     0.000000 
    1816     0.000000 
    1817     0.000000 
    1818     0.000000 
    1819     0.000000 
    1820     0.000000 
    1821     0.000000 
    1822     0.000000 
    1823     0.000000 
    1824     0.000000 
    1825     0.000000 
    1826     0.000000 
    1827     0.000000 
    1828     0.000000 
    1829     0.000000 
    1830     0.000000 
    1831     0.000000 
    1832     0.000000 
    1833     0.000000 
    1834     0.000000 
    1835     0.000000 
    1836     0.000000 
    1837     0.000000 
    1838     0.000000 
    1839     0.000000 
    1840     0.000000 
    1841     0.000000 
    1842     0.000000 
    1843     0.000000 
    1844     0.000000 
    1845     0.000000 
    1846     0.000000 
    1847     0.000000 
    1848     0.000000 
    1849     0.000000 
    1850     0.000000 
    1851     0.000000 
    1852     0.000000 
    1853     0.000000 
    1854     0.000000 
    1855     0.000000 
    1856     0.000000 
    1857     0.000000 
    1858     0.000000 
    1859     0.000000 
    1860     0.000000 
    1861     0.000000 
    1862     0.000000 
    1863     0.000000 
    1864     0.000000 
    1865     0.000000 
    1866     0.000000 
    1867     0.000000 
    1868     0.000000 
    1869     0.000000 
    1870     0.000000 
    1871     0.000000 
    1872     0.000000 
    1873     0.000000 
    1874     0.000000 
    1875     0.000000 
    1876     0.000000 
    1877     0.000000 
    1878     0.000000 
    1879     0.000000 
    1880     0.000000 
    1881     0.000000 
    1882     0.000000 
    1883     0.000000 
    1884     0.000000 
    1885     0.000000 
    1886     0.000000 
    1887     0.000000 
    1888     0.000000 
    1889     0.000000 
    1890     0.000000 
    1891     0.000000 
    1892     0.000000 
    1893     0.000000 
    1894     0.000000 
    1895     0.000000 
    1896     0.000000 
    1897     0.000000 
    1898     0.000000 
    1899     0.000000 
    1900     0.000000 
    1901     0.000000 
    1902     0.000000 
    1903     0.000000 
    1904     0.000000 
    1905     0.000000 
    1906     0.000000 
    1907     0.000000 
    1908     0.000000 
    1909     0.000000 
    1910     0.000000 
    1911     0.000000 
    1912     0.000000 
    1913     0.000000 
    1914     0.000000 
    1915     0.000000 
    1916     0.000000 
    1917     0.000000 
    1918     0.000000 
    1919     0.000000 
    1920     0.000000 
    1921     0.000000 
    1922     0.000000 
    1923     0.000000 
    1924     0.000000 
    1925     0.000000 
    1926     0.000000 
    1927     0.000000 
    1928     0.000000 
    1929     0.000000 
    1930     0.000000 
    1931     0.000000 
    1932     0.000000 
    1933     0.000000 
    1934     0.000000 
    1935     0.000000 
    1936     0.000000 
    1937     0.000000 
    1938     0.000000 
    1939     0.000000 
    1940     0.000000 
    1941     0.000000 
    1942     0.000000 
    1943     0.000000 
    1944     0.000000 
    1945     0.000000 
    1946     0.000000 
    1947     0.000000 
    1948     0.000000 
    1949     0.000000 
    1950     0.000000 
    1951     0.000000 
    1952     0.000000 
    1953     0.000000 
    1954     0.000000 
    1955     0.000000 
    1956     0.000000 
    1957     0.000000 
    1958     0.000000 
    1959     0.000000 
    1960     0.000000 
    1961     0.000000 
    1962     0.000000 
    1963     0.000000 
    1964     0.000000 
    1965     0.000000 
    1966     0.000000 
    1967     0.000000 
    1968     0.000000 
    1969     0.000000 
    1970     0.000000 
    1971     0.000000 
    1972     0.000000 
    1973     0.000000 
    1974     0.000000 
    1975     0.000000 
    1976     0.000000 
    1977     0.000000 
    1978     0.000000 
    1979     0.000000 
    1980     0.000000 
    1981     0.000000 
    1982     0.000000 
    1983     0.000000 
    1984     0.000000 
    1985     0.000000 
    1986     0.000000 
    1987     0.000000 
    1988     0.000000 
    1989     0.000000 
    1990     0.000000 
    1991     0.000000 
    1992     0.000000 
    1993     0.000000 
    1994     0.000000 
    1995     0.000000 
    1996     0.000000 
    1997     0.000000 
    1998     0.000000 
    1999     0.000000 
    2000     0.000000 
    2001     0.000000 
    2002     0.000000 
    2003     0.000000 
    2004     0.000000 
    2005     0.000000 
    2006     0.000000 
    2007     0.000000 
    2008     0.000000 
    2009     0.000000 
    2010     0.000000 
    2011     0.000000 
    2012     0.000000 
    2013     0.000000 
    2014     0.000000 
    2015     0.000000 
    2016     0.000000 
    2017     0.000000 
    2018     0.000000 
    2019     0.000000 
    2020     0.000000 
    2021     0.000000 
    2022     0.000000 
    2023     0.000000 
    2024     0.000000 
    2025     0.000000 
    2026     0.000000 
    2027     0.000000 
    2028     0.000000 
    2029     0.000000 
    2030     0.000000 
    2031     0.000000 
    2032     0.000000 
    2033     0.000000 
    2034     0.000000 
    2035     0.000000 
    2036     0.000000 
    2037     0.000000 
    2038     0.000000 
    2039     0.000000 
    2040     0.000000 
    2041     0.000000 
    2042     0.000000 
    2043     0.000000 
    2044     0.000000 
    2045     0.000000 
    2046     0.000000 
    2047     0.000000 
    2048     0.000000 
    2049     0.000000 
    2050     0.000000 
    2051     0.000000 
    2052     0.000000 
    2053     0.000000 
    2054     0.000000 
    2055     0.000000 
    2056     0.000000 
    2057     0.000000 
    2058     0.000000 
    2059     0.000000 
    2060     0.000000 
    2061     0.000000 
    2062     0.000000 
    2063     0.000000 
    2064     0.000000 
    2065     0.000000 
    2066     0.000000 
    2067     0.000000 
    2068     0.000000 
    2069     0.000000 
    2070     0.000000 
    2071     0.000000 
    2072     0.000000 
    2073     0.000000 
    2074     0.000000 
    2075     0.000000 
    2076     0.000000 
    2077     0.000000 
    2078     0.000000 
    2079     0.000000 
    2080     0.000000 
    2081     0.000000 
    2082     0.000000 
    2083     0.000000 
    2084     0.000000 
    2085     0.000000 
    2086     0.000000 
    2087     0.000000 
    2088     0.000000 
    2089     0.000000 
    2090     0.000000 
    2091     0.000000 
    2092     0.000000 
    2093     0.000000 
    2094     0.000000 
    2095     0.000000 
    2096     0.000000 
    2097     0.000000 
    2098     0.000000 
    2099     0.000000 
    2100     0.000000 
    2101     0.000000 
    2102     0.000000 
    2103     0.000000 
    2104     0.000000 
    2105     0.000000 
    2106     0.000000 
    2107     0.000000 
    2108     0.000000 
    2109     0.000000 
    2110     0.000000 
    2111     0.000000 
    2112     0.000000 
    2113     0.000000 
    2114     0.000000 
    2115     0.000000 
    2116     0.000000 
    2117     0.000000 
    2118     0.000000 
    2119     0.000000 
    2120     0.000000 
    2121     0.000000 
    2122     0.000000 
    2123     0.000000 
    2124     0.000000 
    2125     0.000000 
    2126     0.000000 
    2127     0.000000 
    2128     0.000000 
    2129     0.000000 
    2130     0.000000 
    2131     0.000000 
    2132     0.000000 
    2133     0.000000 
    2134     0.000000 
    2135     0.000000 
    2136     0.000000 
    2137     0.000000 
    2138     0.000000 
    2139     0.000000 
    2140     0.000000 
    2141     0.000000 
    2142     0.000000 
    2143     0.000000 
    2144     0.000000 
    2145     0.000000 
    2146     0.000000 
    2147     0.000000 
    2148     0.000000 
    2149     0.000000 
    2150     0.000000 
    2151     0.000000 
    2152     0.000000 
    2153     0.000000 
    2154     0.000000 
    2155     0.000000 
    2156     0.000000 
    2157     0.000000 
    2158     0.000000 
    2159     0.000000 
    2160     0.000000 
    2161     0.000000 
    2162     0.000000 
    2163     0.000000 
    2164     0.000000 
    2165     0.000000 
    2166     0.000000 
    2167     0.000000 
    2168     0.000000 
    2169     0.000000 
    2170     0.000000 
    2171     0.000000 
    2172     0.000000 
    2173     0.000000 
    2174     0.000000 
    2175     0.000000 
    2176     0.000000 
    2177     0.000000 
    2178     0.000000 
    2179     0.000000 
    2180     0.000000 
    2181     0.000000 
    2182     0.000000 
    2183     0.000000 
    2184     0.000000 
    2185     0.000000 
    2186     0.000000 
    2187     0.000000 
    2188     0.000000 
    2189     0.000000 
    2190     0.000000 
    2191     0.000000 
    2192     0.000000 
    2193     0.000000 
    2194     0.000000 
    2195     0.000000 
    2196     0.000000 
    2197     0.000000 
    2198     0.000000 
    2199     0.000000 
    2200     0.000000 
    2201     0.000000 
    2202     0.000000 
    2203     0.000000 
    2204     0.000000 
    2205     0.000000 
    2206     0.000000 
    2207     0.000000 
    2208     0.000000 
    2209     0.000000 
    2210     0.000000 
    2211     0.000000 
    2212     0.000000 
    2213     0.000000 
    2214     0.000000 
    2215     0.000000 
    2216     0.000000 
    2217     0.000000 
    2218     0.000000 
    2219     0.000000 
    2220     0.000000 
    2221     0.000000 
    2222     0.000000 
    2223     0.000000 
    2224     0.000000 
    2225     0.000000 
    2226     0.000000 
    2227     0.000000 
    2228     0.000000 
    2229     0.000000 
    2230     0.000000 
    2231     0.000000 
    2232     0.000000 
    2233     0.000000 
    2234     0.000000 
    2235     0.000000 
    2236     0.000000 
    2237     0.000000 
    2238     0.000000 
    2239     0.000000 
    2240     0.000000 
    2241     0.000000 
    2242     0.000000 
    2243     0.000000 
    2244     0.000000 
    2245     0.000000 
    2246     0.000000 
    2247     0.000000 
    2248     0.000000 
    2249     0.000000 
    2250     0.000000 
    2251     0.000000 
    2252     0.000000 
    2253     0.000000 
    2254     0.000000 
    2255     0.000000 
    2256     0.000000 
    2257     0.000000 
    2258     0.000000 
    2259     0.000000 
    2260     0.000000 
    2261     0.000000 
    2262     0.000000 
    2263     0.000000 
    2264     0.000000 
    2265     0.000000 
    2266     0.000000 
    2267     0.000000 
    2268     0.000000 
    2269     0.000000 
    2270     0.000000 
    2271     0.000000 
    2272     0.000000 
    2273     0.000000 
    2274     0.000000 
    2275     0.000000 
    2276     0.000000 
    2277     0.000000 
    2278     0.000000 
    2279     0.000000 
    2280     0.000000 
    2281     0.000000 
    2282     0.000000 
    2283     0.000000 
    2284     0.000000 
    2285     0.000000 
    2286     0.000000 
    2287     0.000000 
    2288     0.000000 
    2289     0.000000 
    2290     0.000000 
    2291     0.000000 
    2292     0.000000 
    2293     0.000000 
    2294     0.000000 
    2295     0.000000 
    2296     0.000000 
    2297     0.000000 
    2298     0.000000 
    2299     0.000000 
    2300     0.000000 
    2301     0.000000 
    2302     0.000000 
    2303     0.000000 
    2304     0.000000 
    2305     0.000000 
    2306     0.000000 
    2307     0.000000 
    2308     0.000000 
    2309     0.000000 
    2310     0.000000 
    2311     0.000000 
    2312     0.000000 
    2313     0.000000 
    2314     0.000000 
    2315     0.000000 
    2316     0.000000 
    2317     0.000000 
    2318     0.000000 
    2319     0.000000 
    2320     0.000000 
    2321     0.000000 
    2322     0.000000 
    2323     0.000000 
    2324     0.000000 
    2325     0.000000 
    2326     0.000000 
    2327     0.000000 
    2328     0.000000 
    2329     0.000000 
    2330     0.000000 
    2331     0.000000 
    2332     0.000000 
    2333     0.000000 
    2334     0.000000 
    2335     0.000000 
    2336     0.000000 
    2337     0.000000 
    2338     0.000000 
    2339     0.000000 
    2340     0.000000 
    2341     0.000000 
    2342     0.000000 
    2343     0.000000 
    2344     0.000000 
    2345     0.000000 
    2346     0.000000 
    2347     0.000000 
    2348     0.000000 
    2349     0.000000 
    2350     0.000000 
    2351     0.000000 
    2352     0.000000 
    2353     0.000000 
    2354     0.000000 
    2355     0.000000 
    2356     0.000000 
    2357     0.000000 
    2358     0.000000 
    2359     0.000000 
    2360     0.000000 
    2361     0.000000 
    2362     0.000000 
    2363     0.000000 
    2364     0.000000 
    2365     0.000000 
    2366     0.000000 
    2367     0.000000 
    2368     0.000000 
    2369     0.000000 
    2370     0.000000 
    2371     0.000000 
    2372     0.000000 
    2373     0.000000 
    2374     0.000000 
    2375     0.000000 
    2376     0.000000 
    2377     0.000000 
    2378     0.000000 
    2379     0.000000 
    2380     0.000000 
    2381     0.000000 
    2382     0.000000 
    2383     0.000000 
    2384     0.000000 
    2385     0.000000 
    2386     0.000000 
    2387     0.000000 
    2388     0.000000 
    2389     0.000000 
    2390     0.000000 
    2391     0.000000 
    2392     0.000000 
    2393     0.000000 
    2394     0.000000 
    2395     0.000000 
    2396     0.000000 
    2397     0.000000 
    2398     0.000000 
    2399     0.000000 
    2400     0.000000 
    2401     0.000000 
    2402     0.000000 
    2403     0.000000 
    2404     0.000000 
    2405     0.000000 
    2406     0.000000 
    2407     0.000000 
    2408     0.000000 
    2409     0.000000 
    2410     0.000000 
    2411     0.000000 
    2412     0.000000 
    2413     0.000000 
    2414     0.000000 
    2415     0.000000 
    2416     0.000000 
    2417     0.000000 
    2418     0.000000 
    2419     0.000000 
    2420     0.000000 
    2421     0.000000 
    2422     0.000000 
    2423     0.000000 
    2424     0.000000 
    2425     0.000000 
    2426     0.000000 
    2427     0.000000 
    2428     0.000000 
    2429     0.000000 
    2430     0.000000 
    2431     0.000000 
    2432     0.000000 
    2433     0.000000 
    2434     0.000000 
    2435     0.000000 
    2436     0.000000 
    2437     0.000000 
    2438     0.000000 
    2439     0.000000 
    2440     0.000000 
    2441     0.000000 
    2442     0.000000 
    2443     0.000000 
    2444     0.000000 
    2445     0.000000 
    2446     0.000000 
    2447     0.000000 
    2448     0.000000 
    2449     0.000000 
    2450     0.000000 
    2451     0.000000 
    2452     0.000000 
    2453     0.000000 
    2454     0.000000 
    2455     0.000000 
    2456     0.000000 
    2457     0.000000 
    2458     0.000000 
    2459     0.000000 
    2460     0.000000 
    2461     0.000000 
    2462     0.000000 
    2463     0.000000 
    2464     0.000000 
    2465     0.000000 
    2466     0.000000 
    2467     0.000000 
    2468     0.000000 
    2469     0.000000 
    2470     0.000000 
    2471     0.000000 
    2472     0.000000 
    2473     0.000000 
    2474     0.000000 
    2475     0.000000 
    2476     0.000000 
    2477     0.000000 
    2478     0.000000 
    2479     0.000000 
    2480     0.000000 
    2481     0.000000 
    2482     0.000000 
    2483     0.000000 
    2484     0.000000 
    2485     0.000000 
    2486     0.000000 
    2487     0.000000 
    2488     0.000000 
    2489     0.000000 
