1 2    -0.002000
1 3    -0.002000
1 4    -0.002000
1 5    -0.002000
1 6    -0.002000
1 7    -0.002000
1 8    -0.002000
1 9    -0.002000
1 10    -0.002000
1 11    -0.002000
1 12    -0.002000
1 13    -0.002000
1 14    -0.002000
1 15    -0.002000
1 16    -0.002000
1 17    -0.002000
1 18    -0.002000
1 19    -0.002000
1 20    -0.002000
1 21    -0.002000
1 22    -0.002000
2 3    -0.002000
2 4    -0.002000
2 5    -0.002000
2 6    -0.002000
2 7    -0.002000
2 8    -0.002000
2 9    -0.002000
2 10    -0.002000
2 11    -0.002000
2 12    -0.002000
2 13    -0.002000
2 14    -0.002000
2 15    -0.002000
2 16    -0.002000
2 17    -0.002000
2 18    -0.002000
2 19    -0.002000
2 20    -0.002000
2 21    -0.002000
2 22    -0.002000
3 4    -0.002000
3 5    -0.002000
3 6    -0.002000
3 7    -0.002000
3 8    -0.002000
3 9    -0.002000
3 10    -0.002000
3 11    -0.002000
3 12    -0.002000
3 13    -0.002000
3 14    -0.002000
3 15    -0.002000
3 16    -0.002000
3 17    -0.002000
3 18    -0.002000
3 19    -0.002000
3 20    -0.002000
3 21    -0.002000
3 22    -0.002000
4 5    -0.002000
4 6    -0.002000
4 7    -0.002000
4 8    -0.002000
4 9    -0.002000
4 10    -0.002000
4 11    -0.002000
4 12    -0.002000
4 13    -0.002000
4 14    -0.002000
4 15    -0.002000
4 16    -0.002000
4 17    -0.002000
4 18    -0.002000
4 19    -0.002000
4 20    -0.002000
4 21    -0.002000
4 22    -0.002000
5 6    -0.002000
5 7    -0.002000
5 8    -0.002000
5 9    -0.002000
5 10    -0.002000
5 11    -0.002000
5 12    -0.002000
5 13    -0.002000
5 14    -0.002000
5 15    -0.002000
5 16    -0.002000
5 17    -0.002000
5 18    -0.002000
5 19    -0.002000
5 20    -0.002000
5 21    -0.002000
5 22    -0.002000
6 7    -0.002000
6 8    -0.002000
6 9    -0.002000
6 10    -0.002000
6 11    -0.002000
6 12    -0.002000
6 13    -0.002000
6 14    -0.002000
6 15    -0.002000
6 16    -0.002000
6 17    -0.002000
6 18    -0.002000
6 19    -0.002000
6 20    -0.002000
6 21    -0.002000
6 22    -0.002000
7 8    -0.002000
7 9    -0.002000
7 10    -0.002000
7 11    -0.002000
7 12    -0.002000
7 13    -0.002000
7 14    -0.002000
7 15    -0.002000
7 16    -0.002000
7 17    -0.002000
7 18    -0.002000
7 19    -0.002000
7 20    -0.002000
7 21    -0.002000
7 22    -0.002000
8 9    -0.002000
8 10    -0.002000
8 11    -0.002000
8 12    -0.002000
8 13    -0.002000
8 14    -0.002000
8 15    -0.002000
8 16    -0.002000
8 17    -0.002000
8 18    -0.002000
8 19    -0.002000
8 20    -0.002000
8 21    -0.002000
8 22    -0.002000
9 10    -0.002000
9 11    -0.002000
9 12    -0.002000
9 13    -0.002000
9 14    -0.002000
9 15    -0.002000
9 16    -0.002000
9 17    -0.002000
9 18    -0.002000
9 19    -0.002000
9 20    -0.002000
9 21    -0.002000
9 22    -0.002000
10 11    -0.002000
10 12    -0.002000
10 13    -0.002000
10 14    -0.002000
10 15    -0.002000
10 16    -0.002000
10 17    -0.002000
10 18    -0.002000
10 19    -0.002000
10 20    -0.002000
10 21    -0.002000
10 22    -0.002000
11 12    -0.002000
11 13    -0.002000
11 14    -0.002000
11 15    -0.002000
11 16    -0.002000
11 17    -0.002000
11 18    -0.002000
11 19    -0.002000
11 20    -0.002000
11 21    -0.002000
11 22    -0.002000
12 13    -0.002000
12 14    -0.002000
12 15    -0.002000
12 16    -0.002000
12 17    -0.002000
12 18    -0.002000
12 19    -0.002000
12 20    -0.002000
12 21    -0.002000
12 22    -0.002000
13 14    -0.002000
13 15    -0.002000
13 16    -0.002000
13 17    -0.002000
13 18    -0.002000
13 19    -0.002000
13 20    -0.002000
13 21    -0.002000
13 22    -0.002000
14 15    -0.002000
14 16    -0.002000
14 17    -0.002000
14 18    -0.002000
14 19    -0.002000
14 20    -0.002000
14 21    -0.002000
14 22    -0.002000
15 16    -0.002000
15 17    -0.002000
15 18    -0.002000
15 19    -0.002000
15 20    -0.002000
15 21    -0.002000
15 22    -0.002000
16 17    -0.002000
16 18    -0.002000
16 19    -0.002000
16 20    -0.002000
16 21    -0.002000
16 22    -0.002000
17 18    -0.002000
17 19    -0.002000
17 20    -0.002000
17 21    -0.002000
17 22    -0.002000
18 19    -0.002000
18 20    -0.002000
18 21    -0.002000
18 22    -0.002000
19 20    -0.002000
19 21    -0.002000
19 22    -0.002000
20 21    -0.002000
20 22    -0.002000
21 22    -0.002000
