1 2 -0.005514
1 3 -0.003593
1 4 -0.008200
1 5 -0.006663
1 6 -0.013991
1 7 -0.007313
1 8 -0.006487
1 9 -0.008185
1 10 -0.015654
1 11 -0.014311
1 12 -0.005813
1 13 -0.010799
1 14 -0.011801
1 15 -0.009044
1 16 -0.010285
1 17 -0.016682
1 18 -0.010046
1 19 -0.016169
1 20 -0.015603
1 21 -0.011300
1 22 -0.008292
2 3 -0.003429
2 4 -0.006553
2 5 -0.005716
2 6 -0.006862
2 7 -0.005197
2 8 -0.007355
2 9 -0.006730
2 10 -0.008885
2 11 -0.004936
2 12 -0.008394
2 13 -0.008236
2 14 -0.011811
2 15 -0.011376
2 16 -0.009596
2 17 -0.012737
2 18 -0.008995
2 19 -0.012661
2 20 -0.013440
2 21 -0.007361
2 22 -0.006321
3 4 -0.007766
3 5 -0.007253
3 6 -0.003682
3 7 -0.001630
3 8 -0.004906
3 9 -0.009036
3 10 -0.005704
3 11 -0.003758
3 12 -0.006857
3 13 -0.005506
3 14 -0.010254
3 15 -0.016132
3 16 -0.011732
3 17 -0.010978
3 18 -0.006170
3 19 -0.005023
3 20 -0.008067
3 21 -0.005932
3 22 -0.008048
4 5 -0.004065
4 6 -0.006732
4 7 -0.008856
4 8 -0.009340
4 9 -0.006843
4 10 -0.007639
4 11 -0.003725
4 12 -0.008506
4 13 -0.005392
4 14 -0.017467
4 15 -0.006423
4 16 -0.006490
4 17 -0.017672
4 18 -0.011735
4 19 -0.014082
4 20 -0.008538
4 21 -0.014080
4 22 -0.010089
5 6 -0.007028
5 7 -0.002790
5 8 -0.001035
5 9 -0.007169
5 10 -0.003432
5 11 -0.007817
5 12 -0.006878
5 13 -0.005630
5 14 -0.012146
5 15 -0.010391
5 16 -0.010913
5 17 -0.011508
5 18 -0.010605
5 19 -0.011960
5 20 -0.010764
5 21 -0.007943
5 22 -0.010658
6 7 -0.013332
6 8 -0.009032
6 9 -0.007577
6 10 -0.003824
6 11 -0.012617
6 12 -0.008373
6 13 -0.009718
6 14 -0.014467
6 15 -0.007421
6 16 -0.009864
6 17 -0.009134
6 18 -0.004152
6 19 -0.016714
6 20 -0.009843
6 21 -0.009880
6 22 -0.015447
7 8 -0.008968
7 9 -0.013246
7 10 -0.013675
7 11 -0.006852
7 12 -0.009651
7 13 -0.006226
7 14 -0.007831
7 15 -0.010395
7 16 -0.014421
7 17 -0.017151
7 18 -0.008780
7 19 -0.014912
7 20 -0.010317
7 21 -0.006837
7 22 -0.006502
8 9 -0.008483
8 10 -0.007052
8 11 -0.009056
8 12 -0.011448
8 13 -0.000531
8 14 -0.010943
8 15 -0.014035
8 16 -0.013687
8 17 -0.015626
8 18 -0.007038
8 19 -0.015615
8 20 -0.012017
8 21 -0.005021
8 22 -0.018187
9 10 -0.015277
9 11 -0.005632
9 12 -0.012418
9 13 -0.006058
9 14 -0.011239
9 15 -0.008790
9 16 -0.012966
9 17 -0.017713
9 18 -0.015545
9 19 -0.021448
9 20 -0.015169
9 21 -0.016185
9 22 -0.007258
10 11 -0.007990
10 12 -0.002963
10 13 -0.008829
10 14 -0.006835
10 15 -0.015494
10 16 -0.008807
10 17 -0.014196
10 18 -0.008160
10 19 -0.015424
10 20 -0.013942
10 21 -0.007378
10 22 -0.008694
11 12 -0.009843
11 13 -0.004003
11 14 -0.008348
11 15 -0.011028
11 16 -0.006363
11 17 -0.013472
11 18 -0.007315
11 19 -0.014303
11 20 -0.010319
11 21 -0.008345
11 22 -0.013251
12 13 -0.008407
12 14 -0.007922
12 15 -0.010209
12 16 -0.014614
12 17 -0.016981
12 18 -0.016388
12 19 -0.018239
12 20 -0.013469
12 21 -0.008435
12 22 -0.009644
13 14 -0.015843
13 15 -0.006419
13 16 -0.009930
13 17 -0.015208
13 18 -0.005751
13 19 -0.021520
13 20 -0.008267
13 21 -0.000384
13 22 -0.014175
14 15 -0.010696
14 16 -0.011007
14 17 -0.023243
14 18 -0.013708
14 19 -0.021717
14 20 -0.014638
14 21 -0.012646
14 22 -0.014029
15 16 -0.017270
15 17 -0.020627
15 18 -0.004821
15 19 -0.021480
15 20 -0.016438
15 21 -0.010406
15 22 -0.018730
16 17 -0.017982
16 18 -0.019850
16 19 -0.024667
16 20 -0.019182
16 21 -0.011606
16 22 -0.013163
17 18 -0.020290
17 19 -0.018226
17 20 -0.019172
17 21 -0.028560
17 22 -0.019112
18 19 -0.019781
18 20 -0.014021
18 21 -0.015276
18 22 -0.013728
19 20 -0.016664
19 21 -0.017723
19 22 -0.024387
20 21 -0.017158
20 22 -0.014591
21 22 -0.013764
