0.000000000000e+00
8.504097456881e-01
-2.236636615318e+00
-7.073940402956e-01
-7.082725167892e-02
-2.411822231463e-01
-1.732708636000e-01
-1.015141269100e-01
-1.084889723147e-01
-8.888526993196e-02
-5.238917084806e-02
-5.942755915231e-02
-4.727221683067e-02
-3.805449178171e-02
-4.766452753923e-02
-3.843368346766e-02
-2.614889660035e-02
-3.339099255174e-02
-2.816231378330e-02
-3.459631686195e-02
-4.087871901273e-03
-2.694875113231e-02
-8.092326735257e-03
-2.537000755253e-02
-1.512371222897e-02
-1.560146063294e-02
-1.711564638692e-02
-3.698488891010e-02
-1.892888358765e-02
-1.690784013436e-02
-1.821434193292e-02
-1.476147738860e-02
-3.176876233487e-02
-1.145115078637e-02
-1.108446208678e-02
-1.362671999581e-02
-1.655736075611e-02
-1.648063585845e-02
-1.135111692093e-02
-1.398080513291e-02
-1.253421607141e-02
-1.152160507427e-02
-7.530136759421e-03
-1.122313807135e-02
-1.318623586069e-02
-1.259636386791e-02
-1.244366454268e-02
-1.438909307917e-02
-1.311123119161e-02
-1.754368973122e-02
-1.761840992215e-02
-1.377805675461e-02
-1.623301858539e-02
-1.811357652582e-02
-1.709772559136e-02
-1.529984244720e-02
-2.025884492144e-02
-2.068337746373e-02
-1.816029495758e-02
-1.698704834716e-02
-1.660979879326e-02
-1.706353060068e-02
-1.907634842703e-02
-1.431687684391e-02
-1.509357118571e-02
-1.474361939926e-02
-9.967552430731e-03
-1.133953249646e-02
-2.869279535513e-02
-8.171556523813e-03
-1.908435425880e-02
-2.042223126027e-02
-2.390642084084e-02
-3.344545952743e-03
-2.441340609228e-02
-2.076577209901e-02
-2.484004058975e-02
-1.696340442912e-02
-2.047826997086e-02
-1.685058136519e-02
-1.565567212243e-02
-1.880414371905e-02
-2.035249814036e-02
-2.053298003192e-02
-1.563109690172e-02
-2.216694246062e-02
-2.141006882194e-02
-2.064889207422e-02
-2.106716729306e-02
-1.934863994842e-02
-1.944235339493e-02
-2.144788175611e-02
-2.270176373138e-02
-1.966024582568e-02
-2.536342466213e-02
-2.396664863565e-02
-1.971296147238e-02
-2.225828646384e-02
-2.086352345628e-02
-2.527506982309e-02
-1.875057797565e-02
-1.930787979796e-02
-2.293344278168e-02
-1.922288031070e-02
-2.460203458355e-02
-2.171969371182e-02
-2.235701755214e-02
-2.504223220045e-02
-2.454773206142e-02
-2.291410582020e-02
-2.794622976442e-02
-2.690691559944e-02
-2.424673328848e-02
-2.144160890388e-02
-2.231504861246e-02
-2.380088248660e-02
-2.755807510198e-02
-3.393057942514e-02
-2.613207333779e-02
-2.523347320664e-02
-2.288137998899e-02
-2.635608418108e-02
-2.814092806435e-02
-2.229969865477e-02
-2.279966806735e-02
-2.368351019010e-02
-2.329524904903e-02
-2.597636537813e-02
-2.327333519124e-02
-2.632852894734e-02
-2.851797758694e-02
-2.891732129079e-02
-2.301361818843e-02
-2.618901059383e-02
-1.893840077168e-02
-2.823782472161e-02
-3.263057260208e-03
-1.150250005210e-02
-6.057996918443e-03
-7.011118473446e-03
-5.646617398335e-03
-4.888753665597e-03
-4.461337346603e-03
-5.207466627238e-03
-2.514904114874e-03
-1.030155221890e-03
-5.781432142879e-03
-8.218745251473e-03
-8.848087532599e-03
-6.492963418451e-03
-6.948223658424e-03
-9.279395545050e-03
-1.150420270054e-02
-1.806683964943e-02
1.937746479762e-03
-7.640194355283e-03
-4.314650904572e-03
-3.606544976010e-03
-1.565001882490e-02
-1.641821977635e-02
-1.102411402635e-02
-3.211771993240e-03
-5.892027920231e-03
-1.428881106796e-02
-1.348938661369e-02
-6.991481716728e-03
-4.733811567994e-03
-1.417398693123e-02
-6.841369440219e-03
-6.220585964514e-03
-6.193031815617e-03
-5.866483439888e-03
-7.166659355808e-03
1.795344596580e-03
-1.877526935128e-03
-9.708046890850e-03
-9.954621872989e-03
-6.044831337114e-03
-1.743883970243e-03
1.128968882302e-02
6.341046073059e-03
4.974122629326e-03
-1.289276900472e-02
-9.208604692167e-03
-7.996607497104e-03
-3.736169207202e-02
-1.877200745535e-02
-3.578378613882e-02
-2.279257472833e-02
-1.489603914259e-02
-7.271282881984e-03
-2.288430798940e-02
-2.759922555571e-02
-1.493229410016e-02
-2.446591475821e-02
-1.810448605604e-02
-1.947211259248e-02
-2.812178028637e-02
-1.690505897783e-02
-2.325980028418e-02
-3.085536640600e-02
-1.749350384111e-02
-2.943046017238e-02
-1.667943853290e-02
-2.830083859160e-02
-2.758766307618e-02
-1.611363014496e-02
-3.285268419252e-02
-1.413623816619e-02
-3.022727565505e-02
-1.238929739642e-02
-2.132015208631e-02
-3.106033406348e-02
-2.939770691726e-02
-9.095638798246e-03
-3.271377744746e-02
-2.573725834204e-02
-2.265041214388e-02
-1.838020646969e-02
-2.415142270796e-02
-3.899383998186e-02
-3.113414362558e-02
-2.373388226869e-02
-2.279849570082e-02
-2.136645762559e-02
-1.502678232899e-02
-1.033647140855e-02
-1.670495153620e-02
-1.280092040594e-02
-1.663769414866e-02
-1.513356161916e-02
-2.478962353621e-02
-1.685350633780e-02
-6.024814691660e-03
-2.337718092775e-02
-1.932801460177e-02
-1.232844633500e-02
-3.100082417435e-02
4.138933139338e-03
1.927437478770e-03
-3.225946836685e-03
2.885606531728e-03
4.743913043203e-03
-3.808682993203e-03
3.514351134470e-04
4.693254292355e-03
4.902344943678e-03
-4.934450603236e-03
-7.100555579350e-04
2.382289996029e-03
-1.787420420962e-03
-1.566757075689e-03
-1.185075493378e-03
-7.651347625854e-03
-4.850442163606e-03
1.753689731912e-03
3.952031025558e-03
-8.397813124065e-03
-1.533452684359e-02
7.011155888353e-03
-3.811002468586e-03
-1.778065282250e-04
-4.848125113759e-03
-2.628311563166e-03
-4.357762204990e-04
-5.142831663144e-03
6.379246201532e-03
5.119833306250e-03
8.510747966623e-03
1.654867633551e-03
-1.937004005451e-02
-2.302779723733e-02
-1.668335734896e-02
-1.437514353042e-02
-1.814252570960e-02
-2.426317532774e-02
-2.305810977555e-02
-1.284884716890e-02
-1.711702286126e-02
-1.103764755727e-02
-2.207472534140e-02
-1.454121860435e-02
-1.454881903901e-02
-2.141274381052e-02
-1.735810013851e-02
-2.166181297463e-02
-1.777925166647e-02
-1.917654351027e-02
-2.186971417991e-02
-1.215623236991e-02
-1.137946971213e-02
-9.546371930393e-03
-1.723961109078e-02
-1.423941925784e-02
-1.408314473088e-02
-2.211557596130e-02
-1.462598777169e-02
-1.552567923273e-02
-1.300702440317e-02
-1.472486382678e-02
-1.895481254704e-02
-1.960875803111e-02
-2.599012038240e-02
-2.460595295246e-02
-2.826006301289e-02
-1.990621706997e-02
-1.747052414122e-02
-2.287004067760e-02
-1.848237231298e-02
-2.537376050701e-02
-1.629633152849e-02
-1.506097965943e-02
-2.067564894186e-02
-1.470431319422e-02
-8.276777525390e-03
-1.435244603168e-02
-2.629315624374e-02
-1.288936791082e-02
-1.655795458196e-02
-2.657794218602e-02
-2.014605027225e-02
-1.675277572574e-02
-2.319701065519e-02
-1.776129140991e-02
-1.217338027632e-02
-1.826225936677e-02
-2.084032351745e-02
-1.969144519898e-02
-1.560570513878e-02
-1.905052846714e-02
-1.451482290947e-02
-2.357434985389e-02
-1.752738375439e-02
-1.833070336418e-02
-9.287469547603e-03
-1.487596641717e-02
-1.839080293952e-02
-2.719173199590e-02
-1.031852172226e-02
-2.211464655834e-02
-1.432808575889e-02
-2.193028994315e-02
-1.596238208447e-02
-1.239739293550e-02
-9.038898700839e-03
-7.365772832043e-03
-1.116031197320e-02
-8.362115513439e-03
-9.945237130628e-03
-6.833903460379e-03
-1.280710648364e-02
-1.064847207155e-02
-2.175669164194e-02
-1.111748356801e-02
-1.112574301723e-02
-7.293475297575e-03
-1.965999941118e-02
-1.723502832415e-02
-1.665749835483e-02
-1.616697968445e-02
-7.635986015396e-03
-1.828681088666e-02
-1.771149621148e-02
-2.113613606931e-02
-1.518048392156e-02
-1.620499557882e-02
-1.537525901720e-02
-1.409916140738e-02
-9.573008888182e-03
-9.862230361354e-03
-2.006016560945e-02
-8.983022793775e-03
-1.229099550756e-02
-1.325526417746e-02
-1.399793190255e-02
7.265427129619e-03
2.759459886177e-03
-4.642659382588e-03
-6.078423107203e-03
-1.131364098440e-02
-1.305004359601e-02
-1.530912497252e-02
-2.849888247904e-02
-2.133341345100e-02
-1.001819594616e-02
-1.560380996404e-02
-1.183623122826e-02
-1.372245931902e-02
-1.982423722970e-02
-8.581158878338e-03
-9.165846388328e-03
-1.474465781188e-02
-8.669020637722e-03
-5.650142294039e-03
-9.225736288276e-03
-1.489499200742e-03
-1.754333943836e-02
-2.744418140485e-02
-1.845819924187e-02
-9.825104072100e-03
-6.854179174775e-03
-2.432518709932e-02
-1.308078027668e-02
-1.027045770009e-02
-1.071584862627e-03
-1.244372097384e-02
-3.756336353559e-03
-1.836068318709e-02
4.249667235283e-03
-1.658494770027e-02
-1.750086468283e-02
-1.487096578417e-03
-8.893380517481e-03
-3.913133984652e-03
-2.038627045640e-02
-1.323414967257e-02
-5.652023794995e-03
-4.187932864120e-03
-1.756739657890e-02
-1.845762579906e-02
-1.389535306122e-02
-1.946820878609e-02
-1.791155037401e-02
-1.441812088425e-02
-1.117812674310e-02
-2.142146058514e-02
-1.910700877723e-02
-1.789071707620e-02
-2.061303815647e-02
-1.297208017467e-02
-2.057168896680e-02
-2.246113747274e-02
-1.549657589928e-02
-2.421102164248e-02
-2.636679986487e-02
-2.956251007911e-02
-1.584648524287e-02
-7.282835588923e-03
4.364840344675e-03
-6.602827721690e-04
-1.863267351842e-02
-9.046468887516e-03
1.543433503564e-02
-2.022474248772e-02
-1.174482888347e-02
-2.579152986388e-02
-1.553819296655e-02
-2.521150033920e-02
-9.982573892752e-03
-2.294818554221e-02
-1.517656311100e-02
-2.106895699382e-02
-1.400086091938e-02
-1.606267618188e-02
-2.499259565048e-02
-2.065922601444e-02
-1.421368115561e-02
-1.229941485276e-02
-1.349603058889e-02
-9.639097765442e-03
-7.838849511515e-03
-6.831500909879e-03
-8.593931616962e-03
-1.436121798593e-02
-2.027403124732e-02
-1.189839885941e-02
-1.105717437178e-02
-1.558705658856e-02
-4.724408032203e-03
-2.069826893931e-02
-1.070891347743e-02
-1.419700231508e-02
-4.652668614720e-04
-1.664425301687e-03
-8.539308630846e-03
-8.392044460457e-03
-1.309901818488e-02
-1.978521231123e-02
-7.700659521866e-03
3.374797976609e-03
-1.480329006422e-02
-1.230737928961e-02
-5.026128862540e-03
-1.077340133205e-02
-2.059720059505e-02
-1.286104444132e-02
-6.707257394511e-03
-8.055684416154e-03
-2.461908654415e-03
-2.433503415891e-03
-2.691882802279e-02
-3.345082349975e-03
-7.060450468767e-03
-4.765598917780e-03
-1.593488484470e-02
-1.125456513277e-02
-1.788780390072e-02
-1.399409822429e-02
9.261653071510e-04
-2.387522394628e-02
-9.164244335155e-03
-1.897867793408e-02
-2.172701967003e-02
-1.545766144514e-02
-1.514537327098e-02
-1.633351461015e-02
-1.670232038671e-02
1.861562371080e-04
-3.520412754047e-02
-4.110165251595e-03
-9.986740143877e-03
-1.501091060419e-02
-2.036803507230e-02
-1.356230427731e-02
-6.461550321248e-03
-1.588398017620e-02
-1.671806483182e-02
-1.139866482286e-02
-1.465899887430e-02
-1.700114397070e-02
-1.734976728104e-02
-8.029071170442e-03
-2.033572984994e-02
-3.265871486267e-03
-1.932320802769e-02
-2.100629989366e-02
-1.366845535167e-02
-1.829946685698e-02
-2.282775798097e-02
-1.816155265124e-02
-2.924201070388e-02
-1.667456561719e-02
-1.171177643316e-02
-1.783362858498e-02
-1.262590654659e-02
-2.325052671541e-02
-1.846879597888e-02
-1.585187899211e-02
-1.680494243871e-02
-2.082130094753e-02
-1.441339455637e-02
-2.710012336156e-02
-1.174929759255e-02
-1.035644767383e-02
-2.482705909933e-02
-3.288769312040e-02
-3.309697862928e-02
-1.263766015594e-02
-1.600766026649e-02
-1.869468993382e-02
-2.566770360931e-02
-2.459461384038e-02
-1.891244106845e-02
-1.843148703045e-02
-2.945120289825e-02
-2.167967419330e-02
-1.770557102262e-02
-1.718208309307e-02
-2.284816677540e-02
-2.515937685376e-02
-2.175264526525e-02
-2.546463725451e-02
-1.886734979777e-02
-1.480092878860e-02
-2.120380413319e-02
-2.072390134251e-02
-1.456080283567e-02
-1.568298770330e-02
-2.071389055972e-02
-2.457115118760e-02
-1.820291407428e-02
-2.370153016213e-02
-1.625399300275e-02
-2.032100323435e-02
-1.304783015287e-02
-1.187234335239e-02
-1.399241372523e-03
3.338924419071e-03
-3.078528863579e-03
-6.822625348132e-03
-3.646265586564e-03
-3.416192711547e-03
1.287035711340e-02
1.522176342925e-02
8.613986075328e-03
-4.459906868588e-03
2.195665619642e-03
-3.329107629432e-03
-5.603040777769e-03
-2.513897929670e-02
9.975324862320e-04
9.805251122022e-03
4.401738932716e-03
1.389144420354e-03
9.110586567870e-04
6.534186630524e-03
-5.931360668941e-03
-1.714383490208e-03
-5.142797787243e-03
-9.073910922669e-03
3.717735241498e-03
-5.257484377945e-03
-2.618993674717e-03
-1.212541326645e-02
-1.385730910927e-02
-5.827448085541e-03
-7.273231936294e-03
-1.414813980796e-02
-3.793285452914e-03
-1.380590915028e-02
-1.204447114060e-02
-1.650720475104e-02
-9.681099115386e-03
-8.764307187330e-03
-4.697245072942e-03
-1.578363730246e-02
-2.210349671128e-02
-1.842600445678e-03
-9.654836513805e-03
-1.544169897041e-02
-8.089131796511e-03
-2.087700552486e-02
-1.713919749961e-02
-1.238849041553e-02
-6.421879964112e-03
-8.547371593680e-04
-2.141558309614e-02
-7.321574226277e-03
-1.375229843499e-02
-1.720224566467e-02
-2.418415753423e-02
-1.085491829530e-02
-3.963071922878e-03
-2.274860870322e-02
-1.762263625147e-02
-1.458076443471e-02
-2.112739977393e-02
-1.201361830201e-02
-1.655901961619e-02
-3.445377517383e-02
-1.143835787089e-02
-2.046816615161e-02
-1.010540706700e-02
-3.209275530514e-02
-2.368892739457e-02
-2.991462815219e-02
8.965978604552e-03
3.749428546025e-03
1.465823939994e-02
1.319744461094e-02
5.805298636520e-03
4.927344847075e-03
3.468100026085e-03
5.928547097953e-03
5.173754326483e-03
1.431329514520e-03
-1.934534363244e-02
-2.573551084419e-02
-2.675984627736e-02
-1.509556654308e-02
-2.108167939451e-02
-2.125379024137e-02
-1.531887803416e-02
-2.200300646050e-02
-1.258350115070e-02
-7.810242323864e-03
-1.776295822020e-02
-1.389421036900e-02
-7.405106550186e-03
-2.340288244572e-02
-1.604234411900e-02
-2.403196346861e-02
-2.193314328284e-02
-1.664411163481e-02
-1.649160277057e-02
-1.072290979826e-02
-1.997560033871e-02
2.413990781595e-03
-2.729434194668e-02
-3.000215128278e-02
-1.539627614576e-03
-1.818121024985e-02
-9.536308920564e-03
-1.896978781028e-02
-3.045888060778e-02
-2.330159838340e-02
-1.362139541365e-02
-9.687935827718e-03
-1.334158239671e-02
-2.637965273328e-02
-1.947798712256e-02
-9.339653011629e-03
-2.336981686289e-02
-1.613849399166e-02
-3.377114552649e-02
-1.331817071585e-02
-1.548018821992e-02
-3.034235272067e-02
-2.101087988244e-02
-2.603943312358e-02
-1.605123174801e-02
-2.245899039810e-02
-2.630147816400e-02
-2.240301197412e-02
-1.451557578864e-02
-1.100220227860e-02
-1.459471325546e-02
-1.517458596462e-02
-1.705359463915e-02
-1.255832126417e-02
-2.740686666827e-02
-2.427581612500e-02
-1.168160085954e-02
-2.334475202964e-02
-8.631524232699e-03
-1.198399951506e-02
-2.162105559293e-02
-2.176307333675e-02
-1.538610848366e-02
-2.094100159006e-02
-8.243278890149e-03
-2.332599109790e-02
-1.561106292632e-02
-1.804684053349e-02
-1.466492805644e-02
-3.495271502951e-02
-1.310222234515e-02
-1.973311058724e-02
-7.153464855500e-03
-2.795524800337e-02
-7.478906494982e-03
-2.608279010931e-02
-2.159041299873e-02
-1.199871179838e-02
-1.418176319747e-02
-2.297394318596e-02
-2.670259616577e-02
-3.553026724410e-02
-1.796856618261e-02
-8.416959577830e-04
8.666355087627e-03
-1.607481640400e-02
-7.958011226509e-03
4.994586386247e-03
1.024755611387e-02
-2.705794516534e-02
-2.743389648646e-03
7.381866990549e-03
9.068521606220e-03
6.180620728101e-03
1.862620944533e-02
1.127510752624e-02
1.794233997726e-03
4.201827640823e-03
8.091316088620e-04
-1.446644516538e-03
-1.278501939306e-03
-7.229191678394e-03
1.181665835142e-02
-1.571161857691e-02
1.615598397431e-02
1.639363924612e-03
-2.473751740091e-02
-1.362726030005e-02
-1.460191031968e-02
-1.692808196281e-02
-1.652643921652e-02
-1.210724273229e-02
7.428714279375e-03
1.622664159088e-03
-4.866457213579e-03
5.811458447939e-03
1.726373414796e-03
-5.449442318316e-03
7.393079941320e-04
2.367187613129e-03
-9.743081694733e-03
5.881633523400e-03
-2.875899572842e-03
1.177294289318e-02
-2.242687364502e-03
8.685898775930e-03
7.642768095990e-04
6.535176109620e-03
3.439362436363e-03
-7.055117367517e-03
1.969237367466e-03
1.016911437616e-02
-3.331155939178e-03
-3.357894217336e-02
7.782545514056e-03
-3.782521188025e-03
1.187561539556e-03
2.043482266038e-02
-1.608764214410e-04
5.443107250707e-03
1.632069121035e-03
3.466781670169e-03
2.747179012680e-03
7.426873133845e-03
-1.178589621522e-02
9.528780000037e-03
-6.639371402590e-03
-8.629087753990e-03
-1.368425367809e-02
-1.257810722029e-02
-1.734195018471e-02
-1.589683112666e-02
-9.313088701905e-03
-1.840016127323e-02
-1.043392544457e-02
-2.234063734079e-02
-7.046270714539e-03
-1.290558206274e-02
-3.148374764055e-03
-1.330254289548e-02
-8.902715927655e-03
-1.053957815991e-02
-5.278787566396e-03
-1.500421035739e-02
-1.132145526071e-02
-2.816333344905e-02
-8.919164323380e-03
-1.378505547311e-02
-1.748758203574e-02
-7.124501939311e-03
-1.652583516376e-02
-1.005034471224e-02
-1.160662830655e-02
-1.464453019491e-02
-7.554536191302e-03
-2.351611440078e-03
-1.257936470810e-04
-1.257094284139e-02
-8.236353237540e-04
-1.449884328637e-02
-2.035310002375e-02
-1.693426988857e-02
-8.881095875682e-03
-1.607683387883e-02
-1.050307385813e-02
-1.100611606816e-02
-1.751639638577e-02
-9.773607495014e-03
-1.049837195427e-02
2.106801705369e-03
1.626485398726e-03
-2.202375753753e-02
-1.510000865914e-02
-9.836669140963e-03
-7.513378775430e-03
-2.175580274355e-02
3.682968224136e-03
-1.771250903574e-02
9.371528082430e-04
-2.067998117285e-02
-7.588366550630e-04
4.711340581200e-05
-3.002253950141e-02
-9.526032937904e-03
5.545496834163e-03
7.778599550349e-03
-1.255271324897e-02
7.218752925795e-03
-1.424242155985e-02
-1.133773498685e-03
-3.886875954819e-02
-1.211958248004e-02
1.960186183000e-03
9.360822816329e-03
1.415886580258e-02
-1.133386044138e-02
7.341512277425e-03
6.724268107157e-03
6.731065865470e-04
-1.586419939887e-02
-2.563604038104e-02
-1.338376358647e-02
-2.504867397872e-03
-5.678144205856e-03
-2.902725056423e-03
-8.720403680780e-04
-1.055828093406e-03
2.410062869840e-03
1.240465062124e-02
-8.590527555717e-03
5.385649315174e-03
1.539513605750e-04
-7.083699929797e-03
-1.341624308547e-02
-1.012173967095e-02
-2.219742623863e-02
-1.493065371389e-02
-1.044337594613e-03
5.936268557103e-03
-5.193927814658e-03
-2.831012752986e-03
-1.081721291096e-02
-1.481581828376e-02
-8.560026214260e-03
-5.257717432424e-03
1.124917889381e-02
-1.093346448489e-02
1.284357768830e-02
-4.120249853711e-03
-9.668669016342e-03
-2.716067400312e-03
1.083912833451e-03
3.781918462740e-03
1.519738393577e-03
5.355281931110e-04
3.851799479106e-03
-8.613059791150e-04
1.476929963217e-03
1.275761473264e-03
-5.615715701482e-03
-1.363930645478e-03
1.961089467933e-03
-4.693123483015e-03
-2.786843608425e-03
-2.047772285120e-03
7.278231427538e-03
2.411484632880e-03
3.003415678123e-03
-5.723987470461e-03
2.436362223798e-03
4.699288780669e-03
7.445534766291e-03
-1.139981179337e-03
1.464352127539e-03
-7.067961996831e-03
-1.463803747933e-03
8.927216728124e-03
-2.488956136390e-02
3.226386179251e-03
-7.978738420179e-03
8.040749786169e-03
2.528877363457e-03
-6.694470556686e-03
-1.941493326867e-02
4.796295949947e-03
-2.375397297640e-02
-1.251144318446e-03
-1.335222298379e-02
-1.785950635431e-02
-1.023850345812e-02
-2.250322026579e-03
-1.588387274956e-02
-1.274622743879e-02
-2.427151629618e-02
-1.937066758094e-02
-1.643416703198e-02
-1.745198493689e-02
-1.830821708720e-02
-1.938913647054e-02
-2.159496278958e-02
-2.639048436058e-02
-1.645072969088e-02
7.836264959303e-03
-6.272328196065e-03
-1.195784481037e-02
-1.066730988809e-02
-3.052667618693e-03
-1.183465563954e-02
-1.387972756607e-02
-8.572258686275e-03
-2.020817468287e-02
-1.781665912990e-02
-2.367783365857e-02
-1.389884685469e-02
-1.799302827025e-02
-1.440481547350e-02
-2.005862720358e-02
-1.530569742854e-02
-5.537211571825e-03
-1.951761221321e-02
-9.771531996170e-03
-1.044549389357e-02
-5.522156879725e-03
-8.069025680707e-03
-1.077851296298e-02
-1.085816455569e-02
-1.858462703591e-02
2.531147581500e-03
-6.051060250378e-03
-7.068548874915e-03
-7.356385000728e-03
-2.900302307628e-03
-8.714287002447e-03
-1.473660650017e-02
-9.281566485604e-03
-8.959549297383e-03
-2.387808519819e-02
-6.872671745407e-03
1.760672809228e-03
-1.840019707008e-02
-1.732355012843e-02
-1.383598142701e-02
-2.201103660800e-02
-4.772860827311e-02
0.000000000000e+00
0.000000000000e+00
0.000000000000e+00
0.000000000000e+00
0.000000000000e+00
0.000000000000e+00
0.000000000000e+00
0.000000000000e+00
0.000000000000e+00
0.000000000000e+00
0.000000000000e+00
0.000000000000e+00
0.000000000000e+00
0.000000000000e+00
0.000000000000e+00
0.000000000000e+00
0.000000000000e+00
0.000000000000e+00
0.000000000000e+00
0.000000000000e+00
0.000000000000e+00
0.000000000000e+00
0.000000000000e+00
0.000000000000e+00
0.000000000000e+00
0.000000000000e+00
0.000000000000e+00
0.000000000000e+00
0.000000000000e+00
0.000000000000e+00
0.000000000000e+00
0.000000000000e+00
0.000000000000e+00
0.000000000000e+00
0.000000000000e+00
0.000000000000e+00
0.000000000000e+00
0.000000000000e+00
0.000000000000e+00
0.000000000000e+00
0.000000000000e+00
0.000000000000e+00
0.000000000000e+00
0.000000000000e+00
0.000000000000e+00
0.000000000000e+00
0.000000000000e+00
0.000000000000e+00
0.000000000000e+00
0.000000000000e+00
0.000000000000e+00
0.000000000000e+00
0.000000000000e+00
0.000000000000e+00
0.000000000000e+00
0.000000000000e+00
0.000000000000e+00
0.000000000000e+00
0.000000000000e+00
0.000000000000e+00
0.000000000000e+00
0.000000000000e+00
0.000000000000e+00
0.000000000000e+00
0.000000000000e+00
0.000000000000e+00
0.000000000000e+00
0.000000000000e+00
0.000000000000e+00
0.000000000000e+00
0.000000000000e+00
0.000000000000e+00
0.000000000000e+00
0.000000000000e+00
0.000000000000e+00
0.000000000000e+00
0.000000000000e+00
0.000000000000e+00
0.000000000000e+00
0.000000000000e+00
0.000000000000e+00
0.000000000000e+00
0.000000000000e+00
0.000000000000e+00
0.000000000000e+00
0.000000000000e+00
0.000000000000e+00
0.000000000000e+00
0.000000000000e+00
0.000000000000e+00
0.000000000000e+00
0.000000000000e+00
0.000000000000e+00
0.000000000000e+00
0.000000000000e+00
0.000000000000e+00
0.000000000000e+00
0.000000000000e+00
0.000000000000e+00
0.000000000000e+00
0.000000000000e+00
0.000000000000e+00
0.000000000000e+00
0.000000000000e+00
0.000000000000e+00
0.000000000000e+00
0.000000000000e+00
0.000000000000e+00
0.000000000000e+00
0.000000000000e+00
0.000000000000e+00
0.000000000000e+00
0.000000000000e+00
0.000000000000e+00
0.000000000000e+00
0.000000000000e+00
0.000000000000e+00
0.000000000000e+00
0.000000000000e+00
0.000000000000e+00
0.000000000000e+00
0.000000000000e+00
0.000000000000e+00
0.000000000000e+00
0.000000000000e+00
0.000000000000e+00
0.000000000000e+00
0.000000000000e+00
0.000000000000e+00
0.000000000000e+00
0.000000000000e+00
0.000000000000e+00
0.000000000000e+00
0.000000000000e+00
0.000000000000e+00
0.000000000000e+00
0.000000000000e+00
0.000000000000e+00
0.000000000000e+00
0.000000000000e+00
0.000000000000e+00
0.000000000000e+00
0.000000000000e+00
0.000000000000e+00
0.000000000000e+00
0.000000000000e+00
0.000000000000e+00
0.000000000000e+00
0.000000000000e+00
0.000000000000e+00
0.000000000000e+00
0.000000000000e+00
0.000000000000e+00
0.000000000000e+00
0.000000000000e+00
0.000000000000e+00
0.000000000000e+00
0.000000000000e+00
0.000000000000e+00
0.000000000000e+00
0.000000000000e+00
0.000000000000e+00
0.000000000000e+00
0.000000000000e+00
0.000000000000e+00
0.000000000000e+00
0.000000000000e+00
0.000000000000e+00
0.000000000000e+00
0.000000000000e+00
0.000000000000e+00
0.000000000000e+00
0.000000000000e+00
0.000000000000e+00
0.000000000000e+00
0.000000000000e+00
0.000000000000e+00
0.000000000000e+00
0.000000000000e+00
0.000000000000e+00
0.000000000000e+00
0.000000000000e+00
0.000000000000e+00
0.000000000000e+00
0.000000000000e+00
0.000000000000e+00
0.000000000000e+00
0.000000000000e+00
0.000000000000e+00
0.000000000000e+00
0.000000000000e+00
0.000000000000e+00
0.000000000000e+00
0.000000000000e+00
0.000000000000e+00
0.000000000000e+00
0.000000000000e+00
0.000000000000e+00
0.000000000000e+00
0.000000000000e+00
0.000000000000e+00
0.000000000000e+00
0.000000000000e+00
0.000000000000e+00
0.000000000000e+00
0.000000000000e+00
0.000000000000e+00
0.000000000000e+00
0.000000000000e+00
0.000000000000e+00
0.000000000000e+00
0.000000000000e+00
0.000000000000e+00
0.000000000000e+00
0.000000000000e+00
0.000000000000e+00
0.000000000000e+00
0.000000000000e+00
0.000000000000e+00
0.000000000000e+00
0.000000000000e+00
0.000000000000e+00
0.000000000000e+00
0.000000000000e+00
0.000000000000e+00
0.000000000000e+00
0.000000000000e+00
0.000000000000e+00
0.000000000000e+00
0.000000000000e+00
0.000000000000e+00
0.000000000000e+00
0.000000000000e+00
0.000000000000e+00
0.000000000000e+00
0.000000000000e+00
0.000000000000e+00
0.000000000000e+00
0.000000000000e+00
0.000000000000e+00
0.000000000000e+00
0.000000000000e+00
0.000000000000e+00
0.000000000000e+00
0.000000000000e+00
0.000000000000e+00
0.000000000000e+00
0.000000000000e+00
0.000000000000e+00
0.000000000000e+00
0.000000000000e+00
0.000000000000e+00
0.000000000000e+00
0.000000000000e+00
0.000000000000e+00
0.000000000000e+00
0.000000000000e+00
0.000000000000e+00
0.000000000000e+00
0.000000000000e+00
0.000000000000e+00
0.000000000000e+00
0.000000000000e+00
0.000000000000e+00
0.000000000000e+00
0.000000000000e+00
0.000000000000e+00
0.000000000000e+00
0.000000000000e+00
0.000000000000e+00
0.000000000000e+00
0.000000000000e+00
0.000000000000e+00
0.000000000000e+00
0.000000000000e+00
0.000000000000e+00
0.000000000000e+00
0.000000000000e+00
0.000000000000e+00
0.000000000000e+00
0.000000000000e+00
0.000000000000e+00
0.000000000000e+00
0.000000000000e+00
0.000000000000e+00
0.000000000000e+00
0.000000000000e+00
0.000000000000e+00
0.000000000000e+00
0.000000000000e+00
0.000000000000e+00
0.000000000000e+00
0.000000000000e+00
0.000000000000e+00
0.000000000000e+00
0.000000000000e+00
0.000000000000e+00
0.000000000000e+00
0.000000000000e+00
0.000000000000e+00
0.000000000000e+00
0.000000000000e+00
0.000000000000e+00
0.000000000000e+00
0.000000000000e+00
0.000000000000e+00
0.000000000000e+00
0.000000000000e+00
0.000000000000e+00
0.000000000000e+00
0.000000000000e+00
0.000000000000e+00
0.000000000000e+00
0.000000000000e+00
0.000000000000e+00
0.000000000000e+00
0.000000000000e+00
0.000000000000e+00
0.000000000000e+00
0.000000000000e+00
0.000000000000e+00
0.000000000000e+00
0.000000000000e+00
0.000000000000e+00
0.000000000000e+00
0.000000000000e+00
0.000000000000e+00
0.000000000000e+00
0.000000000000e+00
0.000000000000e+00
0.000000000000e+00
0.000000000000e+00
0.000000000000e+00
0.000000000000e+00
0.000000000000e+00
0.000000000000e+00
0.000000000000e+00
0.000000000000e+00
0.000000000000e+00
0.000000000000e+00
0.000000000000e+00
0.000000000000e+00
0.000000000000e+00
0.000000000000e+00
0.000000000000e+00
0.000000000000e+00
0.000000000000e+00
0.000000000000e+00
0.000000000000e+00
0.000000000000e+00
0.000000000000e+00
0.000000000000e+00
0.000000000000e+00
0.000000000000e+00
0.000000000000e+00
0.000000000000e+00
0.000000000000e+00
0.000000000000e+00
0.000000000000e+00
0.000000000000e+00
0.000000000000e+00
0.000000000000e+00
0.000000000000e+00
0.000000000000e+00
0.000000000000e+00
0.000000000000e+00
0.000000000000e+00
0.000000000000e+00
0.000000000000e+00
0.000000000000e+00
0.000000000000e+00
0.000000000000e+00
0.000000000000e+00
0.000000000000e+00
0.000000000000e+00
0.000000000000e+00
0.000000000000e+00
0.000000000000e+00
0.000000000000e+00
0.000000000000e+00
0.000000000000e+00
0.000000000000e+00
0.000000000000e+00
0.000000000000e+00
0.000000000000e+00
0.000000000000e+00
0.000000000000e+00
0.000000000000e+00
0.000000000000e+00
0.000000000000e+00
0.000000000000e+00
0.000000000000e+00
0.000000000000e+00
0.000000000000e+00
0.000000000000e+00
0.000000000000e+00
0.000000000000e+00
0.000000000000e+00
0.000000000000e+00
0.000000000000e+00
0.000000000000e+00
0.000000000000e+00
0.000000000000e+00
0.000000000000e+00
0.000000000000e+00
0.000000000000e+00
0.000000000000e+00
0.000000000000e+00
0.000000000000e+00
0.000000000000e+00
0.000000000000e+00
0.000000000000e+00
0.000000000000e+00
0.000000000000e+00
0.000000000000e+00
0.000000000000e+00
0.000000000000e+00
0.000000000000e+00
0.000000000000e+00
0.000000000000e+00
0.000000000000e+00
0.000000000000e+00
0.000000000000e+00
0.000000000000e+00
0.000000000000e+00
0.000000000000e+00
0.000000000000e+00
0.000000000000e+00
0.000000000000e+00
0.000000000000e+00
0.000000000000e+00
0.000000000000e+00
0.000000000000e+00
0.000000000000e+00
0.000000000000e+00
0.000000000000e+00
0.000000000000e+00
0.000000000000e+00
0.000000000000e+00
0.000000000000e+00
0.000000000000e+00
0.000000000000e+00
0.000000000000e+00
0.000000000000e+00
0.000000000000e+00
0.000000000000e+00
0.000000000000e+00
0.000000000000e+00
0.000000000000e+00
0.000000000000e+00
0.000000000000e+00
0.000000000000e+00
0.000000000000e+00
0.000000000000e+00
0.000000000000e+00
0.000000000000e+00
0.000000000000e+00
0.000000000000e+00
0.000000000000e+00
0.000000000000e+00
0.000000000000e+00
0.000000000000e+00
0.000000000000e+00
0.000000000000e+00
0.000000000000e+00
0.000000000000e+00
0.000000000000e+00
0.000000000000e+00
0.000000000000e+00
0.000000000000e+00
0.000000000000e+00
0.000000000000e+00
0.000000000000e+00
0.000000000000e+00
0.000000000000e+00
0.000000000000e+00
0.000000000000e+00
0.000000000000e+00
0.000000000000e+00
0.000000000000e+00
0.000000000000e+00
0.000000000000e+00
0.000000000000e+00
0.000000000000e+00
0.000000000000e+00
0.000000000000e+00
0.000000000000e+00
0.000000000000e+00
0.000000000000e+00
0.000000000000e+00
0.000000000000e+00
0.000000000000e+00
0.000000000000e+00
0.000000000000e+00
0.000000000000e+00
0.000000000000e+00
0.000000000000e+00
0.000000000000e+00
0.000000000000e+00
0.000000000000e+00
0.000000000000e+00
0.000000000000e+00
0.000000000000e+00
0.000000000000e+00
0.000000000000e+00
0.000000000000e+00
0.000000000000e+00
0.000000000000e+00
0.000000000000e+00
0.000000000000e+00
0.000000000000e+00
0.000000000000e+00
0.000000000000e+00
0.000000000000e+00
0.000000000000e+00
0.000000000000e+00
0.000000000000e+00
0.000000000000e+00
0.000000000000e+00
0.000000000000e+00
0.000000000000e+00
0.000000000000e+00
0.000000000000e+00
0.000000000000e+00
0.000000000000e+00
0.000000000000e+00
0.000000000000e+00
0.000000000000e+00
0.000000000000e+00
0.000000000000e+00
0.000000000000e+00
0.000000000000e+00
0.000000000000e+00
0.000000000000e+00
0.000000000000e+00
0.000000000000e+00
0.000000000000e+00
0.000000000000e+00
0.000000000000e+00
0.000000000000e+00
0.000000000000e+00
0.000000000000e+00
0.000000000000e+00
0.000000000000e+00
0.000000000000e+00
0.000000000000e+00
0.000000000000e+00
0.000000000000e+00
0.000000000000e+00
0.000000000000e+00
0.000000000000e+00
0.000000000000e+00
0.000000000000e+00
0.000000000000e+00
0.000000000000e+00
0.000000000000e+00
0.000000000000e+00
0.000000000000e+00
0.000000000000e+00
0.000000000000e+00
0.000000000000e+00
0.000000000000e+00
0.000000000000e+00
0.000000000000e+00
0.000000000000e+00
0.000000000000e+00
0.000000000000e+00
0.000000000000e+00
0.000000000000e+00
0.000000000000e+00
0.000000000000e+00
0.000000000000e+00
0.000000000000e+00
0.000000000000e+00
0.000000000000e+00
0.000000000000e+00
0.000000000000e+00
0.000000000000e+00
0.000000000000e+00
0.000000000000e+00
0.000000000000e+00
0.000000000000e+00
0.000000000000e+00
0.000000000000e+00
0.000000000000e+00
0.000000000000e+00
0.000000000000e+00
0.000000000000e+00
0.000000000000e+00
0.000000000000e+00
0.000000000000e+00
0.000000000000e+00
0.000000000000e+00
0.000000000000e+00
0.000000000000e+00
0.000000000000e+00
0.000000000000e+00
0.000000000000e+00
0.000000000000e+00
0.000000000000e+00
0.000000000000e+00
0.000000000000e+00
0.000000000000e+00
0.000000000000e+00
0.000000000000e+00
0.000000000000e+00
0.000000000000e+00
0.000000000000e+00
0.000000000000e+00
0.000000000000e+00
0.000000000000e+00
0.000000000000e+00
0.000000000000e+00
0.000000000000e+00
0.000000000000e+00
0.000000000000e+00
0.000000000000e+00
0.000000000000e+00
0.000000000000e+00
0.000000000000e+00
0.000000000000e+00
0.000000000000e+00
0.000000000000e+00
0.000000000000e+00
0.000000000000e+00
0.000000000000e+00
0.000000000000e+00
0.000000000000e+00
0.000000000000e+00
0.000000000000e+00
0.000000000000e+00
0.000000000000e+00
0.000000000000e+00
0.000000000000e+00
0.000000000000e+00
0.000000000000e+00
0.000000000000e+00
0.000000000000e+00
0.000000000000e+00
0.000000000000e+00
0.000000000000e+00
0.000000000000e+00
0.000000000000e+00
0.000000000000e+00
0.000000000000e+00
0.000000000000e+00
0.000000000000e+00
0.000000000000e+00
0.000000000000e+00
0.000000000000e+00
0.000000000000e+00
0.000000000000e+00
0.000000000000e+00
0.000000000000e+00
0.000000000000e+00
0.000000000000e+00
0.000000000000e+00
0.000000000000e+00
0.000000000000e+00
0.000000000000e+00
0.000000000000e+00
0.000000000000e+00
0.000000000000e+00
0.000000000000e+00
0.000000000000e+00
0.000000000000e+00
0.000000000000e+00
0.000000000000e+00
0.000000000000e+00
0.000000000000e+00
0.000000000000e+00
0.000000000000e+00
0.000000000000e+00
0.000000000000e+00
0.000000000000e+00
0.000000000000e+00
0.000000000000e+00
0.000000000000e+00
0.000000000000e+00
0.000000000000e+00
0.000000000000e+00
0.000000000000e+00
0.000000000000e+00
0.000000000000e+00
0.000000000000e+00
0.000000000000e+00
0.000000000000e+00
0.000000000000e+00
0.000000000000e+00
0.000000000000e+00
0.000000000000e+00
0.000000000000e+00
0.000000000000e+00
0.000000000000e+00
0.000000000000e+00
0.000000000000e+00
0.000000000000e+00
0.000000000000e+00
0.000000000000e+00
0.000000000000e+00
0.000000000000e+00
0.000000000000e+00
0.000000000000e+00
0.000000000000e+00
0.000000000000e+00
0.000000000000e+00
0.000000000000e+00
0.000000000000e+00
0.000000000000e+00
0.000000000000e+00
0.000000000000e+00
0.000000000000e+00
0.000000000000e+00
0.000000000000e+00
0.000000000000e+00
0.000000000000e+00
0.000000000000e+00
0.000000000000e+00
0.000000000000e+00
0.000000000000e+00
0.000000000000e+00
0.000000000000e+00
0.000000000000e+00
0.000000000000e+00
0.000000000000e+00
0.000000000000e+00
0.000000000000e+00
0.000000000000e+00
0.000000000000e+00
0.000000000000e+00
0.000000000000e+00
0.000000000000e+00
0.000000000000e+00
0.000000000000e+00
0.000000000000e+00
0.000000000000e+00
0.000000000000e+00
0.000000000000e+00
0.000000000000e+00
0.000000000000e+00
0.000000000000e+00
0.000000000000e+00
0.000000000000e+00
0.000000000000e+00
0.000000000000e+00
0.000000000000e+00
0.000000000000e+00
0.000000000000e+00
0.000000000000e+00
0.000000000000e+00
0.000000000000e+00
0.000000000000e+00
0.000000000000e+00
0.000000000000e+00
0.000000000000e+00
0.000000000000e+00
0.000000000000e+00
0.000000000000e+00
0.000000000000e+00
0.000000000000e+00
0.000000000000e+00
0.000000000000e+00
0.000000000000e+00
0.000000000000e+00
0.000000000000e+00
0.000000000000e+00
0.000000000000e+00
0.000000000000e+00
0.000000000000e+00
0.000000000000e+00
0.000000000000e+00
0.000000000000e+00
0.000000000000e+00
0.000000000000e+00
0.000000000000e+00
0.000000000000e+00
0.000000000000e+00
0.000000000000e+00
0.000000000000e+00
0.000000000000e+00
0.000000000000e+00
0.000000000000e+00
0.000000000000e+00
0.000000000000e+00
0.000000000000e+00
0.000000000000e+00
0.000000000000e+00
0.000000000000e+00
0.000000000000e+00
0.000000000000e+00
0.000000000000e+00
0.000000000000e+00
0.000000000000e+00
0.000000000000e+00
0.000000000000e+00
0.000000000000e+00
0.000000000000e+00
0.000000000000e+00
0.000000000000e+00
0.000000000000e+00
0.000000000000e+00
0.000000000000e+00
0.000000000000e+00
0.000000000000e+00
0.000000000000e+00
0.000000000000e+00
0.000000000000e+00
0.000000000000e+00
0.000000000000e+00
0.000000000000e+00
0.000000000000e+00
0.000000000000e+00
0.000000000000e+00
0.000000000000e+00
0.000000000000e+00
0.000000000000e+00
0.000000000000e+00
0.000000000000e+00
0.000000000000e+00
0.000000000000e+00
0.000000000000e+00
0.000000000000e+00
0.000000000000e+00
0.000000000000e+00
0.000000000000e+00
0.000000000000e+00
0.000000000000e+00
0.000000000000e+00
0.000000000000e+00
0.000000000000e+00
0.000000000000e+00
0.000000000000e+00
0.000000000000e+00
0.000000000000e+00
0.000000000000e+00
0.000000000000e+00
0.000000000000e+00
0.000000000000e+00
0.000000000000e+00
0.000000000000e+00
0.000000000000e+00
0.000000000000e+00
0.000000000000e+00
0.000000000000e+00
0.000000000000e+00
0.000000000000e+00
0.000000000000e+00
0.000000000000e+00
0.000000000000e+00
0.000000000000e+00
0.000000000000e+00
0.000000000000e+00
0.000000000000e+00
0.000000000000e+00
0.000000000000e+00
0.000000000000e+00
0.000000000000e+00
0.000000000000e+00
0.000000000000e+00
0.000000000000e+00
0.000000000000e+00
0.000000000000e+00
0.000000000000e+00
0.000000000000e+00
0.000000000000e+00
0.000000000000e+00
0.000000000000e+00
0.000000000000e+00
0.000000000000e+00
0.000000000000e+00
0.000000000000e+00
0.000000000000e+00
0.000000000000e+00
0.000000000000e+00
0.000000000000e+00
0.000000000000e+00
0.000000000000e+00
0.000000000000e+00
0.000000000000e+00
0.000000000000e+00
0.000000000000e+00
0.000000000000e+00
0.000000000000e+00
0.000000000000e+00
0.000000000000e+00
0.000000000000e+00
0.000000000000e+00
0.000000000000e+00
0.000000000000e+00
0.000000000000e+00
0.000000000000e+00
0.000000000000e+00
0.000000000000e+00
0.000000000000e+00
0.000000000000e+00
0.000000000000e+00
0.000000000000e+00
0.000000000000e+00
0.000000000000e+00
0.000000000000e+00
0.000000000000e+00
0.000000000000e+00
0.000000000000e+00
0.000000000000e+00
0.000000000000e+00
0.000000000000e+00
0.000000000000e+00
0.000000000000e+00
0.000000000000e+00
0.000000000000e+00
0.000000000000e+00
0.000000000000e+00
0.000000000000e+00
0.000000000000e+00
0.000000000000e+00
0.000000000000e+00
0.000000000000e+00
0.000000000000e+00
0.000000000000e+00
0.000000000000e+00
0.000000000000e+00
0.000000000000e+00
0.000000000000e+00
0.000000000000e+00
0.000000000000e+00
0.000000000000e+00
0.000000000000e+00
0.000000000000e+00
0.000000000000e+00
0.000000000000e+00
0.000000000000e+00
0.000000000000e+00
0.000000000000e+00
0.000000000000e+00
0.000000000000e+00
0.000000000000e+00
0.000000000000e+00
0.000000000000e+00
0.000000000000e+00
0.000000000000e+00
0.000000000000e+00
0.000000000000e+00
0.000000000000e+00
0.000000000000e+00
0.000000000000e+00
0.000000000000e+00
0.000000000000e+00
0.000000000000e+00
0.000000000000e+00
0.000000000000e+00
0.000000000000e+00
0.000000000000e+00
0.000000000000e+00
0.000000000000e+00
0.000000000000e+00
0.000000000000e+00
0.000000000000e+00
0.000000000000e+00
0.000000000000e+00
0.000000000000e+00
0.000000000000e+00
0.000000000000e+00
0.000000000000e+00
0.000000000000e+00
0.000000000000e+00
0.000000000000e+00
0.000000000000e+00
0.000000000000e+00
0.000000000000e+00
0.000000000000e+00
0.000000000000e+00
0.000000000000e+00
0.000000000000e+00
0.000000000000e+00
0.000000000000e+00
0.000000000000e+00
0.000000000000e+00
0.000000000000e+00
0.000000000000e+00
0.000000000000e+00
0.000000000000e+00
0.000000000000e+00
0.000000000000e+00
0.000000000000e+00
0.000000000000e+00
0.000000000000e+00
0.000000000000e+00
0.000000000000e+00
0.000000000000e+00
0.000000000000e+00
0.000000000000e+00
0.000000000000e+00
0.000000000000e+00
0.000000000000e+00
0.000000000000e+00
0.000000000000e+00
0.000000000000e+00
0.000000000000e+00
0.000000000000e+00
0.000000000000e+00
0.000000000000e+00
0.000000000000e+00
0.000000000000e+00
0.000000000000e+00
0.000000000000e+00
0.000000000000e+00
0.000000000000e+00
0.000000000000e+00
0.000000000000e+00
0.000000000000e+00
0.000000000000e+00
0.000000000000e+00
0.000000000000e+00
0.000000000000e+00
0.000000000000e+00
0.000000000000e+00
0.000000000000e+00
0.000000000000e+00
0.000000000000e+00
0.000000000000e+00
0.000000000000e+00
0.000000000000e+00
0.000000000000e+00
0.000000000000e+00
0.000000000000e+00
0.000000000000e+00
0.000000000000e+00
0.000000000000e+00
0.000000000000e+00
0.000000000000e+00
0.000000000000e+00
0.000000000000e+00
0.000000000000e+00
0.000000000000e+00
0.000000000000e+00
0.000000000000e+00
0.000000000000e+00
0.000000000000e+00
0.000000000000e+00
0.000000000000e+00
0.000000000000e+00
0.000000000000e+00
0.000000000000e+00
0.000000000000e+00
0.000000000000e+00
0.000000000000e+00
0.000000000000e+00
0.000000000000e+00
0.000000000000e+00
0.000000000000e+00
0.000000000000e+00
0.000000000000e+00
0.000000000000e+00
0.000000000000e+00
0.000000000000e+00
0.000000000000e+00
0.000000000000e+00
0.000000000000e+00
0.000000000000e+00
0.000000000000e+00
0.000000000000e+00
0.000000000000e+00
0.000000000000e+00
0.000000000000e+00
0.000000000000e+00
0.000000000000e+00
0.000000000000e+00
0.000000000000e+00
0.000000000000e+00
0.000000000000e+00
0.000000000000e+00
0.000000000000e+00
0.000000000000e+00
0.000000000000e+00
0.000000000000e+00
0.000000000000e+00
0.000000000000e+00
0.000000000000e+00
0.000000000000e+00
0.000000000000e+00
0.000000000000e+00
0.000000000000e+00
0.000000000000e+00
0.000000000000e+00
0.000000000000e+00
0.000000000000e+00
0.000000000000e+00
0.000000000000e+00
0.000000000000e+00
0.000000000000e+00
0.000000000000e+00
0.000000000000e+00
0.000000000000e+00
0.000000000000e+00
0.000000000000e+00
0.000000000000e+00
0.000000000000e+00
0.000000000000e+00
0.000000000000e+00
0.000000000000e+00
0.000000000000e+00
0.000000000000e+00
0.000000000000e+00
0.000000000000e+00
0.000000000000e+00
0.000000000000e+00
0.000000000000e+00
0.000000000000e+00
0.000000000000e+00
0.000000000000e+00
0.000000000000e+00
0.000000000000e+00
0.000000000000e+00
0.000000000000e+00
0.000000000000e+00
0.000000000000e+00
0.000000000000e+00
0.000000000000e+00
0.000000000000e+00
0.000000000000e+00
0.000000000000e+00
0.000000000000e+00
0.000000000000e+00
0.000000000000e+00
0.000000000000e+00
0.000000000000e+00
0.000000000000e+00
0.000000000000e+00
0.000000000000e+00
0.000000000000e+00
0.000000000000e+00
0.000000000000e+00
0.000000000000e+00
0.000000000000e+00
0.000000000000e+00
0.000000000000e+00
0.000000000000e+00
0.000000000000e+00
0.000000000000e+00
0.000000000000e+00
0.000000000000e+00
0.000000000000e+00
0.000000000000e+00
0.000000000000e+00
0.000000000000e+00
0.000000000000e+00
0.000000000000e+00
0.000000000000e+00
0.000000000000e+00
0.000000000000e+00
0.000000000000e+00
0.000000000000e+00
0.000000000000e+00
0.000000000000e+00
0.000000000000e+00
0.000000000000e+00
0.000000000000e+00
0.000000000000e+00
0.000000000000e+00
0.000000000000e+00
0.000000000000e+00
0.000000000000e+00
0.000000000000e+00
0.000000000000e+00
0.000000000000e+00
0.000000000000e+00
0.000000000000e+00
0.000000000000e+00
0.000000000000e+00
0.000000000000e+00
0.000000000000e+00
0.000000000000e+00
0.000000000000e+00
0.000000000000e+00
0.000000000000e+00
0.000000000000e+00
0.000000000000e+00
0.000000000000e+00
0.000000000000e+00
0.000000000000e+00
0.000000000000e+00
0.000000000000e+00
0.000000000000e+00
0.000000000000e+00
0.000000000000e+00
0.000000000000e+00
0.000000000000e+00
0.000000000000e+00
0.000000000000e+00
0.000000000000e+00
0.000000000000e+00
0.000000000000e+00
0.000000000000e+00
0.000000000000e+00
0.000000000000e+00
0.000000000000e+00
0.000000000000e+00
0.000000000000e+00
0.000000000000e+00
0.000000000000e+00
0.000000000000e+00
0.000000000000e+00
0.000000000000e+00
0.000000000000e+00
0.000000000000e+00
0.000000000000e+00
0.000000000000e+00
0.000000000000e+00
0.000000000000e+00
0.000000000000e+00
0.000000000000e+00
0.000000000000e+00
0.000000000000e+00
0.000000000000e+00
0.000000000000e+00
0.000000000000e+00
0.000000000000e+00
0.000000000000e+00
0.000000000000e+00
0.000000000000e+00
0.000000000000e+00
0.000000000000e+00
0.000000000000e+00
0.000000000000e+00
0.000000000000e+00
0.000000000000e+00
0.000000000000e+00
0.000000000000e+00
0.000000000000e+00
0.000000000000e+00
0.000000000000e+00
0.000000000000e+00
0.000000000000e+00
0.000000000000e+00
0.000000000000e+00
0.000000000000e+00
0.000000000000e+00
0.000000000000e+00
0.000000000000e+00
0.000000000000e+00
0.000000000000e+00
0.000000000000e+00
0.000000000000e+00
0.000000000000e+00
0.000000000000e+00
0.000000000000e+00
0.000000000000e+00
0.000000000000e+00
0.000000000000e+00
0.000000000000e+00
0.000000000000e+00
0.000000000000e+00
0.000000000000e+00
0.000000000000e+00
0.000000000000e+00
0.000000000000e+00
0.000000000000e+00
0.000000000000e+00
0.000000000000e+00
0.000000000000e+00
0.000000000000e+00
0.000000000000e+00
0.000000000000e+00
0.000000000000e+00
0.000000000000e+00
0.000000000000e+00
0.000000000000e+00
0.000000000000e+00
0.000000000000e+00
0.000000000000e+00
0.000000000000e+00
0.000000000000e+00
0.000000000000e+00
0.000000000000e+00
0.000000000000e+00
0.000000000000e+00
0.000000000000e+00
0.000000000000e+00
0.000000000000e+00
0.000000000000e+00
0.000000000000e+00
0.000000000000e+00
0.000000000000e+00
0.000000000000e+00
0.000000000000e+00
0.000000000000e+00
0.000000000000e+00
0.000000000000e+00
0.000000000000e+00
0.000000000000e+00
0.000000000000e+00
0.000000000000e+00
0.000000000000e+00
0.000000000000e+00
0.000000000000e+00
0.000000000000e+00
0.000000000000e+00
0.000000000000e+00
0.000000000000e+00
0.000000000000e+00
0.000000000000e+00
0.000000000000e+00
0.000000000000e+00
0.000000000000e+00
0.000000000000e+00
0.000000000000e+00
0.000000000000e+00
0.000000000000e+00
0.000000000000e+00
0.000000000000e+00
0.000000000000e+00
0.000000000000e+00
0.000000000000e+00
0.000000000000e+00
0.000000000000e+00
0.000000000000e+00
0.000000000000e+00
0.000000000000e+00
0.000000000000e+00
0.000000000000e+00
0.000000000000e+00
0.000000000000e+00
0.000000000000e+00
0.000000000000e+00
0.000000000000e+00
0.000000000000e+00
0.000000000000e+00
0.000000000000e+00
0.000000000000e+00
0.000000000000e+00
0.000000000000e+00
0.000000000000e+00
0.000000000000e+00
0.000000000000e+00
0.000000000000e+00
0.000000000000e+00
0.000000000000e+00
0.000000000000e+00
0.000000000000e+00
0.000000000000e+00
0.000000000000e+00
0.000000000000e+00
0.000000000000e+00
0.000000000000e+00
0.000000000000e+00
0.000000000000e+00
0.000000000000e+00
0.000000000000e+00
0.000000000000e+00
0.000000000000e+00
0.000000000000e+00
0.000000000000e+00
0.000000000000e+00
0.000000000000e+00
0.000000000000e+00
0.000000000000e+00
0.000000000000e+00
0.000000000000e+00
0.000000000000e+00
0.000000000000e+00
0.000000000000e+00
0.000000000000e+00
0.000000000000e+00
0.000000000000e+00
0.000000000000e+00
0.000000000000e+00
0.000000000000e+00
0.000000000000e+00
0.000000000000e+00
0.000000000000e+00
0.000000000000e+00
0.000000000000e+00
0.000000000000e+00
0.000000000000e+00
0.000000000000e+00
0.000000000000e+00
0.000000000000e+00
0.000000000000e+00
0.000000000000e+00
0.000000000000e+00
0.000000000000e+00
0.000000000000e+00
0.000000000000e+00
0.000000000000e+00
0.000000000000e+00
0.000000000000e+00
0.000000000000e+00
0.000000000000e+00
0.000000000000e+00
0.000000000000e+00
0.000000000000e+00
0.000000000000e+00
0.000000000000e+00
0.000000000000e+00
0.000000000000e+00
0.000000000000e+00
0.000000000000e+00
0.000000000000e+00
0.000000000000e+00
0.000000000000e+00
0.000000000000e+00
0.000000000000e+00
0.000000000000e+00
0.000000000000e+00
0.000000000000e+00
0.000000000000e+00
0.000000000000e+00
0.000000000000e+00
0.000000000000e+00
0.000000000000e+00
0.000000000000e+00
0.000000000000e+00
0.000000000000e+00
0.000000000000e+00
0.000000000000e+00
0.000000000000e+00
0.000000000000e+00
0.000000000000e+00
0.000000000000e+00
0.000000000000e+00
0.000000000000e+00
0.000000000000e+00
0.000000000000e+00
0.000000000000e+00
0.000000000000e+00
0.000000000000e+00
0.000000000000e+00
0.000000000000e+00
0.000000000000e+00
0.000000000000e+00
0.000000000000e+00
0.000000000000e+00
0.000000000000e+00
0.000000000000e+00
0.000000000000e+00
0.000000000000e+00
0.000000000000e+00
0.000000000000e+00
0.000000000000e+00
0.000000000000e+00
0.000000000000e+00
0.000000000000e+00
0.000000000000e+00
0.000000000000e+00
0.000000000000e+00
0.000000000000e+00
0.000000000000e+00
0.000000000000e+00
0.000000000000e+00
0.000000000000e+00
0.000000000000e+00
0.000000000000e+00
0.000000000000e+00
0.000000000000e+00
0.000000000000e+00
0.000000000000e+00
0.000000000000e+00
0.000000000000e+00
0.000000000000e+00
0.000000000000e+00
0.000000000000e+00
0.000000000000e+00
0.000000000000e+00
0.000000000000e+00
0.000000000000e+00
0.000000000000e+00
0.000000000000e+00
0.000000000000e+00
0.000000000000e+00
0.000000000000e+00
0.000000000000e+00
0.000000000000e+00
0.000000000000e+00
0.000000000000e+00
0.000000000000e+00
0.000000000000e+00
0.000000000000e+00
0.000000000000e+00
0.000000000000e+00
0.000000000000e+00
0.000000000000e+00
0.000000000000e+00
0.000000000000e+00
0.000000000000e+00
0.000000000000e+00
0.000000000000e+00
0.000000000000e+00
0.000000000000e+00
0.000000000000e+00
-7.461883647734e-02
9.215921689935e-02
8.243553447420e-04
3.133595408419e-02
3.381807083702e-02
5.813907529702e-02
-6.512235140462e-03
-2.600446580786e-03
-9.197653085093e-03
-7.662162326692e-03
-1.299521119866e-02
-6.329587094972e-03
-5.489333065225e-03
-9.182772029680e-03
-1.465478548811e-02
-1.331196600746e-02
-6.807081537624e-03
-9.800481785058e-03
-1.084577610258e-02
-1.004309947656e-02
-1.128319927961e-02
-1.568294705288e-02
-9.047816451779e-03
-1.516991872233e-02
-1.460379535925e-02
-1.030071246647e-02
-7.292534954390e-03
-4.403194410830e-03
-5.568251722691e-03
-6.714897991474e-03
-5.864486174992e-03
-6.193032343921e-03
-8.334994909748e-03
-7.727146210697e-03
-7.887188998513e-03
-5.931861002819e-03
-7.395105631315e-03
-7.237171386127e-03
-1.081409065324e-02
-1.037784295687e-02
-8.596639513662e-03
-1.173772047167e-02
-7.996489539216e-03
-1.166239367665e-02
-1.443764309665e-02
-8.358944708628e-03
-7.318580044745e-03
-6.812398460676e-03
-6.254341460366e-03
-2.683398699546e-03
-2.629365431611e-03
-5.905974716831e-03
-8.038592197083e-03
-6.702602136905e-03
-4.752364897079e-03
-7.856064303172e-03
-6.505984847745e-03
-9.254984967615e-03
-1.514311100564e-02
-1.073323986086e-02
-1.197727710782e-02
-7.169466714964e-03
-6.022376766396e-03
-9.065025341633e-03
-6.930297589983e-03
-9.046922735976e-03
-5.063998620266e-03
-5.735852787089e-03
-7.857092799746e-03
-8.345057613148e-03
-7.842379615358e-03
-6.639923411541e-03
-4.724075568299e-03
-7.506512652743e-03
-6.359738766742e-03
-1.647144890605e-02
-5.425356633658e-03
-7.489966763757e-03
-1.668978494655e-02
-1.273101441603e-02
-1.308288711041e-02
-9.536568285705e-03
-1.308202704605e-02
-1.108787328167e-02
-8.027051864920e-03
-1.790562440763e-03
-4.052060027310e-05
-8.167144791634e-03
-2.433091746317e-03
-8.816418804471e-03
-5.881480053375e-03
-4.630645264648e-03
-1.114777738596e-02
-9.391850776253e-03
-9.914656841374e-03
-1.250598702565e-02
-9.606134549993e-03
-1.096143066713e-02
-9.766381290135e-03
-6.944378059502e-03
-9.659257172215e-03
-1.233309298933e-02
-8.036546765751e-03
-8.576457830870e-03
-4.822457429433e-03
-1.161934594530e-02
-9.368893802055e-03
-8.718758599741e-03
-1.346842185303e-02
-6.421535381201e-03
-8.865436914967e-03
-1.013441186428e-02
-3.153477111494e-03
-1.571481156771e-02
-8.843678139405e-03
-8.881367217863e-03
-1.445040516200e-02
-7.973813203137e-03
-1.225254190179e-02
-1.268111066647e-02
-7.848962681824e-03
-1.065038651521e-02
-7.224866045981e-03
-8.828927604284e-03
-1.139433653542e-02
-1.342241525739e-02
-1.615232036247e-02
-7.781975481582e-03
-1.563449761476e-02
-1.131634342501e-02
-7.825550741590e-03
-5.502747013892e-03
-9.482076749878e-03
-8.049331913831e-03
-1.005344339606e-02
-1.244675191825e-02
-1.528033811095e-03
-9.944035469214e-03
-1.303660138652e-02
-1.268792802853e-02
-1.662512805381e-02
-8.037903362463e-03
-1.461873511050e-02
-1.301003709162e-02
-4.022754580517e-03
-1.918546200785e-02
-1.428435138199e-02
-6.631431148860e-03
-1.141879458230e-02
-5.058935934692e-03
-1.223702945811e-02
-9.790459005034e-03
-1.196891332095e-02
-1.871120661295e-02
-1.454875638084e-02
-2.244648173547e-02
-1.616399741312e-02
-1.518598048992e-02
-8.256523325000e-03
-8.986190243729e-03
-3.959842542034e-03
-9.828177903455e-03
-7.833098065488e-03
-1.449510945467e-02
-7.809653642748e-03
-1.519602655418e-02
-9.157882900377e-03
-1.642403505602e-02
-1.493913404474e-02
-8.372555316910e-03
-9.693407913711e-03
-8.845004157325e-03
-3.003872120110e-03
-9.348441091926e-03
-1.202734996311e-02
-5.363502642881e-03
-1.247584211012e-02
-6.321304730233e-03
-1.330887182878e-02
-1.131776031321e-02
-7.346242492697e-03
-1.225252082555e-02
-7.409595593241e-03
-8.921124421316e-03
-9.209753334058e-03
-1.361642824520e-02
-1.598200100704e-02
-1.538920035528e-02
-1.724023986240e-02
-1.247154151638e-02
-7.436710320428e-03
-8.644821016967e-03
-1.484623395769e-02
-5.419611369010e-03
-1.092900827490e-02
-1.620697596595e-02
-6.749346600074e-03
-2.251955584739e-02
-9.266049513521e-03
-1.384437635246e-03
-1.317730771681e-02
-9.697920244240e-03
-1.200683017278e-02
-2.224434951456e-02
-1.271190111503e-02
-2.271040441450e-02
-1.563541206894e-02
-1.164736495061e-02
-1.302970529478e-02
-1.627202242370e-02
-1.962817584540e-02
-5.819748711646e-03
-2.247938659238e-02
-1.743841433271e-02
-9.407027364335e-03
-1.773103018845e-02
-1.698274371158e-02
-2.084943526996e-02
-2.366849026990e-02
-2.018129279545e-02
-1.260567393043e-02
-1.416169056102e-02
-1.929840878803e-02
-1.922540765576e-02
-1.817326703053e-02
-2.756105076483e-02
-2.011159131661e-02
-2.078132955319e-02
-1.502129224825e-02
-1.427653802359e-02
-1.472762239686e-02
-1.766072907134e-02
-1.872257305152e-02
-2.538652990289e-02
-1.615954279343e-02
-1.359489877192e-02
-1.476414149195e-02
