9.990000000000e-01
9.989974222810e-01
9.990008892168e-01
9.989996272484e-01
9.990000363020e-01
9.990001764245e-01
9.990000888831e-01
9.990000355348e-01
9.990000249536e-01
9.990000159190e-01
9.990000145434e-01
9.990000140997e-01
9.989999777119e-01
9.989999592663e-01
9.989999610139e-01
9.989999478349e-01
9.989999424670e-01
9.989999384448e-01
9.989999403996e-01
9.989999407441e-01
9.989999587185e-01
9.989999710417e-01
9.989999824602e-01
9.989999965796e-01
9.989999905704e-01
9.989999945090e-01
9.989999936068e-01
9.989999858178e-01
9.989999866469e-01
9.989999940745e-01
9.989999951216e-01
9.989999935748e-01
9.989999871101e-01
9.990000064218e-01
9.990000155656e-01
9.990000090606e-01
9.990000084969e-01
9.990000078744e-01
9.990000117524e-01
9.990000156702e-01
9.990000266798e-01
9.990000352964e-01
9.990000318008e-01
9.990000365158e-01
9.990000405410e-01
9.990000531017e-01
9.990000545694e-01
9.990000537309e-01
9.990000448275e-01
9.990000408550e-01
9.990000405195e-01
9.990000420880e-01
9.990000416374e-01
9.990000418054e-01
9.990000483679e-01
9.990000471792e-01
9.990000470143e-01
9.990000486410e-01
9.990000484866e-01
9.990000489084e-01
9.990000466956e-01
9.990000478007e-01
9.990000545826e-01
9.990000585025e-01
9.990000544057e-01
9.990000489401e-01
9.990000493068e-01
9.990000511982e-01
9.990000533862e-01
9.990000577398e-01
9.990000559842e-01
9.990000568036e-01
9.990000554657e-01
9.990000522153e-01
9.990000470638e-01
9.990000448184e-01
9.990000433895e-01
9.990000370658e-01
9.990000330197e-01
9.990000346667e-01
9.990000277186e-01
9.990000273965e-01
9.990000235395e-01
9.990000220903e-01
9.990000277138e-01
9.990000295553e-01
9.990000264303e-01
9.990000221607e-01
9.990000191531e-01
9.990000105832e-01
9.990000050789e-01
9.990000033344e-01
9.990000034984e-01
9.990000031058e-01
9.989999991138e-01
9.990000009030e-01
9.990000026417e-01
9.990000005051e-01
9.990000012231e-01
9.990000046895e-01
9.989999996171e-01
9.989999903704e-01
9.989999814812e-01
9.989999817414e-01
9.989999842049e-01
9.989999890539e-01
9.989999856171e-01
9.989999823282e-01
9.989999834465e-01
9.989999807233e-01
9.989999779820e-01
9.989999814270e-01
9.989999771813e-01
9.989999750717e-01
9.989999736154e-01
9.989999694923e-01
9.989999684294e-01
9.989999880008e-01
9.989999864702e-01
9.989999859701e-01
9.989999823392e-01
9.989999817103e-01
9.989999815170e-01
9.989999836861e-01
9.989999860660e-01
9.989999820732e-01
9.989999871553e-01
9.989999858564e-01
9.989999832947e-01
9.989999890717e-01
9.989999868455e-01
9.989999858007e-01
9.989999879172e-01
9.989999896382e-01
9.989999911742e-01
9.989999874638e-01
9.989999821868e-01
9.989999845097e-01
9.989999931365e-01
9.990000011487e-01
9.990000007192e-01
9.989999926319e-01
9.989999858577e-01
9.989999915780e-01
9.989999895051e-01
9.989999886964e-01
9.989999870060e-01
9.989999820965e-01
9.989999933188e-01
9.989999970704e-01
9.989999950014e-01
9.989999934868e-01
9.989999876222e-01
9.989999826669e-01
9.989999839432e-01
9.989999866717e-01
9.989999807813e-01
9.989999720881e-01
9.989999622918e-01
9.989999573423e-01
9.989999610131e-01
9.989999645078e-01
9.989999634874e-01
9.989999575986e-01
9.989999442561e-01
9.989999324494e-01
9.989999374087e-01
9.989999413800e-01
9.989999368855e-01
9.989999353895e-01
9.989999412056e-01
9.989999438955e-01
9.989999350552e-01
9.989999297778e-01
9.989999271319e-01
9.989999246678e-01
9.989999222182e-01
9.989999160901e-01
9.989999139778e-01
9.989999125930e-01
9.989999120602e-01
9.989999009889e-01
9.989998922165e-01
9.989998911396e-01
9.989998895831e-01
9.989998796675e-01
9.989998704436e-01
9.989998640553e-01
9.989998603492e-01
9.989998518685e-01
9.989998463684e-01
9.989998382615e-01
9.989998324254e-01
9.989998248806e-01
9.989998225453e-01
9.989998171549e-01
9.989998128395e-01
9.989998169951e-01
9.989998119130e-01
9.989998029511e-01
9.989997996128e-01
9.989997969123e-01
9.989997974573e-01
9.989997993919e-01
9.989998119605e-01
9.989998218944e-01
9.989998149904e-01
9.989998156046e-01
9.989998179841e-01
9.989998237419e-01
9.989998286259e-01
9.989998317207e-01
9.989998256770e-01
9.989998287354e-01
9.989998371490e-01
9.989998355495e-01
9.989998364495e-01
9.989998327460e-01
9.989998392786e-01
9.989998334327e-01
9.989998346637e-01
9.989998380494e-01
9.989998417578e-01
9.989998451580e-01
9.989998501214e-01
9.989998575240e-01
9.989998633626e-01
9.989998662033e-01
9.989998608974e-01
9.989998609380e-01
9.989998623537e-01
9.989998646164e-01
9.989998671174e-01
9.989998727717e-01
9.989998814656e-01
9.989998781989e-01
9.989998835584e-01
9.989998890115e-01
9.989998983387e-01
9.989999091760e-01
9.989999169574e-01
9.989999287265e-01
9.989999374949e-01
9.989999408058e-01
9.989999438982e-01
9.989999490673e-01
9.989999517129e-01
9.989999596069e-01
9.989999752214e-01
9.989999866622e-01
9.989999879751e-01
9.989999874597e-01
9.989999875956e-01
9.989999857816e-01
9.989999904887e-01
9.989999943968e-01
9.989999944319e-01
9.989999898027e-01
9.989999912176e-01
9.989999963954e-01
9.990000012997e-01
9.990000000403e-01
9.989999939399e-01
9.989999941588e-01
9.989999989212e-01
9.990000014514e-01
9.989999972958e-01
9.989999963133e-01
9.989999977826e-01
9.989999931651e-01
9.989999913510e-01
9.989999912747e-01
9.989999899552e-01
9.989999834202e-01
9.989999805726e-01
9.989999792256e-01
9.989999804464e-01
9.989999819626e-01
9.989999852507e-01
9.989999893290e-01
9.989999879329e-01
9.989999885059e-01
9.989999861443e-01
9.989999810047e-01
9.989999859047e-01
9.989999857557e-01
9.989999823789e-01
9.989999847652e-01
9.989999903564e-01
9.989999931866e-01
9.989999943207e-01
9.989999931187e-01
9.989999924221e-01
9.989999959956e-01
9.989999946514e-01
9.989999926081e-01
9.989999906108e-01
9.989999951579e-01
9.989999941931e-01
9.989999959136e-01
9.989999988061e-01
9.989999992071e-01
9.990000025348e-01
9.989999938777e-01
9.989999854225e-01
9.989999834553e-01
9.989999890447e-01
9.989999911629e-01
9.989999962804e-01
9.990000005538e-01
9.990000050655e-01
9.990000049475e-01
9.990000037560e-01
9.990000097252e-01
9.990000107834e-01
9.990000154878e-01
9.990000173395e-01
9.990000160894e-01
9.990000112922e-01
9.990000077626e-01
9.990000113078e-01
9.990000124433e-01
9.990000142627e-01
9.990000197202e-01
9.990000218198e-01
9.990000176673e-01
9.990000158648e-01
9.990000177463e-01
9.990000200401e-01
9.990000181878e-01
9.990000199765e-01
9.990000218331e-01
9.990000233347e-01
9.990000242152e-01
9.990000243729e-01
9.990000224036e-01
9.990000206401e-01
9.990000195407e-01
9.990000193263e-01
9.990000172633e-01
9.990000188574e-01
9.990000151023e-01
9.990000131386e-01
9.990000119908e-01
9.990000123882e-01
9.990000097628e-01
9.990000078079e-01
9.990000096472e-01
9.990000103589e-01
9.990000123997e-01
9.990000134078e-01
9.990000123349e-01
9.990000121134e-01
9.990000108401e-01
9.990000149566e-01
9.990000135435e-01
9.990000125844e-01
9.990000123193e-01
9.990000146532e-01
9.990000162318e-01
9.990000172292e-01
9.990000151125e-01
9.990000157184e-01
9.990000161771e-01
9.990000146799e-01
9.990000160137e-01
9.990000151561e-01
9.990000105243e-01
9.990000147286e-01
9.990000184071e-01
9.990000205808e-01
9.990000194224e-01
9.990000205035e-01
9.990000222919e-01
9.990000234640e-01
9.990000222046e-01
9.990000227723e-01
9.990000225152e-01
9.990000226832e-01
9.990000236130e-01
9.990000245735e-01
9.990000239404e-01
9.990000224130e-01
9.990000213420e-01
9.990000282650e-01
9.990000296095e-01
9.990000298582e-01
9.990000337892e-01
9.990000342499e-01
9.990000319382e-01
9.990000278245e-01
9.990000236028e-01
9.990000206247e-01
9.990000212166e-01
9.990000222360e-01
9.990000200346e-01
9.990000193944e-01
9.990000157245e-01
9.990000157838e-01
9.990000140374e-01
9.990000144797e-01
9.990000114989e-01
9.990000110502e-01
9.990000112828e-01
9.990000134659e-01
9.990000134787e-01
9.990000160998e-01
9.990000191493e-01
9.990000135328e-01
9.990000131336e-01
9.990000144926e-01
9.990000116141e-01
9.990000085185e-01
9.990000031256e-01
9.989999965359e-01
9.989999924796e-01
9.989999926976e-01
9.989999945265e-01
9.989999960891e-01
9.989999949748e-01
9.989999912967e-01
9.989999847035e-01
9.989999826640e-01
9.989999817137e-01
9.989999839800e-01
9.989999874784e-01
9.989999860422e-01
9.989999845552e-01
9.989999831573e-01
9.989999832484e-01
9.989999840538e-01
9.989999847932e-01
9.989999856777e-01
9.989999836961e-01
9.989999860562e-01
9.989999848513e-01
9.989999877558e-01
9.989999885488e-01
9.989999838326e-01
9.989999871643e-01
9.989999845869e-01
9.989999804025e-01
9.989999780434e-01
9.989999812768e-01
9.989999811069e-01
9.989999817539e-01
9.989999803343e-01
9.989999798362e-01
9.989999777268e-01
9.989999769750e-01
9.989999788425e-01
9.989999808378e-01
9.989999789607e-01
9.989999766709e-01
9.989999739078e-01
9.989999804712e-01
9.989999822044e-01
9.989999841183e-01
9.989999868425e-01
9.989999888810e-01
9.989999862237e-01
9.989999861036e-01
9.989999881863e-01
9.989999888778e-01
9.989999897294e-01
9.989999873925e-01
9.989999882550e-01
9.989999867469e-01
9.989999832899e-01
9.989999835316e-01
9.989999777304e-01
9.989999750661e-01
9.989999762103e-01
9.989999769669e-01
9.989999779161e-01
9.989999752415e-01
9.989999753013e-01
9.989999768406e-01
9.989999748312e-01
9.989999710738e-01
9.989999751348e-01
9.989999786900e-01
9.989999832479e-01
9.989999823198e-01
9.989999857980e-01
9.989999895460e-01
9.989999894722e-01
9.989999927815e-01
9.989999885909e-01
9.989999915164e-01
9.989999999177e-01
9.990000068453e-01
9.990000091919e-01
9.990000109852e-01
9.990000080901e-01
9.990000070679e-01
9.990000062763e-01
9.990000069374e-01
9.990000056064e-01
9.990000060959e-01
9.990000011286e-01
9.989999997248e-01
9.989999978602e-01
9.989999977507e-01
9.989999982292e-01
9.989999956100e-01
9.989999930717e-01
9.989999913389e-01
9.989999880664e-01
9.989999898982e-01
9.989999899327e-01
9.989999873853e-01
9.989999905133e-01
9.989999912238e-01
9.989999886715e-01
9.989999891766e-01
9.989999865738e-01
9.989999864353e-01
9.989999855154e-01
9.989999883034e-01
9.989999923162e-01
9.989999946816e-01
9.990000000729e-01
9.990000031885e-01
9.990000011988e-01
9.989999965978e-01
9.989999929471e-01
9.989999906892e-01
9.989999934152e-01
9.989999946325e-01
9.989999920361e-01
9.989999908050e-01
9.989999921261e-01
9.989999864418e-01
9.989999849494e-01
9.989999840005e-01
9.989999849456e-01
9.989999853492e-01
9.989999836325e-01
9.989999864943e-01
9.989999891546e-01
9.989999911467e-01
9.989999901839e-01
9.989999894425e-01
9.989999885181e-01
9.989999883699e-01
9.989999892215e-01
9.989999893529e-01
9.989999933699e-01
9.989999945383e-01
9.989999883953e-01
9.989999856516e-01
9.989999868330e-01
9.989999886930e-01
9.989999901344e-01
9.989999885135e-01
9.989999907262e-01
9.989999926170e-01
9.989999941829e-01
9.989999929100e-01
9.989999900593e-01
9.989999904034e-01
9.989999918816e-01
9.989999919599e-01
9.989999932759e-01
9.989999942246e-01
9.989999968947e-01
9.989999930531e-01
9.989999911325e-01
9.989999924950e-01
9.989999906827e-01
9.989999934993e-01
9.989999945132e-01
9.989999942873e-01
9.989999947903e-01
9.989999982326e-01
9.989999997077e-01
9.989999962020e-01
9.989999957270e-01
9.989999955322e-01
9.989999927563e-01
9.989999914569e-01
9.989999905051e-01
9.989999921961e-01
9.989999890599e-01
9.989999901904e-01
9.989999921842e-01
9.989999916949e-01
9.989999931403e-01
9.989999956681e-01
9.989999921974e-01
9.989999962764e-01
9.989999987881e-01
9.990000010547e-01
9.990000003774e-01
9.990000008474e-01
9.990000007583e-01
9.990000014510e-01
9.990000012232e-01
9.989999988797e-01
9.989999969453e-01
9.989999952506e-01
9.989999898575e-01
9.989999914104e-01
9.989999929154e-01
9.989999899987e-01
9.989999919627e-01
9.989999941608e-01
9.989999969024e-01
9.989999985348e-01
9.989999930047e-01
9.989999897988e-01
9.989999850792e-01
9.989999809551e-01
9.989999803361e-01
9.989999832409e-01
9.989999877092e-01
9.989999913818e-01
9.989999935455e-01
9.989999912561e-01
9.989999894153e-01
9.989999898888e-01
9.989999893056e-01
9.989999907039e-01
9.989999888235e-01
9.989999845479e-01
9.989999841067e-01
9.989999823227e-01
9.989999826870e-01
9.989999825700e-01
9.989999805809e-01
9.989999774690e-01
9.989999783759e-01
9.989999827072e-01
9.989999805000e-01
9.989999747266e-01
9.989999751253e-01
9.989999716350e-01
9.989999671533e-01
9.989999669436e-01
9.989999645759e-01
9.989999631381e-01
9.989999611700e-01
9.989999622240e-01
9.989999632947e-01
9.989999681393e-01
9.989999673415e-01
9.989999664464e-01
9.989999670659e-01
9.989999718253e-01
9.989999702719e-01
9.989999692140e-01
9.989999677156e-01
9.989999648605e-01
9.989999700134e-01
9.989999758357e-01
9.989999708005e-01
9.989999684930e-01
9.989999693776e-01
9.989999696098e-01
9.989999677319e-01
9.989999681824e-01
9.989999660338e-01
9.989999668169e-01
9.989999647492e-01
9.989999625540e-01
9.989999637623e-01
9.989999644466e-01
9.989999636049e-01
9.989999630548e-01
9.989999672221e-01
9.989999710246e-01
9.989999741306e-01
9.989999774570e-01
9.989999778897e-01
9.989999788098e-01
9.989999728880e-01
9.989999729761e-01
9.989999785336e-01
9.989999805491e-01
9.989999761027e-01
9.989999726534e-01
9.989999724198e-01
9.989999759352e-01
9.989999779904e-01
9.989999817599e-01
9.989999832040e-01
9.989999828571e-01
9.989999816237e-01
9.989999783691e-01
9.989999725273e-01
9.989999712057e-01
9.989999691151e-01
9.989999642602e-01
9.989999636289e-01
9.989999670351e-01
9.989999715753e-01
9.989999682281e-01
9.989999729240e-01
9.989999747515e-01
9.989999732212e-01
9.989999720953e-01
9.989999683240e-01
9.989999685162e-01
9.989999745958e-01
9.989999793426e-01
9.989999784972e-01
9.989999763026e-01
9.989999761041e-01
9.989999733380e-01
9.989999712224e-01
9.989999733532e-01
9.989999750956e-01
9.989999759590e-01
9.989999755070e-01
9.989999747478e-01
9.989999750165e-01
9.989999715563e-01
9.989999722539e-01
9.989999726660e-01
9.989999736276e-01
9.989999740289e-01
9.989999782166e-01
9.989999836429e-01
9.989999843032e-01
9.989999847063e-01
9.989999890432e-01
9.989999890687e-01
9.989999935491e-01
9.989999994261e-01
9.990000031525e-01
9.990000053879e-01
9.990000088809e-01
9.990000112598e-01
9.990000127830e-01
9.990000146601e-01
9.990000189414e-01
9.990000216293e-01
9.990000210783e-01
9.990000193677e-01
9.990000185897e-01
9.990000177237e-01
9.990000183949e-01
9.990000204878e-01
9.990000201283e-01
9.990000217584e-01
9.990000200289e-01
9.990000212378e-01
9.990000229344e-01
9.990000225411e-01
9.990000196198e-01
9.990000183439e-01
9.990000178355e-01
9.990000200498e-01
9.990000176171e-01
9.990000142866e-01
9.990000172369e-01
9.990000167110e-01
9.990000169039e-01
9.990000193420e-01
9.990000188290e-01
9.990000161321e-01
9.990000138357e-01
9.990000129490e-01
9.990000131897e-01
9.990000119879e-01
9.990000126566e-01
9.990000130690e-01
9.990000130680e-01
9.990000115523e-01
9.990000152017e-01
9.990000133357e-01
9.990000120760e-01
9.990000125420e-01
9.990000176824e-01
9.990000173643e-01
9.990000146632e-01
9.990000137027e-01
9.990000139478e-01
9.990000126280e-01
9.990000122544e-01
9.990000121566e-01
9.990000124858e-01
9.990000103848e-01
9.990000090764e-01
9.990000089725e-01
9.990000066427e-01
9.990000032196e-01
9.989999989151e-01
9.990000001441e-01
9.990000038705e-01
9.990000045421e-01
9.990000044887e-01
9.990000040292e-01
9.990000018461e-01
9.990000021780e-01
9.990000061532e-01
9.990000050623e-01
9.990000040133e-01
9.990000039805e-01
9.990000030914e-01
9.989999988189e-01
9.989999981627e-01
9.989999982021e-01
9.989999958266e-01
9.989999946272e-01
9.989999897086e-01
9.989999901318e-01
9.989999952698e-01
9.989999976976e-01
9.989999957433e-01
9.989999950315e-01
9.989999937803e-01
9.989999908250e-01
9.989999899056e-01
9.989999910419e-01
9.989999898828e-01
9.989999886184e-01
9.989999927360e-01
9.989999925471e-01
9.989999904481e-01
9.989999924676e-01
9.989999943629e-01
9.989999988621e-01
9.989999999166e-01
9.989999971723e-01
9.989999972476e-01
9.989999995522e-01
9.990000000392e-01
9.989999995829e-01
9.989999991399e-01
9.990000010778e-01
9.990000026486e-01
9.990000026369e-01
9.990000021110e-01
9.990000023813e-01
9.990000038539e-01
9.990000044026e-01
9.990000053629e-01
9.990000067908e-01
9.990000112394e-01
9.990000095290e-01
9.990000113256e-01
9.990000125285e-01
9.990000117891e-01
9.990000148297e-01
9.990000138730e-01
9.990000133458e-01
9.990000165314e-01
9.990000211363e-01
9.990000207143e-01
9.990000195724e-01
9.990000203138e-01
9.990000237010e-01
9.990000248416e-01
9.990000229876e-01
9.990000184597e-01
9.990000185555e-01
9.990000216286e-01
9.990000221069e-01
9.990000214207e-01
9.990000199336e-01
9.990000182429e-01
9.990000170173e-01
9.990000175748e-01
9.990000166744e-01
9.990000172447e-01
9.990000194597e-01
9.990000185420e-01
9.990000189099e-01
9.990000166418e-01
9.990000153681e-01
9.990000142636e-01
9.990000145739e-01
9.990000115090e-01
9.990000075990e-01
9.990000074125e-01
9.990000125683e-01
9.990000155432e-01
9.990000141964e-01
9.990000116964e-01
9.990000102934e-01
9.990000114252e-01
9.990000122176e-01
9.990000120743e-01
9.990000091164e-01
9.990000080549e-01
9.990000046616e-01
9.990000032427e-01
9.990000033977e-01
9.990000077567e-01
9.990000118942e-01
9.990000167033e-01
9.990000176330e-01
9.990000174733e-01
9.990000166079e-01
9.990000109328e-01
9.990000097973e-01
9.990000090207e-01
9.990000087119e-01
9.990000085412e-01
9.990000081969e-01
9.990000061840e-01
9.990000080704e-01
9.990000086893e-01
9.990000072238e-01
9.990000057257e-01
9.990000045503e-01
9.990000046496e-01
9.990000040496e-01
9.990000051836e-01
9.990000065349e-01
9.990000104866e-01
9.990000108645e-01
9.990000092571e-01
9.990000069548e-01
9.990000079550e-01
9.990000083504e-01
9.990000093282e-01
9.990000086991e-01
9.990000068698e-01
9.990000094869e-01
9.990000088857e-01
9.990000125269e-01
9.990000149446e-01
9.990000173218e-01
9.990000183143e-01
9.990000167042e-01
9.990000167671e-01
9.990000180467e-01
9.990000202035e-01
9.990000229087e-01
9.990000217718e-01
9.990000213589e-01
9.990000221771e-01
9.990000207925e-01
9.990000198906e-01
9.990000215475e-01
9.990000218189e-01
9.990000213427e-01
9.990000180959e-01
9.990000176420e-01
9.990000175241e-01
9.990000164853e-01
9.990000165790e-01
9.990000183191e-01
9.990000194319e-01
9.990000172097e-01
9.990000178063e-01
9.990000196028e-01
9.990000216573e-01
9.990000212193e-01
9.990000203425e-01
9.990000229281e-01
9.990000246272e-01
9.990000234329e-01
9.990000230626e-01
9.990000229625e-01
9.990000227986e-01
9.990000230899e-01
9.990000228512e-01
9.990000214851e-01
9.990000199699e-01
9.990000207499e-01
9.990000194811e-01
9.990000170286e-01
9.990000152322e-01
9.990000158737e-01
9.990000151080e-01
9.990000152242e-01
9.990000149922e-01
9.990000113725e-01
9.990000129597e-01
9.990000156888e-01
9.990000172577e-01
9.990000167973e-01
9.990000166182e-01
9.990000130236e-01
9.990000088026e-01
9.990000101268e-01
9.990000124873e-01
9.990000140632e-01
9.990000136350e-01
9.990000113411e-01
9.990000139553e-01
9.990000132870e-01
9.990000133834e-01
9.990000120585e-01
9.990000123549e-01
9.990000156176e-01
9.990000167457e-01
9.990000160750e-01
9.990000185022e-01
9.990000216180e-01
9.990000222121e-01
9.990000220063e-01
9.990000212212e-01
9.990000249381e-01
9.990000252732e-01
9.990000246161e-01
9.990000255815e-01
9.990000246672e-01
9.990000219701e-01
9.990000230058e-01
9.990000239710e-01
9.990000240134e-01
9.990000270973e-01
9.990000275445e-01
9.990000265383e-01
9.990000277332e-01
9.990000281838e-01
9.990000274363e-01
9.990000281690e-01
9.990000288642e-01
9.990000264308e-01
9.990000249497e-01
9.990000234284e-01
9.990000265071e-01
9.990000294837e-01
9.990000292158e-01
9.990000278433e-01
9.990000260575e-01
9.990000264316e-01
9.990000243511e-01
9.990000256104e-01
9.990000258976e-01
9.990000289999e-01
9.990000298223e-01
9.990000286121e-01
9.990000271916e-01
9.990000258870e-01
9.990000252415e-01
9.990000243900e-01
9.990000229172e-01
9.990000235606e-01
9.990000217178e-01
9.990000208304e-01
9.990000202572e-01
9.990000192459e-01
9.990000164238e-01
9.990000153832e-01
9.990000150187e-01
9.990000135442e-01
9.990000139004e-01
9.990000157593e-01
9.990000182256e-01
9.990000191204e-01
9.990000166567e-01
9.990000172592e-01
9.990000186133e-01
9.990000188371e-01
9.990000188413e-01
9.990000220144e-01
9.990000224876e-01
9.990000207037e-01
9.990000182107e-01
9.990000175506e-01
9.990000175625e-01
9.990000157739e-01
9.990000151916e-01
9.990000159507e-01
9.990000183478e-01
9.990000157484e-01
9.990000144392e-01
9.990000142406e-01
9.990000143393e-01
9.990000174325e-01
9.990000168549e-01
9.990000153348e-01
9.990000184996e-01
9.990000185547e-01
9.990000179476e-01
9.990000153067e-01
9.990000136132e-01
9.990000133756e-01
9.990000152378e-01
9.990000141048e-01
9.990000103493e-01
9.990000104458e-01
9.990000105672e-01
9.990000167639e-01
9.990000191761e-01
9.990000182922e-01
9.990000155342e-01
9.990000165313e-01
9.990000173142e-01
9.990000164022e-01
9.990000179802e-01
9.990000175188e-01
9.990000161626e-01
9.990000141585e-01
9.990000129683e-01
9.990000110067e-01
9.990000097061e-01
9.990000130872e-01
9.990000124177e-01
9.990000110362e-01
9.990000099108e-01
9.990000062049e-01
9.990000062739e-01
9.990000032368e-01
9.990000000107e-01
9.989999983882e-01
9.989999952128e-01
9.989999940244e-01
9.989999946274e-01
9.989999984982e-01
9.989999974064e-01
9.989999979012e-01
9.989999964139e-01
9.989999953368e-01
9.989999893787e-01
9.989999881369e-01
9.989999861742e-01
9.989999862539e-01
9.989999874729e-01
9.989999813832e-01
9.989999852344e-01
9.989999880148e-01
9.989999855698e-01
9.989999795563e-01
9.989999783986e-01
9.989999750504e-01
9.989999759991e-01
9.989999809715e-01
9.989999791126e-01
9.989999802872e-01
9.989999766671e-01
9.989999734920e-01
9.989999701107e-01
9.989999742713e-01
9.989999775075e-01
9.989999777344e-01
9.989999750708e-01
9.989999727639e-01
9.989999712360e-01
9.989999748724e-01
9.989999798088e-01
9.989999779778e-01
9.989999747049e-01
9.989999773052e-01
9.989999817704e-01
9.989999869101e-01
9.989999907592e-01
9.989999938414e-01
9.989999971560e-01
9.990000013459e-01
9.990000051640e-01
9.990000055176e-01
9.990000034884e-01
9.990000029810e-01
9.990000006050e-01
9.990000027545e-01
9.990000078659e-01
9.990000051718e-01
9.990000052305e-01
9.990000045619e-01
9.990000039891e-01
9.990000037065e-01
9.990000035974e-01
9.990000035211e-01
9.989999994486e-01
9.989999983638e-01
9.989999972942e-01
9.989999991768e-01
9.989999977504e-01
9.989999997622e-01
9.990000013124e-01
9.990000017414e-01
9.989999991232e-01
9.989999958148e-01
9.989999949973e-01
9.989999929827e-01
9.989999913288e-01
9.989999993088e-01
9.990000028878e-01
9.990000030421e-01
9.990000014459e-01
9.990000036220e-01
9.990000059493e-01
9.990000070188e-01
9.990000071307e-01
9.990000099050e-01
9.990000120684e-01
9.990000146269e-01
9.990000146285e-01
9.990000145922e-01
9.990000140281e-01
9.990000126303e-01
9.990000155468e-01
9.990000144782e-01
9.990000118918e-01
9.990000142216e-01
9.990000119416e-01
9.990000136638e-01
9.990000134332e-01
9.990000137667e-01
9.990000172449e-01
9.990000173576e-01
9.990000155158e-01
9.990000136043e-01
9.990000134024e-01
9.990000117211e-01
9.990000141630e-01
9.990000147934e-01
9.990000158433e-01
9.990000162645e-01
9.990000167361e-01
9.990000182887e-01
9.990000167493e-01
9.990000193978e-01
9.990000215986e-01
9.990000221742e-01
9.990000206159e-01
9.990000173115e-01
9.990000153617e-01
9.990000144759e-01
9.990000109465e-01
9.990000119849e-01
9.990000101277e-01
9.990000097500e-01
9.990000107763e-01
9.990000071487e-01
9.990000063564e-01
9.990000063812e-01
9.990000014152e-01
9.989999984490e-01
9.989999993888e-01
9.990000042138e-01
9.990000025614e-01
9.990000015209e-01
9.990000040423e-01
9.990000051917e-01
9.990000028973e-01
9.989999999577e-01
9.989999982378e-01
9.989999987893e-01
9.990000006362e-01
9.990000041373e-01
9.990000046321e-01
9.990000044206e-01
9.990000077888e-01
9.990000109798e-01
9.990000151299e-01
9.990000148638e-01
9.990000138202e-01
9.990000112687e-01
9.990000108778e-01
9.990000119130e-01
9.990000116136e-01
9.990000119781e-01
9.990000103423e-01
9.990000101842e-01
9.990000125024e-01
9.990000114730e-01
9.990000095733e-01
9.990000110387e-01
9.990000140577e-01
9.990000143617e-01
9.990000130509e-01
9.990000103785e-01
9.990000110279e-01
9.990000089444e-01
9.990000100658e-01
9.990000096348e-01
9.990000107170e-01
9.990000121999e-01
9.990000128820e-01
9.990000117341e-01
9.990000125646e-01
9.990000112227e-01
9.990000126336e-01
9.990000127651e-01
9.990000141362e-01
9.990000124757e-01
9.990000149954e-01
9.990000157621e-01
9.990000152233e-01
9.990000178450e-01
9.990000182698e-01
9.990000186586e-01
9.990000186759e-01
9.990000155286e-01
9.990000135035e-01
9.990000105576e-01
9.990000120787e-01
9.990000083441e-01
9.990000057417e-01
9.990000032007e-01
9.990000047642e-01
9.990000050974e-01
9.990000081983e-01
9.990000058744e-01
9.990000051430e-01
9.990000021043e-01
9.989999977705e-01
9.989999996150e-01
9.990000041382e-01
9.990000065448e-01
9.990000041777e-01
9.990000045602e-01
9.990000023428e-01
9.990000028774e-01
9.990000005917e-01
9.990000010072e-01
9.990000059271e-01
9.990000065997e-01
9.990000059021e-01
9.990000046829e-01
9.990000007606e-01
9.989999997168e-01
9.990000017007e-01
9.990000018346e-01
9.990000011392e-01
9.990000044611e-01
9.990000073811e-01
9.990000026670e-01
9.989999964223e-01
9.989999945832e-01
9.989999980730e-01
9.989999979294e-01
9.989999957518e-01
9.990000007853e-01
9.990000019264e-01
9.990000053797e-01
9.990000111730e-01
9.990000094495e-01
9.990000050953e-01
9.990000029135e-01
9.990000019743e-01
9.990000006131e-01
9.990000063798e-01
9.990000060202e-01
9.990000011696e-01
9.990000041680e-01
9.990000017073e-01
9.990000017148e-01
9.990000029414e-01
9.990000037847e-01
9.990000036823e-01
9.989999952053e-01
9.989999925065e-01
9.989999912311e-01
9.989999920610e-01
9.989999929281e-01
9.989999916575e-01
9.989999867113e-01
9.989999845843e-01
9.989999940074e-01
9.990000023517e-01
9.990000051343e-01
9.990000028603e-01
9.990000048526e-01
9.990000022092e-01
9.990000009467e-01
9.990000002752e-01
9.989999990869e-01
9.989999974305e-01
9.989999949273e-01
9.990000022267e-01
9.990000023228e-01
9.990000020365e-01
9.990000070734e-01
9.990000120998e-01
9.990000128427e-01
9.990000050698e-01
9.990000046001e-01
9.990000026780e-01
9.990000022533e-01
9.990000042774e-01
9.990000085256e-01
9.990000058589e-01
9.990000012193e-01
9.990000011792e-01
9.990000037776e-01
9.990000066452e-01
9.990000065381e-01
9.990000025948e-01
9.990000008289e-01
9.990000004740e-01
9.989999979475e-01
9.989999952744e-01
9.989999927477e-01
9.989999908516e-01
9.989999904048e-01
9.989999909708e-01
9.989999890805e-01
9.989999891027e-01
9.989999938145e-01
9.989999950064e-01
9.989999932907e-01
9.989999928355e-01
9.989999908525e-01
9.989999884786e-01
9.989999849642e-01
9.989999844516e-01
9.989999851708e-01
9.989999820421e-01
9.989999795416e-01
9.989999770119e-01
9.989999853989e-01
9.989999821074e-01
9.989999801153e-01
9.989999800437e-01
9.989999788450e-01
9.989999761052e-01
9.989999810914e-01
9.989999849184e-01
9.989999843124e-01
9.989999813735e-01
9.989999843055e-01
9.989999870948e-01
9.989999928322e-01
9.989999960941e-01
9.989999948138e-01
9.989999986411e-01
9.990000022882e-01
9.990000071810e-01
9.990000028242e-01
9.990000012058e-01
9.990000026460e-01
9.990000039490e-01
9.990000042140e-01
9.990000026247e-01
9.990000023032e-01
9.990000020123e-01
9.990000020226e-01
9.990000038084e-01
9.989999997888e-01
9.989999973472e-01
9.990000034278e-01
9.990000030139e-01
9.989999969015e-01
9.989999932933e-01
9.989999938906e-01
9.989999938286e-01
9.989999997528e-01
9.990000048780e-01
9.990000030735e-01
9.990000036817e-01
9.990000066243e-01
9.990000035135e-01
9.990000042116e-01
9.990000038174e-01
9.989999989547e-01
9.989999987260e-01
9.989999999499e-01
9.989999968283e-01
9.989999972828e-01
9.989999944698e-01
9.989999903090e-01
9.989999951101e-01
9.989999964255e-01
9.989999922812e-01
9.989999900774e-01
9.989999868727e-01
9.989999860252e-01
9.989999827436e-01
9.989999813120e-01
9.989999828554e-01
9.989999847987e-01
9.989999918988e-01
9.989999998725e-01
9.990000034371e-01
9.990000013564e-01
9.989999970457e-01
9.989999988822e-01
9.990000047486e-01
9.990000114972e-01
9.990000098664e-01
9.990000065273e-01
9.989999995436e-01
9.989999959453e-01
9.989999944937e-01
9.989999960758e-01
9.989999925641e-01
9.989999915099e-01
9.989999936026e-01
9.989999930627e-01
9.989999968041e-01
9.990000017551e-01
9.989999996545e-01
9.990000007096e-01
9.990000000265e-01
9.990000021733e-01
9.990000014844e-01
9.990000014416e-01
9.990000037955e-01
9.990000102873e-01
9.990000126246e-01
9.990000113787e-01
9.990000105213e-01
9.990000076447e-01
9.990000024266e-01
9.990000005073e-01
9.989999982559e-01
9.989999998946e-01
9.990000028235e-01
9.989999979432e-01
9.990000002990e-01
9.990000013283e-01
9.989999968143e-01
9.989999945068e-01
9.989999919470e-01
9.989999863142e-01
9.989999889472e-01
9.989999851575e-01
9.989999859435e-01
9.989999880436e-01
9.989999892740e-01
9.989999887927e-01
9.989999866875e-01
9.989999868358e-01
9.989999891973e-01
9.989999893866e-01
9.989999874494e-01
9.989999883616e-01
9.989999865426e-01
9.989999894069e-01
9.989999895048e-01
9.989999912960e-01
9.989999876372e-01
9.989999897755e-01
9.989999907229e-01
9.989999946312e-01
9.989999938559e-01
9.989999870172e-01
9.989999896539e-01
9.989999956058e-01
9.989999977031e-01
9.989999948161e-01
9.989999996547e-01
9.990000018640e-01
9.989999981126e-01
9.989999917635e-01
9.989999946775e-01
9.989999976766e-01
9.990000003687e-01
9.990000038394e-01
9.990000054439e-01
9.990000060760e-01
9.990000002029e-01
9.989999896533e-01
9.989999949217e-01
9.990000031144e-01
9.990000041349e-01
9.989999937721e-01
9.989999920711e-01
9.989999909155e-01
9.989999957969e-01
9.989999912396e-01
9.989999898020e-01
9.989999922095e-01
9.989999954706e-01
9.990000042111e-01
9.990000079772e-01
9.990000045124e-01
9.989999988150e-01
9.989999914200e-01
9.989999924029e-01
9.989999902036e-01
9.989999890117e-01
9.989999888549e-01
9.989999880524e-01
9.989999832657e-01
9.989999814506e-01
9.989999819584e-01
9.989999839307e-01
9.989999767491e-01
9.989999788657e-01
9.989999814309e-01
9.989999750819e-01
9.989999742149e-01
9.989999817600e-01
9.989999834705e-01
9.989999842539e-01
9.989999853303e-01
9.989999847937e-01
9.989999856812e-01
9.989999853076e-01
9.989999841514e-01
9.989999906603e-01
9.989999942225e-01
9.989999962747e-01
9.990000002177e-01
9.990000012012e-01
9.990000108641e-01
9.990000122069e-01
9.990000057797e-01
9.990000006299e-01
9.990000016454e-01
9.989999949587e-01
9.989999885762e-01
9.989999860603e-01
9.989999937816e-01
9.989999957299e-01
9.989999986949e-01
9.989999977660e-01
9.989999983545e-01
9.989999967754e-01
9.989999946873e-01
9.989999972262e-01
9.989999924653e-01
9.989999877689e-01
9.989999851750e-01
9.989999844009e-01
9.989999881316e-01
9.989999866004e-01
9.989999801779e-01
9.989999755999e-01
9.989999758968e-01
9.989999808032e-01
9.989999826059e-01
9.989999763305e-01
9.989999731296e-01
9.989999757682e-01
9.989999855578e-01
9.989999939561e-01
9.989999963242e-01
9.990000016000e-01
9.990000020313e-01
9.989999920580e-01
9.989999906041e-01
9.990000009487e-01
9.990000087680e-01
9.990000097551e-01
9.990000085846e-01
9.990000049854e-01
9.990000078068e-01
9.990000065305e-01
9.990000074877e-01
9.990000066952e-01
9.990000012682e-01
9.990000001068e-01
9.990000051370e-01
9.990000057853e-01
9.990000044464e-01
9.989999996475e-01
9.990000004449e-01
9.989999985472e-01
9.989999990312e-01
9.989999986805e-01
9.989999961564e-01
9.989999956747e-01
9.989999956714e-01
9.989999887572e-01
9.989999901274e-01
9.989999843735e-01
9.989999782683e-01
9.989999759759e-01
9.989999819284e-01
9.989999853357e-01
9.989999820028e-01
9.989999803599e-01
9.989999800890e-01
9.989999842563e-01
9.989999867300e-01
9.989999903054e-01
9.989999897783e-01
9.989999803305e-01
9.989999858934e-01
9.989999935422e-01
9.989999947514e-01
9.989999951674e-01
9.990000019525e-01
9.990000028741e-01
9.990000016441e-01
9.990000036339e-01
9.990000073309e-01
9.990000070904e-01
9.990000026938e-01
9.990000012370e-01
9.990000050763e-01
9.990000042329e-01
9.990000046217e-01
9.990000034859e-01
9.989999984969e-01
9.990000040644e-01
9.990000136924e-01
9.990000174813e-01
9.990000194504e-01
9.990000189022e-01
9.990000216134e-01
9.990000241808e-01
9.990000199544e-01
9.990000145373e-01
9.990000136393e-01
9.990000151069e-01
9.990000130029e-01
9.990000165000e-01
9.990000207366e-01
9.990000180894e-01
9.990000221238e-01
9.990000201146e-01
9.990000183631e-01
9.990000184411e-01
9.990000177088e-01
9.990000152498e-01
9.990000113546e-01
9.990000100342e-01
9.990000074500e-01
9.990000072509e-01
9.990000088077e-01
9.990000085268e-01
9.990000091129e-01
9.990000043380e-01
9.990000052648e-01
9.990000056809e-01
9.990000050544e-01
9.989999985312e-01
9.989999937766e-01
9.990000020959e-01
9.990000005846e-01
9.990000114768e-01
9.990000116144e-01
9.990000083998e-01
9.990000161838e-01
9.990000227721e-01
9.990000216611e-01
9.990000171820e-01
9.990000079539e-01
9.990000047087e-01
9.990000049105e-01
9.990000116748e-01
9.990000196576e-01
9.990000189634e-01
9.990000127784e-01
9.990000097336e-01
9.990000084909e-01
9.990000094611e-01
9.990000003009e-01
9.990000004737e-01
9.990000059691e-01
9.990000073209e-01
9.990000068876e-01
9.990000080715e-01
9.990000008231e-01
9.989999982309e-01
9.990000012302e-01
9.990000030513e-01
9.990000064830e-01
9.990000107038e-01
9.990000086263e-01
9.990000050902e-01
9.989999988481e-01
9.989999902445e-01
9.989999829770e-01
9.989999794220e-01
9.989999769897e-01
9.989999781122e-01
9.989999782638e-01
9.989999776369e-01
9.989999776332e-01
9.989999707774e-01
9.989999736175e-01
9.989999718591e-01
9.989999695846e-01
9.989999740068e-01
9.989999718678e-01
9.989999716527e-01
9.989999717364e-01
9.989999696799e-01
9.989999694856e-01
9.989999760366e-01
9.989999740891e-01
9.989999654374e-01
9.989999650259e-01
9.989999864954e-01
9.990000010486e-01
9.989999992737e-01
9.990000063248e-01
9.990000107558e-01
9.990000070663e-01
9.989999965272e-01
9.989999922725e-01
9.989999904601e-01
9.989999929474e-01
9.989999871305e-01
9.989999739375e-01
9.989999726037e-01
9.989999823200e-01
9.989999866866e-01
9.989999911864e-01
9.989999948219e-01
9.989999954141e-01
9.989999915771e-01
9.989999892359e-01
9.989999846318e-01
9.989999824109e-01
9.989999974238e-01
9.990000066231e-01
9.990000098544e-01
9.990000123331e-01
9.990000178155e-01
9.990000158517e-01
9.990000103443e-01
9.990000038687e-01
9.989999925175e-01
9.989999957465e-01
9.989999994032e-01
9.989999962344e-01
9.989999961498e-01
9.990000011707e-01
9.990000003048e-01
9.990000024216e-01
9.990000047569e-01
9.990000161930e-01
9.990000168295e-01
9.990000108983e-01
9.990000057831e-01
9.990000055145e-01
9.990000023908e-01
9.990000112071e-01
9.990000194630e-01
9.990000166726e-01
9.990000147832e-01
9.990000151706e-01
9.990000187973e-01
9.990000179400e-01
9.990000171001e-01
9.990000197159e-01
9.990000179519e-01
9.990000079153e-01
9.990000059260e-01
9.990000088489e-01
9.990000182285e-01
9.990000203701e-01
9.990000237009e-01
9.990000153936e-01
9.990000136533e-01
9.990000107644e-01
9.990000094013e-01
9.990000103854e-01
9.990000063318e-01
9.989999971254e-01
9.989999923035e-01
9.990000093408e-01
9.990000199959e-01
9.990000203645e-01
9.990000170177e-01
9.990000157042e-01
9.990000163911e-01
9.990000161644e-01
9.990000177833e-01
9.990000182422e-01
9.990000175186e-01
9.990000179769e-01
9.990000230003e-01
9.990000242915e-01
9.990000220990e-01
9.990000207438e-01
9.990000231609e-01
9.990000248525e-01
9.990000219001e-01
9.990000101635e-01
9.990000085104e-01
9.990000093577e-01
9.990000125705e-01
9.990000199204e-01
9.990000196872e-01
9.990000233332e-01
9.990000184378e-01
9.990000128709e-01
9.990000200008e-01
9.990000174743e-01
9.990000205385e-01
9.990000226908e-01
9.990000269942e-01
9.990000268804e-01
9.990000280052e-01
9.990000261901e-01
9.990000216595e-01
9.990000227800e-01
9.990000300063e-01
9.990000310636e-01
9.990000285117e-01
9.990000353780e-01
9.990000384980e-01
9.990000370532e-01
9.990000336250e-01
9.990000298127e-01
9.990000300342e-01
9.990000296589e-01
9.990000253800e-01
9.990000204129e-01
9.990000126916e-01
9.990000105645e-01
9.990000146435e-01
9.990000084431e-01
9.990000041779e-01
9.989999961550e-01
9.989999868433e-01
9.989999814095e-01
9.989999895147e-01
9.989999708744e-01
9.989999785582e-01
9.989999830221e-01
9.989999823073e-01
9.989999802854e-01
9.989999690240e-01
9.989999728348e-01
9.989999758834e-01
9.989999730128e-01
9.989999782017e-01
9.989999778483e-01
9.989999628401e-01
9.989999648290e-01
9.989999777200e-01
9.989999878848e-01
9.989999912923e-01
9.989999843746e-01
9.989999831871e-01
9.989999716864e-01
9.989999795010e-01
9.989999844702e-01
9.989999870159e-01
9.989999878889e-01
9.989999897015e-01
9.989999959287e-01
9.989999971189e-01
9.989999867076e-01
9.989999869461e-01
9.989999895850e-01
9.989999931551e-01
9.990000051512e-01
9.990000027645e-01
9.989999904032e-01
9.989999751084e-01
9.989999644943e-01
9.989999642884e-01
9.989999670453e-01
9.989999571674e-01
9.989999602195e-01
9.989999696859e-01
9.989999759322e-01
9.989999797806e-01
9.989999864118e-01
9.989999981813e-01
9.989999995212e-01
9.990000055836e-01
9.990000012978e-01
9.989999963435e-01
9.989999916563e-01
9.989999966049e-01
9.989999924479e-01
9.989999862659e-01
9.989999782178e-01
9.989999575969e-01
9.989999462081e-01
9.989999503958e-01
9.989999600794e-01
9.989999711695e-01
9.989999734513e-01
9.989999638646e-01
9.989999649218e-01
9.989999832937e-01
9.990000008141e-01
9.989999979317e-01
9.989999921130e-01
9.989999852955e-01
9.989999892857e-01
9.989999993948e-01
9.990000047803e-01
9.990000097454e-01
9.990000205308e-01
9.990000231889e-01
9.990000294669e-01
9.990000374800e-01
9.990000459118e-01
9.990000500090e-01
9.990000506563e-01
9.990000515144e-01
9.990000490775e-01
9.990000476642e-01
9.990000513434e-01
9.990000540509e-01
9.990000555195e-01
9.990000557002e-01
9.990000552876e-01
9.990000572992e-01
9.990000562326e-01
9.990000559424e-01
9.990000560968e-01
9.990000566820e-01
9.990000586756e-01
9.990000571146e-01
9.990000576220e-01
9.990000570441e-01
9.990000598955e-01
9.990000581404e-01
9.990000555295e-01
9.990000557783e-01
9.990000578296e-01
9.990000602422e-01
9.990000601675e-01
9.990000620827e-01
9.990000566099e-01
9.990000520157e-01
9.990000528145e-01
9.990000552966e-01
9.990000581477e-01
9.990000606435e-01
9.990000627432e-01
9.990000619154e-01
9.990000642553e-01
9.990000627697e-01
9.990000619047e-01
9.990000608433e-01
9.990000623064e-01
9.990000626531e-01
9.990000618982e-01
9.990000630899e-01
9.990000634572e-01
9.990000628390e-01
9.990000640930e-01
9.990000638788e-01
9.990000625350e-01
9.990000640143e-01
9.990000658589e-01
9.990000676580e-01
9.990000677269e-01
9.990000675659e-01
9.990000702284e-01
9.990000705217e-01
9.990000681106e-01
9.990000717422e-01
9.990000711022e-01
9.990000704960e-01
9.990000712873e-01
9.990000716237e-01
9.990000699179e-01
9.990000740018e-01
9.990000720286e-01
9.990000741149e-01
9.990000714102e-01
9.990000730982e-01
9.990000753043e-01
9.990000768573e-01
9.990000740009e-01
9.990000708443e-01
9.990000719840e-01
9.990000724345e-01
9.990000728776e-01
9.990000650711e-01
9.990000707851e-01
9.990000742472e-01
9.990000707777e-01
9.990000706284e-01
9.990000699555e-01
9.990000708196e-01
9.990000698590e-01
9.990000723613e-01
9.990000714899e-01
9.990000712484e-01
9.990000689043e-01
9.990000721005e-01
9.990000718826e-01
9.990000732889e-01
9.990000703614e-01
9.990000724916e-01
9.990000730764e-01
9.990000723361e-01
9.990000727236e-01
9.990000719177e-01
9.990000722393e-01
9.990000732895e-01
9.990000728614e-01
9.990000723964e-01
9.990000718243e-01
9.990000701939e-01
9.990000707995e-01
9.990000685257e-01
9.990000626638e-01
9.990000579227e-01
9.990000617579e-01
9.990000621822e-01
9.990000647740e-01
9.990000651321e-01
9.990000659642e-01
9.990000605628e-01
9.990000616978e-01
9.990000565565e-01
9.990000584030e-01
9.990000591223e-01
9.990000659723e-01
9.990000655854e-01
9.990000672030e-01
9.990000664522e-01
9.990000665383e-01
9.990000631070e-01
9.990000621649e-01
9.990000603556e-01
9.990000566867e-01
9.990000568374e-01
9.990000613594e-01
9.990000580965e-01
9.990000584607e-01
9.990000543537e-01
9.990000417245e-01
9.990000325541e-01
9.990000324063e-01
9.990000300568e-01
9.990000225928e-01
9.990000143197e-01
9.990000068517e-01
9.989999986045e-01
9.990000068365e-01
9.990000178389e-01
9.990000190065e-01
9.990000161812e-01
9.990000259076e-01
9.990000187195e-01
9.990000164518e-01
9.990000078746e-01
9.990000005052e-01
9.990000067445e-01
9.989999999012e-01
9.989999946348e-01
9.989999865866e-01
9.989999781112e-01
9.989999693532e-01
9.989999678570e-01
9.989999904364e-01
9.990000011221e-01
9.989999854914e-01
9.989999743427e-01
9.989999661678e-01
9.989999710292e-01
9.989999973614e-01
9.990000058644e-01
9.990000096707e-01
9.990000257661e-01
9.990000294430e-01
9.990000373218e-01
9.990000378089e-01
9.990000485387e-01
9.990000600503e-01
9.990000611718e-01
9.990000622396e-01
9.990000542594e-01
9.990000418219e-01
9.990000492576e-01
9.990000530063e-01
9.990000594561e-01
9.990000549530e-01
9.990000441498e-01
9.990000575951e-01
9.990000651326e-01
9.990000675028e-01
9.990000775271e-01
9.990000794100e-01
9.990000779167e-01
9.990000794845e-01
9.990000803932e-01
9.990000821403e-01
9.990000841617e-01
9.990000821096e-01
9.990000817885e-01
9.990000818140e-01
9.990000820103e-01
9.990000806228e-01
9.990000782345e-01
9.990000814437e-01
9.990000812446e-01
9.990000793565e-01
9.990000775068e-01
9.990000792591e-01
9.990000773153e-01
9.990000787232e-01
9.990000787447e-01
9.990000805008e-01
9.990000810417e-01
9.990000789530e-01
9.990000808239e-01
9.990000848677e-01
9.990000858207e-01
9.990000877074e-01
9.990000890797e-01
9.990000834115e-01
9.990001190499e-01
9.990001071825e-01
9.990000822620e-01
9.990000877823e-01
9.990000825602e-01
9.990000818932e-01
9.990000827371e-01
9.990000798497e-01
9.990000848512e-01
9.990000852808e-01
9.990000859275e-01
9.990000858039e-01
9.990000842382e-01
9.990000827038e-01
9.990000848382e-01
9.990000839050e-01
9.990000785151e-01
9.990000755080e-01
9.990000666836e-01
9.990000612654e-01
9.990000595930e-01
9.990000622519e-01
9.990000522768e-01
9.990000434383e-01
9.990000493627e-01
9.990000421468e-01
9.990000173658e-01
9.990000291175e-01
9.990000469230e-01
9.990000476920e-01
9.990000421021e-01
9.990000294572e-01
9.990000287805e-01
9.990000271176e-01
9.990000203301e-01
9.990000319440e-01
9.990000426633e-01
9.990000448206e-01
9.990000515728e-01
9.990000478557e-01
9.990000413018e-01
9.990000388816e-01
9.990000332517e-01
9.990000310336e-01
9.990000390115e-01
9.990000280843e-01
9.989999943011e-01
9.989999832032e-01
9.990000007865e-01
9.990000107112e-01
9.990000104672e-01
9.990000242750e-01
9.990000399558e-01
9.990000206905e-01
9.990000146895e-01
9.990000111881e-01
9.990000222583e-01
9.990000392361e-01
9.990000278193e-01
9.990000290273e-01
9.990000365241e-01
9.990000401088e-01
9.990000301155e-01
9.989999969757e-01
9.990000191329e-01
9.990000419875e-01
9.990000386403e-01
9.990000233889e-01
9.990000148307e-01
9.990000154883e-01
9.990000132858e-01
9.990000264202e-01
9.990000140212e-01
9.990000020929e-01
9.989999924786e-01
9.989999572974e-01
9.989999394077e-01
9.989999792094e-01
9.989999881353e-01
9.989999768825e-01
9.989999610911e-01
9.989999564079e-01
9.989999625688e-01
9.989999486818e-01
9.989999662000e-01
9.989999887044e-01
9.989999849256e-01
9.989999979148e-01
9.989999986372e-01
9.989999758784e-01
9.989999964386e-01
9.990000046041e-01
9.989999854253e-01
9.989999737477e-01
9.989999662169e-01
9.989999659719e-01
9.989999970443e-01
9.990000134733e-01
9.990000315195e-01
9.990000474528e-01
9.990000531800e-01
9.990000704710e-01
9.990000763849e-01
9.990000776193e-01
9.990000703807e-01
9.990000420247e-01
9.990000457445e-01
9.990000739246e-01
9.990000673042e-01
9.990000675746e-01
9.990000834992e-01
9.990000857052e-01
9.990000906933e-01
9.990000941274e-01
9.990000931190e-01
9.990000898408e-01
9.990000870701e-01
9.990000876560e-01
9.990000856361e-01
9.990000864205e-01
9.990000825422e-01
9.990000805901e-01
9.990000796579e-01
9.990000737427e-01
9.990000727010e-01
9.990000750614e-01
9.990000811921e-01
9.990000845921e-01
9.990000928704e-01
9.990000893612e-01
9.990000951684e-01
9.990000951710e-01
9.990000975789e-01
9.990000927019e-01
9.990000923626e-01
9.990000928464e-01
9.990000907281e-01
9.990000947399e-01
9.990000924906e-01
9.990000941675e-01
9.990000903574e-01
9.990000955096e-01
9.990000969450e-01
9.990001001265e-01
9.990001023421e-01
9.990000965619e-01
9.990000980154e-01
9.990000954988e-01
9.990001022895e-01
9.990001006759e-01
9.990001025773e-01
9.990001043148e-01
9.990001092727e-01
9.990001151139e-01
9.990001127931e-01
9.990001216847e-01
9.990001224194e-01
9.990001228835e-01
9.990001182131e-01
9.990001251633e-01
9.990001257939e-01
9.990001206294e-01
9.990001217766e-01
9.990001187171e-01
9.990001140266e-01
9.990001178427e-01
9.990001143353e-01
9.990001145303e-01
9.990001098210e-01
9.990001104015e-01
9.990001097472e-01
9.990001076940e-01
9.990001069545e-01
9.990001076889e-01
9.990001124163e-01
9.990001109686e-01
9.990001185164e-01
9.990001162595e-01
9.990001149183e-01
9.990001148514e-01
9.990001088735e-01
9.990001083139e-01
9.990001082153e-01
9.990001094991e-01
9.990001141160e-01
9.990001147929e-01
9.990001207604e-01
9.990001224637e-01
9.990001283337e-01
9.990001261308e-01
9.990001320913e-01
9.990001348423e-01
9.990001336949e-01
9.990001299354e-01
9.990001286173e-01
9.990001279419e-01
9.990001346756e-01
9.990001329495e-01
9.990001303650e-01
9.990001329825e-01
9.990001322285e-01
9.990001351344e-01
9.990001310217e-01
9.990001407427e-01
9.990001370414e-01
9.990001287856e-01
9.990001263000e-01
9.990001210969e-01
9.990001182127e-01
9.990001090456e-01
9.990001127557e-01
9.990001152046e-01
9.990001122454e-01
9.990001167050e-01
9.990001097770e-01
9.990001113068e-01
9.990001071573e-01
9.990001110133e-01
9.990001056789e-01
9.990001101332e-01
9.990001116518e-01
9.990001092453e-01
9.990001139902e-01
9.990001024418e-01
9.990001070801e-01
9.990000987428e-01
9.990000904544e-01
9.990000938110e-01
9.990000883899e-01
9.990000902013e-01
9.990000882440e-01
9.990000856960e-01
9.990000928587e-01
9.990001050766e-01
9.990001129432e-01
9.990001064888e-01
9.990001089619e-01
9.990001157927e-01
9.990001321982e-01
9.990001385006e-01
9.990001358551e-01
9.990001341727e-01
9.990001422567e-01
9.990001452923e-01
9.990001583234e-01
9.990001577176e-01
9.990001635869e-01
9.990001753554e-01
9.990001810139e-01
9.990001831107e-01
9.990001871065e-01
9.990001948264e-01
9.990001712624e-01
9.990001738036e-01
9.990001722077e-01
9.990001699815e-01
9.990001663663e-01
9.990001508274e-01
9.990001659233e-01
9.990001477393e-01
9.990001628615e-01
9.990001590386e-01
9.990001543612e-01
9.990001588895e-01
9.990001648401e-01
9.990001541439e-01
9.990001455348e-01
9.990001498110e-01
9.990001395383e-01
9.990001425044e-01
9.990001288860e-01
9.990001183369e-01
9.990001277148e-01
9.990001297582e-01
9.990001123512e-01
9.990001147282e-01
9.990001007931e-01
9.990001040707e-01
9.990000788641e-01
9.990000680778e-01
9.990000562913e-01
9.990000507632e-01
9.990000471758e-01
9.990000731312e-01
9.990000631694e-01
9.990000582043e-01
9.990000531894e-01
9.990000481276e-01
9.990000437612e-01
9.990000377308e-01
9.990000437587e-01
9.990000321341e-01
9.990000306320e-01
9.990000259809e-01
9.990000292245e-01
9.990000185042e-01
9.990000759827e-01
9.990000703733e-01
9.990000989560e-01
9.990002017851e-01
9.990003584909e-01
9.990000833326e-01
9.990000548728e-01
9.990000000000e-01
9.990000000000e-01
9.990000000000e-01
9.990000000000e-01
9.990000000000e-01
9.990000000000e-01
9.990000000000e-01
9.990000038767e-01
9.989999934714e-01
9.990000074115e-01
9.989999723547e-01
9.989999368104e-01
9.989998608782e-01
9.989999946666e-01
9.990000015283e-01
9.989999946854e-01
9.989999896338e-01
9.990000024457e-01
9.990000005857e-01
9.990000062248e-01
9.989999959699e-01
9.990000119147e-01
9.990000113226e-01
9.989999984189e-01
9.990000082658e-01
9.990000002135e-01
9.989999886435e-01
9.989999955158e-01
9.990000144094e-01
9.990000049924e-01
9.990000133947e-01
9.990000083023e-01
9.990000111862e-01
9.990000088958e-01
9.989999996229e-01
9.990000006511e-01
9.989999860045e-01
9.990000046174e-01
9.989999971569e-01
9.989999995153e-01
9.989999961944e-01
9.990000058658e-01
9.989999977158e-01
9.990000115594e-01
9.990000099760e-01
9.990000033309e-01
9.990000051559e-01
9.990000071084e-01
9.990000115143e-01
9.990000085613e-01
9.990000134984e-01
9.989999940668e-01
9.989999957693e-01
9.989999941287e-01
9.990000002056e-01
9.990000082347e-01
9.990000094960e-01
9.989999905156e-01
9.989999702899e-01
9.990000029724e-01
9.989999900422e-01
9.989999982202e-01
9.989999918248e-01
9.989999785902e-01
9.990000081062e-01
9.990000009010e-01
9.990000096993e-01
9.989999873527e-01
9.989999846886e-01
9.989999896664e-01
9.989999958058e-01
9.989999941953e-01
9.989999882001e-01
9.989999881791e-01
9.990000026799e-01
9.990000096342e-01
9.990000020624e-01
9.989999921539e-01
9.990000081811e-01
9.989999913385e-01
9.990000108168e-01
9.989999996996e-01
9.990000028089e-01
9.990000054819e-01
9.989999688920e-01
9.990000005385e-01
9.989999976692e-01
9.990000115575e-01
9.989999924623e-01
9.990000050776e-01
9.989999888704e-01
9.989999918455e-01
9.990000107986e-01
9.990000018015e-01
9.989999950953e-01
9.990000112844e-01
9.989999860035e-01
9.990000038830e-01
9.990000099233e-01
9.990000047016e-01
9.990000085099e-01
9.990000065575e-01
9.989999939835e-01
9.990000079686e-01
9.990000145705e-01
9.990000043314e-01
9.990000117151e-01
9.990000107335e-01
9.990000106345e-01
9.990000021859e-01
9.989999892503e-01
9.989999958215e-01
9.990000053815e-01
9.989999975621e-01
9.990000108254e-01
9.990000105375e-01
9.990000087132e-01
9.990000132981e-01
9.989999763066e-01
9.990000109322e-01
9.990000148997e-01
9.990000107250e-01
9.990000117730e-01
9.990000029518e-01
9.990000016121e-01
9.990000013662e-01
9.990000017034e-01
9.989999970911e-01
9.989999915929e-01
9.989999911648e-01
9.989999938899e-01
9.989999882115e-01
9.990000106681e-01
9.990000121813e-01
9.990000065972e-01
9.989999999740e-01
9.989999814800e-01
9.989999991128e-01
9.990000089865e-01
9.989999921707e-01
9.989999970265e-01
9.989999969355e-01
9.989999897314e-01
9.989999970452e-01
9.990000090628e-01
9.990000044948e-01
9.990000076721e-01
9.989999878559e-01
9.989999779221e-01
9.990000024984e-01
9.989999986333e-01
9.990000044135e-01
9.989999940347e-01
9.990000014374e-01
9.989999845071e-01
9.990000090778e-01
9.990000116979e-01
9.989999933993e-01
9.989999743041e-01
9.990000035720e-01
9.989999957010e-01
9.990000028454e-01
9.989999957597e-01
9.989999979203e-01
9.990000108567e-01
9.989999846211e-01
9.989999975026e-01
9.989999964697e-01
9.989999916579e-01
9.989999957775e-01
9.990000075265e-01
9.990000031391e-01
9.989999510759e-01
9.989999959544e-01
9.989999735948e-01
9.989999964961e-01
9.989999980315e-01
9.989999880124e-01
9.990000064294e-01
9.990000084169e-01
9.989999760993e-01
9.989999882332e-01
9.990000142079e-01
9.990000027023e-01
9.990000015971e-01
9.990000016001e-01
9.989999919610e-01
9.990000134850e-01
9.990000057905e-01
9.990000032511e-01
9.989999901539e-01
9.990000098501e-01
9.990000053487e-01
9.990000096238e-01
9.990000068554e-01
9.990000108310e-01
9.990000039186e-01
9.990000046544e-01
9.990000163863e-01
9.990000030793e-01
9.990000103663e-01
9.989999866923e-01
9.989999908512e-01
9.989999948861e-01
9.989999505366e-01
9.989999903404e-01
9.989999752864e-01
9.990000061130e-01
9.990000065650e-01
9.989999770716e-01
9.990000102135e-01
9.990000024132e-01
9.989999986119e-01
9.989999965418e-01
9.990000131347e-01
9.990000158044e-01
9.990000048437e-01
9.990000143433e-01
9.989999903943e-01
9.989999916720e-01
9.989999761666e-01
9.990000158947e-01
9.990000081920e-01
9.990000152601e-01
9.989999823034e-01
9.990000108259e-01
9.989999838224e-01
9.989999645347e-01
9.989999898387e-01
9.990000012043e-01
9.989999833478e-01
9.990000084281e-01
9.990000101119e-01
9.989999766236e-01
9.989999567567e-01
9.989999731731e-01
9.990000079827e-01
9.989999623865e-01
9.989999963021e-01
9.989999262354e-01
9.989999547099e-01
9.990000057819e-01
9.990000022162e-01
9.989999314859e-01
