 0.91262359E+00
 0.45429261E+00
 0.27917579E+00
 0.21346926E+00
 0.16000307E+00
 0.12536482E+00
 0.10249785E+00
 0.85460994E-01
 0.72395783E-01
 0.62210929E-01
 0.54184569E-01
 0.47674866E-01
 0.42727059E-01
 0.38453771E-01
 0.34735841E-01
 0.31731837E-01
 0.29105101E-01
 0.26824129E-01
 0.24820361E-01
 0.23062853E-01
 0.21353582E-01
 0.19872856E-01
 0.18608324E-01
 0.17443618E-01
 0.16643410E-01
 0.15816233E-01
 0.15132594E-01
 0.14561579E-01
 0.13953567E-01
 0.13274555E-01
 0.12726038E-01
 0.12250485E-01
 0.11825956E-01
 0.11203033E-01
 0.10714064E-01
 0.10427744E-01
 0.10120665E-01
 0.97985914E-02
 0.94519424E-02
 0.91438740E-02
 0.87678122E-02
 0.84519594E-02
 0.82540889E-02
 0.80071621E-02
 0.78090165E-02
 0.75309031E-02
 0.73638871E-02
 0.72448094E-02
 0.71858904E-02
 0.70907819E-02
 0.69707072E-02
 0.68313569E-02
 0.67151420E-02
 0.66229647E-02
 0.64588548E-02
 0.63840716E-02
 0.62792287E-02
 0.61784017E-02
 0.60646609E-02
 0.59717609E-02
 0.58977395E-02
 0.58079872E-02
 0.56563345E-02
 0.55393366E-02
 0.54893862E-02
 0.54766643E-02
 0.53871617E-02
 0.53153549E-02
 0.52278934E-02
 0.51316615E-02
 0.50831841E-02
 0.50345801E-02
 0.50056244E-02
 0.50077961E-02
 0.50330903E-02
 0.50263995E-02
 0.50039575E-02
 0.50229668E-02
 0.50123703E-02
 0.49484044E-02
 0.49798198E-02
 0.49490390E-02
 0.49681888E-02
 0.49670482E-02
 0.48767419E-02
 0.48271998E-02
 0.48229063E-02
 0.48243082E-02
 0.48143271E-02
 0.48707139E-02
 0.48944536E-02
 0.48925268E-02
 0.48494851E-02
 0.48283195E-02
 0.48293889E-02
 0.47744524E-02
 0.47286069E-02
 0.47219664E-02
 0.47005475E-02
 0.46402905E-02
 0.46635382E-02
 0.47377428E-02
 0.47892760E-02
 0.47776065E-02
 0.47333550E-02
 0.46739238E-02
 0.46914815E-02
 0.47002793E-02
 0.46854853E-02
 0.46967213E-02
 0.46999648E-02
 0.46466244E-02
 0.46558341E-02
 0.46449489E-02
 0.46317411E-02
 0.46525214E-02
 0.46551326E-02
 0.45413887E-02
 0.44496431E-02
 0.44307383E-02
 0.44319462E-02
 0.44167639E-02
 0.44039375E-02
 0.43607269E-02
 0.43175564E-02
 0.43326868E-02
 0.42792257E-02
 0.42691538E-02
 0.42824062E-02
 0.42214861E-02
 0.42278806E-02
 0.42103418E-02
 0.41718468E-02
 0.41361091E-02
 0.41078940E-02
 0.41226532E-02
 0.41678180E-02
 0.41259737E-02
 0.40291470E-02
 0.39319005E-02
 0.39138712E-02
 0.39670415E-02
 0.40073263E-02
 0.39437448E-02
 0.39492631E-02
 0.39424540E-02
 0.39543331E-02
 0.39966773E-02
 0.38704410E-02
 0.38143973E-02
 0.38245379E-02
 0.38193515E-02
 0.38720507E-02
 0.39057851E-02
 0.38833753E-02
 0.38466505E-02
 0.39035129E-02
 0.39819466E-02
 0.40649846E-02
 0.40982873E-02
 0.40485961E-02
 0.39923847E-02
 0.39797141E-02
 0.40127145E-02
 0.41326663E-02
 0.42304305E-02
 0.41558429E-02
 0.40994281E-02
 0.41283574E-02
 0.41408841E-02
 0.40694263E-02
 0.40215760E-02
 0.40813744E-02
 0.41219896E-02
 0.41346121E-02
 0.41456912E-02
 0.41587153E-02
 0.42033924E-02
 0.42172143E-02
 0.42177661E-02
 0.42159991E-02
 0.43110599E-02
 0.43912766E-02
 0.43920852E-02
 0.44010364E-02
 0.44991916E-02
 0.45808914E-02
 0.46334792E-02
 0.46530826E-02
 0.47036224E-02
 0.47388206E-02
 0.48058952E-02
 0.48562781E-02
 0.49111190E-02
 0.49261898E-02
 0.49761589E-02
 0.50021096E-02
 0.49495238E-02
 0.49874208E-02
 0.50688654E-02
 0.50916215E-02
 0.51089011E-02
 0.50947075E-02
 0.50552054E-02
 0.49204419E-02
 0.48056578E-02
 0.48476427E-02
 0.48463481E-02
 0.48086091E-02
 0.47359867E-02
 0.46804842E-02
 0.46463268E-02
 0.46858816E-02
 0.46651699E-02
 0.45731638E-02
 0.45825548E-02
 0.45756349E-02
 0.46100494E-02
 0.45537717E-02
 0.45929767E-02
 0.45829336E-02
 0.45411480E-02
 0.44849869E-02
 0.44327034E-02
 0.43693998E-02
 0.42831071E-02
 0.42115415E-02
 0.41763737E-02
 0.42181278E-02
 0.41964762E-02
 0.41775696E-02
 0.41439032E-02
 0.41079808E-02
 0.40235487E-02
 0.39281307E-02
 0.39589434E-02
 0.38951035E-02
 0.38373440E-02
 0.37240536E-02
 0.36161705E-02
 0.35236075E-02
 0.33925703E-02
 0.32837686E-02
 0.32560274E-02
 0.32212467E-02
 0.31670336E-02
 0.31295679E-02
 0.30453283E-02
 0.28842280E-02
 0.27547472E-02
 0.27415595E-02
 0.27292749E-02
 0.27240989E-02
 0.27394125E-02
 0.26801044E-02
 0.26322703E-02
 0.26366982E-02
 0.26695461E-02
 0.26647884E-02
 0.25979572E-02
 0.25622310E-02
 0.25668469E-02
 0.26213049E-02
 0.26080464E-02
 0.25373327E-02
 0.25044547E-02
 0.25324591E-02
 0.25311069E-02
 0.25060113E-02
 0.25485948E-02
 0.25686399E-02
 0.25687449E-02
 0.25827644E-02
 0.26369277E-02
 0.26681311E-02
 0.26712190E-02
 0.26590206E-02
 0.26403358E-02
 0.25880549E-02
 0.25325812E-02
 0.25358261E-02
 0.25199395E-02
 0.25421330E-02
 0.25781813E-02
 0.25171501E-02
 0.25065401E-02
 0.25237340E-02
 0.24801756E-02
 0.24045890E-02
 0.23633234E-02
 0.23362031E-02
 0.23352501E-02
 0.23385850E-02
 0.22970600E-02
 0.23020431E-02
 0.23186393E-02
 0.23279754E-02
 0.22786867E-02
 0.22798561E-02
 0.22548597E-02
 0.22241291E-02
 0.22129452E-02
 0.21858894E-02
 0.22677314E-02
 0.23494078E-02
 0.23623777E-02
 0.23125679E-02
 0.22738104E-02
 0.22089167E-02
 0.21570265E-02
 0.20994472E-02
 0.20823847E-02
 0.20716408E-02
 0.20079645E-02
 0.19906015E-02
 0.19314972E-02
 0.19154924E-02
 0.19156192E-02
 0.19623151E-02
 0.19902026E-02
 0.19523854E-02
 0.19377630E-02
 0.19124637E-02
 0.18423157E-02
 0.18116736E-02
 0.18393619E-02
 0.18495750E-02
 0.18202214E-02
 0.17988139E-02
 0.18075725E-02
 0.17772032E-02
 0.17506793E-02
 0.17496663E-02
 0.17271035E-02
 0.17246042E-02
 0.17271238E-02
 0.17451805E-02
 0.17599531E-02
 0.17616357E-02
 0.17667114E-02
 0.17401919E-02
 0.17602363E-02
 0.17746923E-02
 0.17675052E-02
 0.17546803E-02
 0.17646642E-02
 0.17734279E-02
 0.17515218E-02
 0.17322273E-02
 0.17083451E-02
 0.16953105E-02
 0.17052738E-02
 0.17070181E-02
 0.17162569E-02
 0.16714519E-02
 0.16823539E-02
 0.16885989E-02
 0.16796017E-02
 0.16504046E-02
 0.16290243E-02
 0.16055474E-02
 0.16178042E-02
 0.16101463E-02
 0.15956178E-02
 0.16045351E-02
 0.15762717E-02
 0.15776349E-02
 0.16173883E-02
 0.15673469E-02
 0.15317887E-02
 0.15016908E-02
 0.15062198E-02
 0.14930045E-02
 0.14750322E-02
 0.14527226E-02
 0.14577208E-02
 0.14518869E-02
 0.14502484E-02
 0.14441524E-02
 0.14369639E-02
 0.14272517E-02
 0.14293821E-02
 0.14423011E-02
 0.14430506E-02
 0.13747331E-02
 0.13503069E-02
 0.13417164E-02
 0.12926031E-02
 0.12773394E-02
 0.13003585E-02
 0.13312010E-02
 0.13712104E-02
 0.13920910E-02
 0.13851122E-02
 0.13675477E-02
 0.13847139E-02
 0.13983778E-02
 0.14271576E-02
 0.14196757E-02
 0.14331457E-02
 0.14236109E-02
 0.14525254E-02
 0.14533320E-02
 0.14353346E-02
 0.14195585E-02
 0.14066640E-02
 0.13786571E-02
 0.13414788E-02
 0.13922270E-02
 0.14020581E-02
 0.13761529E-02
 0.14087649E-02
 0.14387296E-02
 0.14871145E-02
 0.15463283E-02
 0.15779518E-02
 0.15698348E-02
 0.15414481E-02
 0.15284220E-02
 0.15353459E-02
 0.15783679E-02
 0.16324753E-02
 0.16524286E-02
 0.16547582E-02
 0.16311924E-02
 0.16000154E-02
 0.15999424E-02
 0.16161374E-02
 0.16249940E-02
 0.16152408E-02
 0.16055095E-02
 0.15981936E-02
 0.15856881E-02
 0.16025507E-02
 0.15786164E-02
 0.15873678E-02
 0.15518066E-02
 0.15384402E-02
 0.15816477E-02
 0.15438556E-02
 0.15777056E-02
 0.16159287E-02
 0.16338869E-02
 0.15973925E-02
 0.15942730E-02
 0.15847118E-02
 0.15997908E-02
 0.16037321E-02
 0.16171915E-02
 0.16284089E-02
 0.15996857E-02
 0.15831571E-02
 0.15916147E-02
 0.16130597E-02
 0.16391895E-02
 0.15677757E-02
 0.15464594E-02
 0.15202157E-02
 0.14873416E-02
 0.14609800E-02
 0.14792318E-02
 0.14701090E-02
 0.14480647E-02
 0.14387358E-02
 0.14285617E-02
 0.14402823E-02
 0.14318633E-02
 0.14447073E-02
 0.14713382E-02
 0.14659770E-02
 0.15087006E-02
 0.15259616E-02
 0.15090833E-02
 0.14965812E-02
 0.14842144E-02
 0.15008032E-02
 0.14940033E-02
 0.14761871E-02
 0.14958594E-02
 0.15278595E-02
 0.14846779E-02
 0.14461620E-02
 0.13950782E-02
 0.14103457E-02
 0.13632678E-02
 0.13184962E-02
 0.13089896E-02
 0.12735023E-02
 0.13115514E-02
 0.12767127E-02
 0.11988229E-02
 0.11238065E-02
 0.10946386E-02
 0.10750772E-02
 0.11032627E-02
 0.11072332E-02
 0.11152085E-02
 0.11122083E-02
 0.11228392E-02
 0.11123808E-02
 0.11609743E-02
 0.11796738E-02
 0.11897327E-02
 0.11881391E-02
 0.11899481E-02
 0.12078582E-02
 0.12283448E-02
 0.12384399E-02
 0.12695852E-02
 0.12431317E-02
 0.12372231E-02
 0.12522066E-02
 0.12256469E-02
 0.12126051E-02
 0.12377153E-02
 0.12326848E-02
 0.12480949E-02
 0.12515603E-02
 0.12554009E-02
 0.12328884E-02
 0.11844691E-02
 0.11585774E-02
 0.11033392E-02
 0.10674336E-02
 0.10850051E-02
 0.11333018E-02
 0.11666590E-02
 0.11789435E-02
 0.11621051E-02
 0.11501680E-02
 0.11720400E-02
 0.11761472E-02
 0.11611691E-02
 0.12165008E-02
 0.12288839E-02
 0.12308063E-02
 0.12132505E-02
 0.12076147E-02
 0.12211412E-02
 0.11937299E-02
 0.11673717E-02
 0.11482752E-02
 0.11547533E-02
 0.11616277E-02
 0.11756309E-02
 0.11761420E-02
 0.11625029E-02
 0.11554879E-02
 0.11165051E-02
 0.10999533E-02
 0.11573894E-02
 0.11889487E-02
 0.11731203E-02
 0.11557077E-02
 0.11326385E-02
 0.11454032E-02
 0.11260924E-02
 0.11091769E-02
 0.10951863E-02
 0.10954822E-02
 0.11275508E-02
 0.11171620E-02
 0.11037638E-02
 0.11039530E-02
 0.10835994E-02
 0.10672631E-02
 0.10473325E-02
 0.10806660E-02
 0.10991550E-02
 0.10889457E-02
 0.11036637E-02
 0.10735644E-02
 0.10627090E-02
 0.10651929E-02
 0.10587309E-02
 0.10250138E-02
 0.10087125E-02
 0.10432003E-02
 0.10463022E-02
 0.10520382E-02
 0.10742230E-02
 0.10885413E-02
 0.10875401E-02
 0.10681966E-02
 0.10999408E-02
 0.10914818E-02
 0.10641646E-02
 0.10719036E-02
 0.10606479E-02
 0.10514836E-02
 0.10605486E-02
 0.10164714E-02
 0.98787077E-03
 0.96206466E-03
 0.96631563E-03
 0.95195913E-03
 0.95623612E-03
 0.94627624E-03
 0.94558094E-03
 0.96700409E-03
 0.98472939E-03
 0.99419903E-03
 0.10482374E-02
 0.10374782E-02
 0.10146854E-02
 0.10376501E-02
 0.10216514E-02
 0.10001510E-02
 0.96962435E-03
 0.95291703E-03
 0.10065798E-02
 0.10319263E-02
 0.10760214E-02
 0.11089703E-02
 0.11158567E-02
 0.10866032E-02
 0.10431364E-02
 0.99761796E-03
 0.97896404E-03
 0.99675567E-03
 0.10123470E-02
 0.10047177E-02
 0.10103140E-02
 0.99059981E-03
 0.10129565E-02
 0.10534454E-02
 0.10584361E-02
 0.10696627E-02
 0.10675792E-02
 0.10684948E-02
 0.10945483E-02
 0.11169921E-02
 0.11043314E-02
 0.10648855E-02
 0.10801762E-02
 0.11405601E-02
 0.11452184E-02
 0.11752443E-02
 0.12197569E-02
 0.12164958E-02
 0.12388481E-02
 0.12473281E-02
 0.12683051E-02
 0.12541341E-02
 0.12413561E-02
 0.11959822E-02
 0.11948827E-02
 0.12041475E-02
 0.11953329E-02
 0.11494070E-02
 0.11565601E-02
 0.11638514E-02
 0.11791600E-02
 0.11984368E-02
 0.11526688E-02
 0.10855649E-02
 0.11377321E-02
 0.11655374E-02
 0.11542277E-02
 0.11475976E-02
 0.11646303E-02
 0.11632063E-02
 0.11775972E-02
 0.11722982E-02
 0.11894037E-02
 0.11979797E-02
 0.11945524E-02
 0.11812720E-02
 0.11874805E-02
 0.11991150E-02
 0.11585515E-02
 0.11192505E-02
 0.10827242E-02
 0.10487736E-02
 0.10469683E-02
 0.10334397E-02
 0.10937378E-02
 0.10862030E-02
 0.10320119E-02
 0.10127696E-02
 0.10546230E-02
 0.10847001E-02
 0.10990376E-02
 0.10581232E-02
 0.10383175E-02
 0.10026239E-02
 0.97898823E-03
 0.98969911E-03
 0.99684179E-03
 0.10364238E-02
 0.10935176E-02
 0.11040440E-02
 0.11245577E-02
 0.11665027E-02
 0.11751605E-02
 0.11362411E-02
 0.10952749E-02
 0.11238307E-02
 0.10856843E-02
 0.10617273E-02
 0.10748223E-02
 0.10845602E-02
 0.11243432E-02
 0.11148848E-02
 0.10514690E-02
 0.99411881E-03
 0.10023771E-02
 0.10261477E-02
 0.10287116E-02
 0.10589249E-02
 0.10754780E-02
 0.10574677E-02
 0.10287486E-02
 0.10229700E-02
 0.10207384E-02
 0.10336592E-02
 0.10252023E-02
 0.10552308E-02
 0.10540059E-02
 0.10455566E-02
 0.10396704E-02
 0.10291120E-02
 0.99370188E-03
 0.93704362E-03
 0.93686905E-03
 0.92300485E-03
 0.87856617E-03
 0.87907650E-03
 0.82982711E-03
 0.77554207E-03
 0.73774836E-03
 0.71901507E-03
 0.68102308E-03
 0.65437847E-03
 0.63989218E-03
 0.62220053E-03
 0.57636527E-03
 0.54949616E-03
 0.55558489E-03
 0.56684287E-03
 0.57704625E-03
 0.58307679E-03
 0.57676662E-03
 0.55512172E-03
 0.54997275E-03
 0.53732301E-03
 0.54394047E-03
 0.52885879E-03
 0.51576886E-03
 0.51283301E-03
 0.53897434E-03
 0.55345008E-03
 0.55632616E-03
 0.53410548E-03
 0.55940385E-03
 0.59217918E-03
 0.56352929E-03
 0.56684572E-03
 0.55691863E-03
 0.53282208E-03
 0.53943442E-03
 0.55986787E-03
 0.58661940E-03
 0.59817549E-03
 0.59532682E-03
 0.59983727E-03
 0.59183591E-03
 0.59000794E-03
 0.58423778E-03
 0.59649961E-03
 0.55914282E-03
 0.58069779E-03
 0.58486457E-03
 0.57432646E-03
 0.53337335E-03
 0.53126523E-03
 0.55624543E-03
 0.56150336E-03
 0.55301726E-03
 0.56679408E-03
 0.57059865E-03
 0.57004518E-03
 0.56043375E-03
 0.57671415E-03
 0.58754127E-03
 0.58443839E-03
 0.60909157E-03
 0.64403802E-03
 0.68285374E-03
 0.66241908E-03
 0.62813870E-03
 0.62716308E-03
 0.62694169E-03
 0.62121310E-03
 0.64082616E-03
 0.64004831E-03
 0.59932550E-03
 0.61235430E-03
 0.61897711E-03
 0.61763768E-03
 0.62974656E-03
 0.66599523E-03
 0.67509860E-03
 0.67701055E-03
 0.70168849E-03
 0.71544834E-03
 0.76402614E-03
 0.75410318E-03
 0.70899312E-03
 0.68223293E-03
 0.70393429E-03
 0.70891350E-03
 0.72120985E-03
 0.74838750E-03
 0.75761145E-03
 0.74466813E-03
 0.75457087E-03
 0.76939337E-03
 0.73023925E-03
 0.72641704E-03
 0.75074379E-03
 0.73134291E-03
 0.71350895E-03
 0.67036221E-03
 0.65858073E-03
 0.67990993E-03
 0.68148267E-03
 0.65662091E-03
 0.65022069E-03
 0.65707943E-03
 0.66098947E-03
 0.63964779E-03
 0.62030904E-03
 0.62653970E-03
 0.62591033E-03
 0.63045964E-03
 0.61749023E-03
 0.60551653E-03
 0.60021141E-03
 0.58452982E-03
 0.54187881E-03
 0.56080818E-03
 0.54258698E-03
 0.53035169E-03
 0.53579246E-03
 0.50411091E-03
 0.50700521E-03
 0.51629123E-03
 0.48576910E-03
 0.43796336E-03
 0.43662966E-03
 0.44931428E-03
 0.43727889E-03
 0.40678230E-03
 0.38957684E-03
 0.41042247E-03
 0.44954909E-03
 0.45137772E-03
 0.42239336E-03
 0.41611915E-03
 0.41474804E-03
 0.43136583E-03
 0.44817407E-03
 0.45733887E-03
 0.45312862E-03
 0.46096399E-03
 0.44803898E-03
 0.43052061E-03
 0.43158197E-03
 0.42571510E-03
 0.44642303E-03
 0.45553001E-03
 0.46440559E-03
 0.46624895E-03
 0.49664222E-03
 0.53822495E-03
 0.54419226E-03
 0.49197676E-03
 0.46048108E-03
 0.47646129E-03
 0.50187373E-03
 0.51653122E-03
 0.50819656E-03
 0.49875118E-03
 0.50129319E-03
 0.52716270E-03
 0.53488294E-03
 0.56786420E-03
 0.58424179E-03
 0.58149420E-03
 0.53529437E-03
 0.49612689E-03
 0.45301100E-03
 0.44536336E-03
 0.43711703E-03
 0.44273862E-03
 0.50072620E-03
 0.51428942E-03
 0.52420407E-03
 0.52029573E-03
 0.51149332E-03
 0.51679999E-03
 0.52985428E-03
 0.51403234E-03
 0.50522323E-03
 0.52758104E-03
 0.53912752E-03
 0.54468943E-03
 0.54525676E-03
 0.54596764E-03
 0.53140898E-03
 0.52449046E-03
 0.48508140E-03
 0.48428545E-03
 0.50128200E-03
 0.51781804E-03
 0.51491183E-03
 0.51012350E-03
 0.50236642E-03
 0.50194602E-03
 0.52402660E-03
 0.50603011E-03
 0.50542771E-03
 0.46966327E-03
 0.44560431E-03
 0.42357859E-03
 0.40635308E-03
 0.42447566E-03
 0.42089258E-03
 0.40897037E-03
 0.38510563E-03
 0.36127218E-03
 0.37301425E-03
 0.37891984E-03
 0.36548714E-03
 0.37938226E-03
 0.38716495E-03
 0.37218549E-03
 0.37200416E-03
 0.38031772E-03
 0.40782058E-03
 0.41847298E-03
 0.41169389E-03
 0.42570268E-03
 0.42375470E-03
 0.40225194E-03
 0.39047661E-03
 0.41703581E-03
 0.40662495E-03
 0.39150568E-03
 0.37569037E-03
 0.37334847E-03
 0.38274466E-03
 0.36406143E-03
 0.34991617E-03
 0.36014227E-03
 0.36165712E-03
 0.35896815E-03
 0.35576919E-03
 0.35290554E-03
 0.35910968E-03
 0.37204426E-03
 0.38007253E-03
 0.37594195E-03
 0.39222230E-03
 0.41011365E-03
 0.42981409E-03
 0.42396819E-03
 0.42841679E-03
 0.42549803E-03
 0.43021187E-03
 0.46489761E-03
 0.44705362E-03
 0.41915428E-03
 0.40348427E-03
 0.40914883E-03
 0.41070454E-03
 0.44650330E-03
 0.48646528E-03
 0.47066290E-03
 0.44816667E-03
 0.43324133E-03
 0.43836751E-03
 0.45915706E-03
 0.43662682E-03
 0.44812815E-03
 0.44315065E-03
 0.45519239E-03
 0.45091300E-03
 0.42105304E-03
 0.41440394E-03
 0.40836384E-03
 0.39092244E-03
 0.36518036E-03
 0.35408798E-03
 0.35623379E-03
 0.35799114E-03
 0.32657262E-03
 0.31782494E-03
 0.32478851E-03
 0.31471165E-03
 0.32201958E-03
 0.35121885E-03
 0.33298182E-03
 0.32181840E-03
 0.31718415E-03
 0.29348963E-03
 0.28084290E-03
 0.29457539E-03
 0.28301878E-03
 0.27593217E-03
 0.28491832E-03
 0.27897461E-03
 0.27385762E-03
 0.29120548E-03
 0.31370928E-03
 0.32373152E-03
 0.29354332E-03
 0.26811479E-03
 0.26981157E-03
 0.28326217E-03
 0.29980519E-03
 0.29693765E-03
 0.32230536E-03
 0.31016455E-03
 0.30559500E-03
 0.27886977E-03
 0.26126467E-03
 0.27495620E-03
 0.28666846E-03
 0.30046051E-03
 0.30742572E-03
 0.31626493E-03
 0.33242564E-03
 0.32152593E-03
 0.33869806E-03
 0.34433419E-03
 0.35740601E-03
 0.36534984E-03
 0.39143179E-03
 0.40288774E-03
 0.40273503E-03
 0.42387851E-03
 0.42499688E-03
 0.40887186E-03
 0.37639706E-03
 0.36950060E-03
 0.39796461E-03
 0.39644368E-03
 0.38781875E-03
 0.39142984E-03
 0.38490062E-03
 0.35632992E-03
 0.34363907E-03
 0.36190013E-03
 0.38159978E-03
 0.38773998E-03
 0.38604038E-03
 0.40612485E-03
 0.40977950E-03
 0.40573060E-03
 0.37764768E-03
 0.40428031E-03
 0.41942338E-03
 0.41769906E-03
 0.42021601E-03
 0.38821460E-03
 0.39195842E-03
 0.40517766E-03
 0.37168487E-03
 0.37147758E-03
 0.37795988E-03
 0.40878519E-03
 0.42853619E-03
 0.42631984E-03
 0.40937646E-03
 0.42151118E-03
 0.45385456E-03
 0.45515715E-03
 0.45264745E-03
 0.39267290E-03
 0.36819775E-03
 0.37926346E-03
 0.39943464E-03
 0.39544056E-03
 0.38543295E-03
 0.38715357E-03
 0.37701614E-03
 0.38224815E-03
 0.39668333E-03
 0.41549795E-03
 0.42922540E-03
 0.44608379E-03
 0.45468330E-03
 0.42727072E-03
 0.43210143E-03
 0.44077446E-03
 0.46025206E-03
 0.49118731E-03
 0.50223368E-03
 0.52856183E-03
 0.56448330E-03
 0.57854959E-03
 0.60426828E-03
 0.62067651E-03
 0.61574551E-03
 0.58115850E-03
 0.58367618E-03
 0.58112288E-03
 0.59362102E-03
 0.60186033E-03
 0.66377734E-03
 0.67635184E-03
 0.69919734E-03
 0.69169807E-03
 0.68253061E-03
 0.74658781E-03
 0.69851760E-03
 0.66534542E-03
 0.70014827E-03
 0.75386556E-03
 0.76701250E-03
 0.80056335E-03
 0.78513939E-03
 0.74253035E-03
 0.75559455E-03
 0.74658593E-03
 0.78858702E-03
 0.81731553E-03
 0.84837109E-03
 0.80591088E-03
 0.77398138E-03
 0.77308588E-03
 0.79892663E-03
 0.82209385E-03
 0.83522370E-03
 0.80723108E-03
 0.75606132E-03
 0.78021998E-03
 0.80500946E-03
 0.77646466E-03
 0.73094969E-03
 0.67810045E-03
 0.64461396E-03
 0.60785452E-03
 0.57483647E-03
 0.53150533E-03
 0.49216542E-03
 0.49295702E-03
 0.51327858E-03
 0.51737137E-03
 0.54072964E-03
 0.52251217E-03
 0.47526435E-03
 0.50366715E-03
 0.50503360E-03
 0.50626318E-03
 0.51075459E-03
 0.51404234E-03
 0.51654645E-03
 0.51620048E-03
 0.55921120E-03
 0.56609506E-03
 0.57973470E-03
 0.56825886E-03
 0.57909872E-03
 0.55928467E-03
 0.54248732E-03
 0.53972756E-03
 0.56376101E-03
 0.60020125E-03
 0.60836576E-03
 0.62044626E-03
 0.64470812E-03
 0.56616352E-03
 0.52491790E-03
 0.52808455E-03
 0.54800170E-03
 0.52516139E-03
 0.50440045E-03
 0.50113399E-03
 0.49736511E-03
 0.47228168E-03
 0.44784162E-03
 0.42286473E-03
 0.41269188E-03
 0.41553814E-03
 0.41907906E-03
 0.42547080E-03
 0.40046681E-03
 0.40783640E-03
 0.43215987E-03
 0.40959787E-03
 0.42438037E-03
 0.41064156E-03
 0.40831618E-03
 0.40466680E-03
 0.37607667E-03
 0.37522440E-03
 0.38886382E-03
 0.40435792E-03
 0.41358917E-03
 0.42523108E-03
 0.39994841E-03
 0.39389901E-03
 0.37855235E-03
 0.38269158E-03
 0.37622941E-03
 0.36221459E-03
 0.37459522E-03
 0.35696159E-03
 0.32962600E-03
 0.32623438E-03
 0.34175826E-03
 0.38377213E-03
 0.39808851E-03
 0.39938994E-03
 0.42794263E-03
 0.42098305E-03
 0.44211634E-03
 0.44368551E-03
 0.43132297E-03
 0.46421286E-03
 0.47284272E-03
 0.47765854E-03
 0.51416868E-03
 0.54949321E-03
 0.53367675E-03
 0.48648725E-03
 0.50132276E-03
 0.50797968E-03
 0.48811394E-03
 0.47246830E-03
 0.49302807E-03
 0.52412169E-03
 0.53984891E-03
 0.53658128E-03
 0.51876961E-03
 0.48302230E-03
 0.49010547E-03
 0.48500756E-03
 0.45458413E-03
 0.42083910E-03
 0.38571643E-03
 0.38274397E-03
 0.39699791E-03
 0.41773402E-03
 0.41886539E-03
 0.40761088E-03
 0.41354845E-03
 0.41126744E-03
 0.42792004E-03
 0.42727336E-03
 0.40304190E-03
 0.41569061E-03
 0.43038013E-03
 0.41833655E-03
 0.39049122E-03
 0.38565566E-03
 0.41388596E-03
 0.44061966E-03
 0.43540107E-03
 0.45588266E-03
 0.44864359E-03
 0.45108919E-03
 0.43699934E-03
 0.42925467E-03
 0.42042246E-03
 0.43069479E-03
 0.42199666E-03
 0.43615215E-03
 0.42851000E-03
 0.41500712E-03
 0.40834192E-03
 0.42625166E-03
 0.40189833E-03
 0.39171929E-03
 0.39908957E-03
 0.37349145E-03
 0.36806540E-03
 0.35927073E-03
 0.36503478E-03
 0.39882340E-03
 0.41351060E-03
 0.44553120E-03
 0.43391169E-03
 0.47234659E-03
 0.50106952E-03
 0.52328995E-03
 0.51227715E-03
 0.50043755E-03
 0.46873167E-03
 0.49695566E-03
 0.49756661E-03
 0.52749314E-03
 0.56621869E-03
 0.54697897E-03
 0.50575993E-03
 0.47913332E-03
 0.50372627E-03
 0.49423955E-03
 0.52175146E-03
 0.50898690E-03
 0.53798675E-03
 0.53736447E-03
 0.48006045E-03
 0.48042942E-03
 0.48283232E-03
 0.49759498E-03
 0.52730879E-03
 0.54358650E-03
 0.52628829E-03
 0.52518505E-03
 0.53891008E-03
 0.50485704E-03
 0.48342901E-03
 0.53640919E-03
 0.59655928E-03
 0.62033771E-03
 0.59074887E-03
 0.59190010E-03
 0.60804329E-03
 0.56271303E-03
 0.55191066E-03
 0.52233356E-03
 0.45679501E-03
 0.47534549E-03
 0.51530507E-03
 0.53535688E-03
 0.54546585E-03
 0.54844973E-03
 0.50098806E-03
 0.49906902E-03
 0.54549549E-03
 0.51615921E-03
 0.53613403E-03
 0.53463563E-03
 0.52396913E-03
 0.51283840E-03
 0.51327284E-03
 0.59581512E-03
 0.61610082E-03
 0.63900225E-03
 0.63704216E-03
 0.63038266E-03
 0.63911433E-03
 0.68755655E-03
 0.70862983E-03
 0.60722553E-03
 0.52351741E-03
 0.50013653E-03
 0.50992376E-03
 0.49313037E-03
 0.52045756E-03
 0.52639065E-03
 0.52995540E-03
 0.53608745E-03
 0.55729378E-03
 0.57607438E-03
 0.51130408E-03
 0.50663327E-03
 0.50723929E-03
 0.45891156E-03
 0.40751882E-03
 0.39687123E-03
 0.48025310E-03
 0.48446833E-03
 0.51061835E-03
 0.51648372E-03
 0.49291622E-03
 0.44746127E-03
 0.47588481E-03
 0.52066167E-03
 0.52647912E-03
 0.50273276E-03
 0.47053401E-03
 0.48423417E-03
 0.51485501E-03
 0.54048193E-03
 0.53197126E-03
 0.56322179E-03
 0.58147408E-03
 0.60613345E-03
 0.63126666E-03
 0.63739255E-03
 0.63348990E-03
 0.65152877E-03
 0.65245490E-03
 0.60954716E-03
 0.59878594E-03
 0.62240039E-03
 0.62112310E-03
 0.65393604E-03
 0.66260153E-03
 0.70675377E-03
 0.70805260E-03
 0.69928082E-03
 0.73192283E-03
 0.75748628E-03
 0.78033045E-03
 0.69864870E-03
 0.72684383E-03
 0.74902172E-03
 0.75079739E-03
 0.76823090E-03
 0.78942677E-03
 0.74037002E-03
 0.69363106E-03
 0.71414513E-03
 0.72846163E-03
 0.70417561E-03
 0.67211178E-03
 0.61161738E-03
 0.57638815E-03
 0.58901485E-03
 0.54812140E-03
 0.50927549E-03
 0.46446949E-03
 0.50134497E-03
 0.51562533E-03
 0.50427431E-03
 0.49836935E-03
 0.49124481E-03
 0.50504681E-03
 0.50879238E-03
 0.51029807E-03
 0.50023396E-03
 0.50001029E-03
 0.54277756E-03
 0.56545630E-03
 0.50814414E-03
 0.50654269E-03
 0.57179801E-03
 0.61149126E-03
 0.60253493E-03
 0.59806141E-03
 0.54359889E-03
 0.49860760E-03
 0.52142174E-03
 0.51456464E-03
 0.49212579E-03
 0.52498976E-03
 0.51351497E-03
 0.52646507E-03
 0.57385534E-03
 0.56919498E-03
 0.57200939E-03
 0.59770034E-03
 0.58697304E-03
 0.62404340E-03
 0.66194144E-03
 0.60846481E-03
 0.59779402E-03
 0.63804897E-03
 0.64964595E-03
 0.68964177E-03
 0.70072689E-03
 0.72031432E-03
 0.74852623E-03
 0.72315154E-03
 0.70172596E-03
 0.63552431E-03
 0.55535483E-03
 0.52238838E-03
 0.54149793E-03
 0.58242585E-03
 0.56016493E-03
 0.50250233E-03
 0.44464301E-03
 0.45825247E-03
 0.49324299E-03
 0.56464947E-03
 0.59946523E-03
 0.62335287E-03
 0.60483329E-03
 0.64074538E-03
 0.65150330E-03
 0.62807350E-03
 0.63193217E-03
 0.59442957E-03
 0.53975746E-03
 0.56754494E-03
 0.56115403E-03
 0.56328523E-03
 0.54017833E-03
 0.55112993E-03
 0.55663157E-03
 0.52949096E-03
 0.46133442E-03
 0.43944370E-03
 0.44737864E-03
 0.45998566E-03
 0.48786857E-03
 0.53509370E-03
 0.56563102E-03
 0.58141276E-03
 0.56681221E-03
 0.53350906E-03
 0.58416749E-03
 0.56760560E-03
 0.55944272E-03
 0.60418005E-03
 0.62229955E-03
 0.64407980E-03
 0.69350931E-03
 0.66866146E-03
 0.70754941E-03
 0.70264277E-03
 0.68262321E-03
 0.67284167E-03
 0.67267942E-03
 0.69279851E-03
 0.68475063E-03
 0.65651423E-03
 0.66418852E-03
 0.68017487E-03
 0.66199523E-03
 0.68987129E-03
 0.66226849E-03
 0.65858067E-03
 0.64451545E-03
 0.67782612E-03
 0.65344974E-03
 0.65573232E-03
 0.61521634E-03
 0.61455930E-03
 0.68623413E-03
 0.65537280E-03
 0.60365457E-03
 0.57963060E-03
 0.60282791E-03
 0.56149743E-03
 0.53534193E-03
 0.57466148E-03
 0.64777918E-03
 0.61064203E-03
 0.58931549E-03
 0.56775319E-03
 0.52453746E-03
 0.50957213E-03
 0.50469343E-03
 0.57070616E-03
 0.66632037E-03
 0.61656016E-03
 0.54671372E-03
 0.52952142E-03
 0.62485726E-03
 0.63949314E-03
 0.64629877E-03
 0.60488460E-03
 0.63754263E-03
 0.65116303E-03
 0.62050375E-03
 0.59908958E-03
 0.51788647E-03
 0.48798795E-03
 0.50290134E-03
 0.56226983E-03
 0.64476674E-03
 0.62934463E-03
 0.65087655E-03
 0.66565144E-03
 0.66751384E-03
 0.67890479E-03
 0.72235505E-03
 0.73544317E-03
 0.73453516E-03
 0.71322259E-03
 0.79337057E-03
 0.77688553E-03
 0.74704280E-03
 0.81247578E-03
 0.82236245E-03
 0.75068038E-03
 0.73726486E-03
 0.72334639E-03
 0.71163020E-03
 0.72398366E-03
 0.70724871E-03
 0.70763822E-03
 0.71260601E-03
 0.65273737E-03
 0.61797910E-03
 0.59565104E-03
 0.56176592E-03
 0.55112623E-03
 0.45461478E-03
 0.44443509E-03
 0.51015881E-03
 0.56631819E-03
 0.54596729E-03
 0.62108730E-03
 0.68382323E-03
 0.70793212E-03
 0.63526258E-03
 0.61102032E-03
 0.57930959E-03
 0.59071796E-03
 0.58167313E-03
 0.58757260E-03
 0.61639219E-03
 0.59331935E-03
 0.64371525E-03
 0.68858862E-03
 0.72627444E-03
 0.73536928E-03
 0.70202680E-03
 0.71512175E-03
 0.78344821E-03
 0.82765860E-03
 0.82672051E-03
 0.76909901E-03
 0.77324000E-03
 0.82646566E-03
 0.87031943E-03
 0.83909582E-03
 0.75240609E-03
 0.67203438E-03
 0.65236701E-03
 0.60332774E-03
 0.59652291E-03
 0.69681446E-03
 0.71431708E-03
 0.59661275E-03
 0.52182539E-03
 0.52616377E-03
 0.53197037E-03
 0.56894415E-03
 0.52648094E-03
 0.53718327E-03
 0.53110467E-03
 0.54306304E-03
 0.59328029E-03
 0.59870256E-03
 0.54858639E-03
 0.54431134E-03
 0.55296119E-03
 0.59474780E-03
 0.59130819E-03
 0.60683018E-03
 0.59801653E-03
 0.60318192E-03
 0.62634217E-03
 0.62906872E-03
 0.62819966E-03
 0.69662461E-03
 0.68021462E-03
 0.73247428E-03
 0.79418378E-03
 0.81363401E-03
 0.75275440E-03
 0.72319521E-03
 0.76065560E-03
 0.76910705E-03
 0.76561372E-03
 0.71848496E-03
 0.69947879E-03
 0.66767899E-03
 0.67360779E-03
 0.76533835E-03
 0.71571454E-03
 0.64605615E-03
 0.61863614E-03
 0.62231711E-03
 0.55492713E-03
 0.55557371E-03
 0.56861893E-03
 0.55308865E-03
 0.51377277E-03
 0.52313552E-03
 0.56521754E-03
 0.57430016E-03
 0.56165671E-03
 0.56744108E-03
 0.55682101E-03
 0.57362493E-03
 0.62018917E-03
 0.57451340E-03
 0.46946058E-03
 0.43107072E-03
 0.41117391E-03
 0.43077669E-03
 0.38843491E-03
 0.37568471E-03
 0.41004924E-03
 0.47066743E-03
 0.48631079E-03
 0.46930933E-03
 0.49275273E-03
 0.46131527E-03
 0.40696715E-03
 0.43647180E-03
 0.40344760E-03
 0.42455097E-03
 0.43432274E-03
 0.43627099E-03
 0.45604706E-03
 0.48049941E-03
 0.51260232E-03
 0.52734677E-03
 0.56608290E-03
 0.56924174E-03
 0.55227120E-03
 0.56187022E-03
 0.56088681E-03
 0.58809628E-03
 0.58851397E-03
 0.57202801E-03
 0.58500497E-03
 0.64592900E-03
 0.70490745E-03
 0.61319651E-03
 0.64103768E-03
 0.52992716E-03
 0.52230955E-03
 0.54617319E-03
 0.47552614E-03
 0.41110548E-03
 0.41830031E-03
 0.45650622E-03
 0.55657906E-03
 0.59448722E-03
 0.58691487E-03
 0.52470849E-03
 0.44477247E-03
 0.45523736E-03
 0.52125795E-03
 0.54235442E-03
 0.55788223E-03
 0.56138873E-03
 0.65252976E-03
 0.64370626E-03
 0.57483729E-03
 0.56599058E-03
 0.57652525E-03
 0.57263471E-03
 0.63868137E-03
 0.66582094E-03
 0.62570008E-03
 0.60512479E-03
 0.58888277E-03
 0.55472168E-03
 0.57179784E-03
 0.62066105E-03
 0.67150263E-03
 0.76259282E-03
 0.83200030E-03
 0.87507694E-03
 0.90671053E-03
 0.88674153E-03
 0.88973986E-03
 0.89129818E-03
 0.90051135E-03
 0.95912811E-03
 0.94179639E-03
 0.96999827E-03
 0.98599150E-03
 0.94715679E-03
 0.96737933E-03
 0.97634106E-03
 0.98278485E-03
 0.99595072E-03
 0.99816851E-03
 0.92146201E-03
 0.95550950E-03
 0.10502500E-02
 0.10581425E-02
 0.84236859E-03
 0.70488300E-03
 0.71188660E-03
 0.63142544E-03
 0.59071728E-03
 0.61250889E-03
 0.72728163E-03
 0.76212565E-03
 0.77581353E-03
 0.74704477E-03
 0.80970839E-03
 0.92656577E-03
 0.95875463E-03
 0.86063021E-03
 0.81919190E-03
 0.77729443E-03
 0.73997788E-03
 0.75361289E-03
 0.80112902E-03
 0.82748485E-03
 0.87281981E-03
 0.88994499E-03
 0.75103267E-03
 0.65024672E-03
 0.62746328E-03
 0.60150837E-03
 0.55445630E-03
 0.58155206E-03
 0.63978594E-03
 0.68582790E-03
 0.79466902E-03
 0.77394848E-03
 0.73699884E-03
 0.77608651E-03
 0.76940518E-03
 0.72655661E-03
 0.71117364E-03
 0.70801199E-03
 0.68733801E-03
 0.57679511E-03
 0.57223537E-03
 0.63297999E-03
 0.68146300E-03
 0.67965433E-03
 0.69972385E-03
 0.61521156E-03
 0.52268280E-03
 0.55785789E-03
 0.56608509E-03
 0.56176930E-03
 0.52290200E-03
 0.53932585E-03
 0.53915747E-03
 0.51293070E-03
 0.52116993E-03
 0.62273272E-03
 0.63283264E-03
 0.61217064E-03
 0.52393867E-03
 0.49135492E-03
 0.46225672E-03
 0.53151268E-03
 0.55712941E-03
 0.57561654E-03
 0.60503722E-03
 0.58746371E-03
 0.63333758E-03
 0.72259512E-03
 0.76927343E-03
 0.61298254E-03
 0.50071036E-03
 0.48851575E-03
 0.51132676E-03
 0.53191035E-03
 0.52320590E-03
 0.53058604E-03
 0.53104015E-03
 0.50872854E-03
 0.51770100E-03
 0.52866223E-03
 0.47273692E-03
 0.47369038E-03
 0.49924699E-03
 0.51219996E-03
 0.48559537E-03
 0.46701158E-03
 0.48801729E-03
 0.59794495E-03
 0.62089368E-03
 0.60870154E-03
 0.58645503E-03
 0.53069899E-03
 0.50876264E-03
 0.47480528E-03
 0.53435769E-03
 0.57404026E-03
 0.51223057E-03
 0.52649535E-03
 0.51606824E-03
 0.49479069E-03
 0.43134515E-03
 0.43967643E-03
 0.41192273E-03
 0.43824801E-03
 0.47369201E-03
 0.45479307E-03
 0.38199072E-03
 0.36094710E-03
 0.39968399E-03
 0.32050169E-03
 0.29980182E-03
 0.29947093E-03
 0.32544134E-03
 0.37129708E-03
 0.37171230E-03
 0.37772247E-03
 0.41652690E-03
 0.46093785E-03
 0.52997680E-03
 0.55512436E-03
 0.52867116E-03
 0.59487488E-03
 0.64396419E-03
 0.72806934E-03
 0.82969460E-03
 0.89210852E-03
 0.82491321E-03
 0.10119833E-02
 0.93082708E-03
 0.89955380E-03
 0.90457233E-03
 0.93116057E-03
 0.10481120E-02
 0.10129674E-02
 0.10010278E-02
 0.10389288E-02
 0.99958175E-03
 0.99499998E-03
 0.11745017E-02
 0.11312280E-02
 0.10003849E-02
 0.92990287E-03
 0.88981316E-03
 0.97381786E-03
 0.98518228E-03
 0.11177938E-02
 0.10455950E-02
 0.98391098E-03
 0.97122151E-03
 0.95640666E-03
 0.94206837E-03
 0.89235755E-03
 0.87030875E-03
 0.96197923E-03
 0.96713012E-03
 0.95472526E-03
 0.89199808E-03
 0.76124315E-03
 0.80272427E-03
 0.90980255E-03
 0.10572851E-02
 0.11647901E-02
 0.11734729E-02
 0.11109198E-02
 0.12275784E-02
 0.12127192E-02
 0.10938166E-02
 0.10421286E-02
 0.99434140E-03
 0.93072797E-03
 0.83860602E-03
 0.81514848E-03
 0.74082598E-03
 0.79171041E-03
 0.83759361E-03
 0.87767459E-03
 0.82608849E-03
 0.87760883E-03
 0.93345313E-03
 0.10078693E-02
 0.12071017E-02
 0.13125692E-02
 0.12835480E-02
 0.11659764E-02
 0.10560375E-02
 0.10430621E-02
 0.11287531E-02
 0.11062482E-02
 0.94441252E-03
 0.75932633E-03
 0.77707115E-03
 0.84638647E-03
 0.88014683E-03
 0.84363028E-03
 0.73937893E-03
 0.67499485E-03
 0.59828863E-03
 0.51463397E-03
 0.48166487E-03
 0.42807023E-03
 0.35953859E-03
 0.27731996E-03
 0.23617125E-03
 0.22426204E-03
 0.22964499E-03
 0.26337621E-03
 0.28000117E-03
 0.23544707E-03
 0.21479954E-03
 0.21175255E-03
 0.20916069E-03
 0.21728005E-03
 0.21070622E-03
 0.21303066E-03
 0.21668892E-03
 0.22198419E-03
 0.21834987E-03
 0.21121052E-03
 0.21414246E-03
 0.21619206E-03
 0.20360117E-03
 0.20174947E-03
 0.21824059E-03
 0.24947202E-03
 0.26022177E-03
 0.22972878E-03
 0.20750718E-03
 0.20762546E-03
 0.20269283E-03
 0.21811977E-03
 0.25420901E-03
 0.25416023E-03
 0.22500110E-03
 0.19502782E-03
 0.18935322E-03
 0.16369492E-03
 0.14818605E-03
 0.14439301E-03
 0.14705137E-03
 0.14692876E-03
 0.13848522E-03
 0.12950656E-03
 0.11923012E-03
 0.11182360E-03
 0.10545109E-03
 0.10084538E-03
 0.10133613E-03
 0.10389863E-03
 0.10766942E-03
 0.11518056E-03
 0.95216162E-04
 0.89909603E-04
 0.88924310E-04
 0.88588908E-04
 0.87166316E-04
 0.90353753E-04
 0.97342138E-04
 0.11009915E-03
 0.89327340E-04
 0.87975474E-04
 0.88188516E-04
 0.86202614E-04
 0.85802361E-04
 0.87316101E-04
 0.87486456E-04
 0.88190485E-04
 0.90398660E-04
 0.92352988E-04
 0.96178508E-04
 0.97374763E-04
 0.10207935E-03
 0.10944767E-03
 0.14182823E-03
 0.15270625E-03
 0.14150875E-03
 0.13283884E-03
 0.18596857E-03
 0.13950578E-03
 0.11979013E-03
 0.11703894E-03
 0.11993513E-03
 0.12691874E-03
 0.13460672E-03
 0.13595999E-03
 0.13731438E-03
 0.13413491E-03
 0.13263475E-03
 0.13397654E-03
 0.13447617E-03
 0.13482009E-03
 0.13783282E-03
 0.14227039E-03
 0.15526501E-03
 0.14342130E-03
 0.14256162E-03
 0.14195503E-03
 0.14544034E-03
 0.14850518E-03
 0.14857230E-03
 0.15029125E-03
 0.15144772E-03
 0.15320426E-03
 0.15585896E-03
 0.16223536E-03
 0.17676060E-03
 0.21855898E-03
 0.26889504E-03
 0.23128802E-03
 0.21532842E-03
 0.19954765E-03
 0.19426906E-03
 0.19941107E-03
 0.23379878E-03
 0.21380427E-03
 0.25259725E-03
 0.26392465E-03
 0.20872551E-03
 0.18134308E-03
 0.16574288E-03
 0.16153884E-03
 0.16007755E-03
 0.16606603E-03
 0.17370705E-03
 0.17842724E-03
 0.20040654E-03
 0.21794072E-03
 0.22150701E-03
 0.19970118E-03
 0.19861183E-03
 0.20702999E-03
 0.24764916E-03
 0.37266507E-03
 0.44807941E-03
 0.45884988E-03
 0.47908696E-03
 0.56406017E-03
 0.64743898E-03
 0.75375676E-03
 0.81639630E-03
 0.76778494E-03
 0.66544417E-03
 0.64005912E-03
 0.67814546E-03
 0.58379602E-03
 0.65136903E-03
 0.65969856E-03
 0.75599048E-03
 0.84602395E-03
 0.77380787E-03
 0.83774648E-03
 0.91209739E-03
 0.97774201E-03
 0.11075381E-02
 0.12090524E-02
 0.12248983E-02
 0.99822093E-03
 0.91102881E-03
 0.10733415E-02
 0.11920515E-02
 0.12247934E-02
 0.11878184E-02
 0.95738017E-03
 0.86249714E-03
 0.81028387E-03
 0.68634502E-03
 0.63556328E-03
 0.56708883E-03
 0.60292218E-03
 0.46147440E-03
 0.39473726E-03
 0.38119672E-03
 0.37531791E-03
 0.45636606E-03
 0.57137921E-03
 0.52441052E-03
 0.44738581E-03
 0.40552719E-03
 0.45611264E-03
 0.54305641E-03
 0.40187121E-03
 0.30533946E-03
 0.27364950E-03
 0.18385750E-03
 0.16764792E-03
 0.19914578E-03
 0.16340034E-03
 0.16232081E-03
 0.14490790E-03
 0.13048457E-03
 0.12079999E-03
 0.11852534E-03
 0.11590574E-03
 0.11005653E-03
 0.11366729E-03
 0.11531317E-03
 0.10896144E-03
 0.10274860E-03
 0.96419946E-04
 0.92925642E-04
 0.89798080E-04
 0.86538631E-04
 0.83833149E-04
 0.82990208E-04
 0.85928192E-04
 0.90734920E-04
 0.89110419E-04
 0.81872955E-04
 0.81825895E-04
 0.83522255E-04
 0.86588197E-04
 0.90518298E-04
 0.96103371E-04
 0.10504391E-03
 0.11283860E-03
 0.12019863E-03
 0.12330587E-03
 0.12589115E-03
 0.12783152E-03
 0.13056016E-03
 0.13131933E-03
 0.13256808E-03
 0.13840946E-03
 0.14215749E-03
 0.14527805E-03
 0.15083664E-03
 0.15806588E-03
 0.16977228E-03
 0.18639573E-03
 0.20705728E-03
 0.24208362E-03
 0.30650157E-03
 0.36232247E-03
 0.35551463E-03
 0.33846369E-03
 0.43591825E-03
 0.51650184E-03
 0.46553991E-03
 0.55276247E-03
 0.82272055E-03
 0.69403685E-03
 0.48889695E-03
 0.49552417E-03
 0.57414075E-03
 0.70382886E-03
 0.71212666E-03
 0.67057314E-03
 0.74539605E-03
 0.68147225E-03
 0.54547786E-03
 0.51048029E-03
 0.46014177E-03
 0.51737993E-03
 0.58418518E-03
 0.64335148E-03
 0.65894596E-03
 0.68922238E-03
 0.58991499E-03
 0.72413232E-03
 0.10284135E-02
 0.11475470E-02
 0.10118787E-02
 0.89626403E-03
 0.86340577E-03
 0.75869245E-03
 0.63068631E-03
 0.77532313E-03
 0.86840383E-03
 0.95108011E-03
 0.80376553E-03
 0.61181922E-03
 0.69102350E-03
 0.67214279E-03
 0.60671272E-03
 0.58931494E-03
 0.71766620E-03
 0.10086246E-02
 0.80344985E-03
 0.57323657E-03
 0.66093513E-03
 0.82638317E-03
 0.94352400E-03
 0.90265123E-03
 0.89099777E-03
 0.77052645E-03
 0.90010971E-03
 0.98287819E-03
 0.10964104E-02
 0.14122183E-02
 0.16133512E-02
 0.12330180E-02
 0.11401672E-02
 0.12550597E-02
 0.14156828E-02
 0.14346351E-02
 0.13731544E-02
 0.15317487E-02
 0.14329813E-02
 0.11708435E-02
 0.11844422E-02
 0.10720081E-02
 0.11437110E-02
 0.13621038E-02
 0.11415269E-02
 0.10433568E-02
 0.12414248E-02
 0.13970217E-02
 0.14634496E-02
 0.14699914E-02
 0.11866559E-02
 0.10433165E-02
 0.84912634E-03
 0.75901489E-03
 0.69772921E-03
 0.56075504E-03
 0.50411876E-03
 0.52197968E-03
 0.58832112E-03
 0.85720082E-03
 0.78734376E-03
 0.53337347E-03
 0.57338628E-03
 0.54838649E-03
 0.44019866E-03
 0.37552919E-03
 0.33734613E-03
 0.29842208E-03
 0.28636805E-03
 0.28635445E-03
 0.28587778E-03
 0.28268761E-03
 0.27578277E-03
 0.26182552E-03
 0.25014874E-03
 0.24289970E-03
 0.24898323E-03
 0.25968787E-03
 0.28614988E-03
 0.26805017E-03
 0.25504357E-03
 0.22598932E-03
 0.20187990E-03
 0.19567764E-03
 0.19586685E-03
 0.19731251E-03
 0.19916980E-03
 0.19609653E-03
 0.17923527E-03
 0.16904963E-03
 0.16544401E-03
 0.16318567E-03
 0.15812314E-03
 0.15601491E-03
 0.15906317E-03
 0.15583178E-03
 0.15066259E-03
 0.15289983E-03
 0.15242132E-03
 0.15722247E-03
 0.16647427E-03
 0.17073837E-03
 0.14700010E-03
 0.13403069E-03
 0.13125718E-03
 0.13572579E-03
 0.13106165E-03
 0.11045075E-03
 0.10198123E-03
 0.94396550E-04
 0.89454467E-04
 0.90278742E-04
 0.93785704E-04
 0.95428931E-04
 0.89731643E-04
 0.86030165E-04
 0.84155183E-04
 0.82082815E-04
 0.80480929E-04
 0.79413385E-04
 0.79003599E-04
 0.79310626E-04
 0.80280953E-04
 0.81660130E-04
 0.83295714E-04
 0.83495498E-04
 0.81126117E-04
 0.79365676E-04
 0.77124735E-04
 0.75429397E-04
 0.74226989E-04
 0.73597953E-04
 0.72799960E-04
 0.71810915E-04
 0.71239216E-04
 0.70063836E-04
 0.68478886E-04
 0.66818467E-04
 0.66142741E-04
 0.64711879E-04
 0.61393750E-04
 0.59257234E-04
 0.58592448E-04
 0.58237462E-04
 0.57992393E-04
 0.57901012E-04
 0.58050117E-04
 0.58414496E-04
 0.58691125E-04
 0.58604582E-04
 0.58360930E-04
 0.58222561E-04
 0.58151452E-04
 0.58207074E-04
 0.58347567E-04
 0.58668976E-04
 0.59208863E-04
 0.59699144E-04
 0.60128649E-04
 0.60471831E-04
 0.60765497E-04
 0.60649206E-04
 0.60542325E-04
 0.60587990E-04
 0.60698887E-04
 0.60781211E-04
 0.60855577E-04
 0.61125754E-04
 0.61261812E-04
 0.61272321E-04
 0.61336539E-04
 0.60989215E-04
 0.60978592E-04
 0.61576493E-04
 0.62375610E-04
 0.63537375E-04
 0.64918577E-04
 0.65764827E-04
 0.67339126E-04
 0.69762668E-04
 0.72365632E-04
 0.75618201E-04
 0.80469459E-04
 0.85278723E-04
 0.87561132E-04
 0.89852370E-04
 0.92569695E-04
 0.96323843E-04
 0.10060818E-03
 0.10918772E-03
 0.12003880E-03
 0.12957892E-03
 0.12342763E-03
 0.11649529E-03
 0.11452124E-03
 0.11445695E-03
 0.11532160E-03
 0.11086236E-03
 0.10619864E-03
 0.10293440E-03
 0.97978071E-04
 0.95784335E-04
 0.94074165E-04
 0.92202767E-04
 0.89564151E-04
 0.86828031E-04
 0.85018322E-04
 0.84237658E-04
 0.83730051E-04
 0.82303666E-04
 0.80429493E-04
 0.78435279E-04
 0.77322522E-04
 0.77108851E-04
 0.77716135E-04
 0.78410122E-04
 0.77923955E-04
 0.77683470E-04
 0.76644293E-04
 0.75190337E-04
 0.72188120E-04
 0.68256056E-04
 0.65334629E-04
 0.62218146E-04
 0.59821378E-04
 0.57524024E-04
 0.55409826E-04
 0.53366190E-04
 0.49837223E-04
 0.47273986E-04
 0.44569193E-04
 0.42371155E-04
 0.39854605E-04
 0.37986251E-04
 0.36650943E-04
 0.35585540E-04
 0.34541682E-04
 0.33721759E-04
 0.32823510E-04
 0.31848475E-04
 0.30910184E-04
 0.29891120E-04
 0.29131045E-04
 0.28309429E-04
 0.27576628E-04
 0.26741649E-04
 0.25944121E-04
 0.24988832E-04
 0.24189718E-04
 0.23811519E-04
 0.23360661E-04
 0.24079155E-04
 0.23040056E-04
 0.23177543E-04
 0.22486357E-04
 0.21056104E-04
 0.20856604E-04
 0.00000000E+00
 0.00000000E+00
 0.00000000E+00
 0.00000000E+00
 0.00000000E+00
 0.00000000E+00
 0.00000000E+00
 0.10588381E-01
 0.27239055E-02
 0.20460763E-02
 0.88177654E-02
 0.31550946E-02
 0.66941408E-01
 0.17093510E-03
 0.10267080E-03
 0.16302437E-03
 0.21848596E-03
 0.96754705E-04
 0.11453123E-03
 0.55656833E-04
 0.17132598E-03
 0.73152444E-05
 0.12548901E-04
 0.14537446E-03
 0.31067050E-04
 0.12195220E-03
 0.24892792E-03
 0.18267799E-03
 0.89712491E-05
 0.64703854E-04
 0.21022082E-04
 0.50632349E-04
 0.71718210E-05
 0.54618662E-04
 0.11386478E-03
 0.95987844E-04
 0.24728135E-03
 0.66765407E-04
 0.14055640E-03
 0.11522512E-03
 0.15956260E-03
 0.59365034E-04
 0.14062948E-03
 0.55692812E-05
 0.62809694E-05
 0.81956454E-04
 0.74785406E-04
 0.57556495E-04
 0.27707595E-04
 0.22361248E-04
 0.86115804E-05
 0.18458699E-03
 0.15556069E-03
 0.19224016E-03
 0.10009858E-03
 0.24861324E-04
 0.17998834E-04
 0.20700845E-03
 0.40712591E-03
 0.91507415E-04
 0.21766959E-03
 0.13607573E-03
 0.20318008E-03
 0.31994298E-03
 0.34458492E-04
 0.11773644E-03
 0.31716435E-04
 0.27046157E-03
 0.26033236E-03
 0.24793265E-03
 0.16663777E-03
 0.17128141E-03
 0.25173237E-03
 0.21793048E-03
 0.77878235E-04
 0.84820579E-05
 0.81913266E-04
 0.19169547E-03
 0.28636262E-04
 0.19761167E-03
 0.62538936E-05
 0.10276407E-03
 0.81278295E-04
 0.66815025E-04
 0.43274350E-03
 0.13288204E-03
 0.12536531E-03
 0.23232022E-04
 0.19373348E-03
 0.59866875E-04
 0.24127151E-03
 0.19191340E-03
 0.23042098E-05
 0.90793067E-04
 0.16893482E-03
 0.43059526E-05
 0.25721255E-03
 0.82165878E-04
 0.62487057E-05
 0.68740427E-04
 0.42834992E-04
 0.64341086E-04
 0.20655798E-03
 0.30104090E-04
 0.31213084E-05
 0.84757017E-04
 0.20106332E-05
 0.31658775E-04
 0.96467768E-05
 0.91914726E-04
 0.23279177E-03
 0.16398863E-03
 0.68594369E-04
 0.15030097E-03
 0.13298264E-05
 0.14924119E-04
 0.45600703E-04
 0.24112635E-05
 0.38800741E-03
 0.28424722E-05
 0.26951676E-05
 0.23480946E-04
 0.17357887E-05
 0.11095762E-03
 0.97790281E-04
 0.11299617E-03
 0.10522829E-03
 0.15161656E-03
 0.21092596E-03
 0.20072244E-03
 0.18378494E-03
 0.25212918E-03
 0.29505853E-04
 0.30556150E-04
 0.49528796E-04
 0.15571963E-03
 0.31874767E-03
 0.13250846E-03
 0.55212864E-04
 0.20258664E-03
 0.15104542E-03
 0.15297610E-03
 0.22855922E-03
 0.13930775E-03
 0.30133012E-04
 0.89423775E-04
 0.60535983E-04
 0.27606653E-03
 0.33662292E-03
 0.13245847E-03
 0.14984413E-03
 0.83524380E-04
 0.20819488E-03
 0.11986974E-03
 0.29004656E-03
 0.49402861E-04
 0.63621026E-05
 0.20276335E-03
 0.41024047E-03
 0.11747323E-03
 0.21899921E-03
 0.99764996E-04
 0.22325910E-03
 0.17241060E-03
 0.32683387E-04
 0.32535271E-03
 0.15577352E-03
 0.17006704E-03
 0.20120843E-03
 0.17187597E-03
 0.68075831E-04
 0.11508025E-03
 0.65290459E-03
 0.16501420E-03
 0.42979626E-03
 0.18124569E-03
 0.15508719E-03
 0.27743576E-03
 0.71068277E-04
 0.34639114E-04
 0.36946327E-03
 0.26213693E-03
 0.63749061E-05
 0.13879022E-03
 0.11028472E-03
 0.15428647E-03
 0.22973679E-03
 0.36427216E-05
 0.10331497E-03
 0.92047819E-04
 0.23499136E-03
 0.52160060E-04
 0.10148214E-03
 0.78386789E-04
 0.64836584E-04
 0.72948333E-04
 0.11800134E-03
 0.10107506E-03
 0.63757852E-05
 0.95963719E-04
 0.36752970E-04
 0.26677162E-03
 0.24440629E-03
 0.17292968E-03
 0.64769022E-03
 0.23193939E-03
 0.38384303E-03
 0.91513355E-04
 0.86335683E-04
 0.37863988E-03
 0.65326024E-04
 0.11092695E-03
 0.18677899E-03
 0.18824641E-03
 0.19608733E-04
 0.11703993E-04
 0.11872987E-03
 0.46010016E-04
 0.24663969E-03
 0.27663823E-03
 0.41275258E-03
 0.92795188E-05
 0.11173321E-03
 0.47646334E-04
 0.32575280E-03
 0.10977008E-03
 0.34549809E-03
 0.52690297E-03
 0.30576572E-03
 0.15983493E-03
 0.41165479E-03
 0.12703505E-03
 0.98088194E-04
 0.46498146E-03
 0.61199406E-03
 0.42703579E-03
 0.86496310E-04
 0.55702097E-03
 0.26751931E-03
 0.95833456E-03
 0.71361743E-03
 0.14043653E-03
 0.20633690E-03
 0.92395431E-03
