0 0.000000
1 0.000000
2 0.851410
3 -2.237637
4 -0.706394
5 -0.071827
6 -0.242182
7 -0.174271
8 -0.102514
9 -0.109489
10 -0.089884
11 -0.053388
12 -0.060427
13 -0.046272
14 -0.037054
15 -0.046665
16 -0.037434
17 -0.025149
18 -0.032391
19 -0.027162
20 -0.033596
21 -0.003088
22 -0.025949
23 -0.007093
24 -0.024373
25 -0.014125
26 -0.014603
27 -0.016118
28 -0.035986
29 -0.017930
30 -0.015910
31 -0.017216
32 -0.013763
33 -0.030770
34 -0.012449
35 -0.012083
36 -0.014626
37 -0.017556
38 -0.017480
39 -0.012350
40 -0.014980
41 -0.013534
42 -0.012522
43 -0.008530
44 -0.012223
45 -0.014186
46 -0.013596
47 -0.013444
48 -0.015389
49 -0.014111
50 -0.018544
51 -0.018618
52 -0.014778
53 -0.017233
54 -0.019114
55 -0.018098
56 -0.016300
57 -0.021259
58 -0.021683
59 -0.019160
60 -0.017987
61 -0.017610
62 -0.018064
63 -0.020076
64 -0.015317
65 -0.016094
66 -0.015744
67 -0.010968
68 -0.012340
69 -0.029693
70 -0.009172
71 -0.020084
72 -0.021422
73 -0.024906
74 -0.004345
75 -0.025413
76 -0.021766
77 -0.025840
78 -0.017963
79 -0.021478
80 -0.017851
81 -0.016656
82 -0.019804
83 -0.021352
84 -0.021533
85 -0.016631
86 -0.023167
87 -0.022410
88 -0.021649
89 -0.022066
90 -0.020348
91 -0.020440
92 -0.022445
93 -0.023699
94 -0.020657
95 -0.024374
96 -0.024956
97 -0.020709
98 -0.023239
99 -0.021856
100 -0.026273
101 -0.017776
102 -0.018309
103 -0.021934
104 -0.018224
105 -0.023603
106 -0.020721
107 -0.021358
108 -0.024043
109 -0.023549
110 -0.021915
111 -0.026946
112 -0.025908
113 -0.023247
114 -0.020442
115 -0.021315
116 -0.022801
117 -0.026558
118 -0.032932
119 -0.025133
120 -0.024234
121 -0.021882
122 -0.025357
123 -0.027142
124 -0.021301
125 -0.021801
126 -0.022685
127 -0.022296
128 -0.024977
129 -0.022274
130 -0.025330
131 -0.027519
132 -0.027918
133 -0.022015
134 -0.025190
135 -0.017939
136 -0.027239
137 -0.002264
138 -0.010504
139 -0.005059
140 -0.008002
141 -0.006633
142 -0.003890
143 -0.003462
144 -0.004208
145 -0.001516
146 -0.000031
147 -0.004782
148 -0.007220
149 -0.007849
150 -0.005496
151 -0.005950
152 -0.008281
153 -0.010505
154 -0.017068
155 0.002937
156 -0.006641
157 -0.003316
158 -0.002607
159 -0.014650
160 -0.015418
161 -0.010024
162 -0.002212
163 -0.004892
164 -0.013289
165 -0.012489
166 -0.005991
167 -0.003734
168 -0.013174
169 -0.005841
170 -0.005221
171 -0.005193
172 -0.004866
173 -0.006167
174 0.002795
175 -0.000878
176 -0.008708
177 -0.008955
178 -0.005045
179 -0.000744
180 0.012290
181 0.007341
182 0.005974
183 -0.011893
184 -0.008209
185 -0.006997
186 -0.036362
187 -0.017772
188 -0.034784
189 -0.021793
190 -0.013896
191 -0.006271
192 -0.021884
193 -0.026599
194 -0.013932
195 -0.023466
196 -0.017104
197 -0.018472
198 -0.027122
199 -0.015905
200 -0.022260
201 -0.029855
202 -0.016494
203 -0.028430
204 -0.015679
205 -0.027301
206 -0.026588
207 -0.015114
208 -0.031853
209 -0.013136
210 -0.029227
211 -0.011389
212 -0.020320
213 -0.030060
214 -0.028398
215 -0.008096
216 -0.031714
217 -0.024737
218 -0.021650
219 -0.017380
220 -0.023151
221 -0.037994
222 -0.030134
223 -0.022734
224 -0.021798
225 -0.020366
226 -0.014027
227 -0.009336
228 -0.015705
229 -0.011801
230 -0.015638
231 -0.014134
232 -0.023790
233 -0.015854
234 -0.005025
235 -0.022377
236 -0.018328
237 -0.011328
238 -0.030001
239 0.005139
240 0.002927
241 -0.002226
242 0.003886
243 0.005744
244 -0.002809
245 0.001351
246 0.005693
247 0.005902
248 -0.003934
249 0.000290
250 0.003381
251 -0.000788
252 -0.000568
253 -0.000186
254 -0.006652
255 -0.003851
256 0.002752
257 0.004950
258 -0.007399
259 -0.014336
260 0.008008
261 -0.004803
262 -0.000979
263 -0.003850
264 -0.001630
265 0.000555
266 -0.006136
267 0.007375
268 0.006117
269 0.009507
270 0.002654
271 -0.018371
272 -0.022029
273 -0.015684
274 -0.013376
275 -0.017144
276 -0.023263
277 -0.022059
278 -0.011850
279 -0.016118
280 -0.010039
281 -0.021076
282 -0.013542
283 -0.013550
284 -0.020414
285 -0.016359
286 -0.020663
287 -0.016780
288 -0.018178
289 -0.020871
290 -0.011157
291 -0.010381
292 -0.008547
293 -0.016241
294 -0.013241
295 -0.013085
296 -0.021117
297 -0.013627
298 -0.014528
299 -0.012009
300 -0.013727
301 -0.017963
302 -0.018621
303 -0.026986
304 -0.023608
305 -0.027261
306 -0.018907
307 -0.016472
308 -0.021871
309 -0.017485
310 -0.026356
311 -0.017294
312 -0.016059
313 -0.021673
314 -0.015703
315 -0.009276
316 -0.015351
317 -0.027292
318 -0.013888
319 -0.017557
320 -0.027577
321 -0.021145
322 -0.017752
323 -0.024196
324 -0.018760
325 -0.013173
326 -0.019261
327 -0.021839
328 -0.020690
329 -0.016606
330 -0.020050
331 -0.015514
332 -0.024574
333 -0.018527
334 -0.019331
335 -0.010287
336 -0.015876
337 -0.019391
338 -0.028191
339 -0.011318
340 -0.023114
341 -0.015327
342 -0.022929
343 -0.016961
344 -0.013396
345 -0.010038
346 -0.008365
347 -0.012159
348 -0.009361
349 -0.010944
350 -0.007833
351 -0.013806
352 -0.011647
353 -0.022756
354 -0.012116
355 -0.012125
356 -0.008292
357 -0.020659
358 -0.018234
359 -0.017656
360 -0.017166
361 -0.008635
362 -0.019286
363 -0.018710
364 -0.022135
365 -0.016179
366 -0.017204
367 -0.016374
368 -0.015098
369 -0.010572
370 -0.010861
371 -0.021060
372 -0.009982
373 -0.013291
374 -0.014255
375 -0.014998
376 0.006265
377 0.001759
378 -0.005643
379 -0.007078
380 -0.012314
381 -0.014050
382 -0.016309
383 -0.029499
384 -0.022333
385 -0.011018
386 -0.016604
387 -0.012836
388 -0.014722
389 -0.020824
390 -0.009581
391 -0.010166
392 -0.015745
393 -0.009669
394 -0.006650
395 -0.010226
396 -0.002489
397 -0.018542
398 -0.028443
399 -0.019457
400 -0.010824
401 -0.007853
402 -0.025324
403 -0.014080
404 -0.011269
405 -0.002071
406 -0.013443
407 -0.004755
408 -0.019360
409 0.003251
410 -0.017584
411 -0.018500
412 -0.002486
413 -0.009892
414 -0.004910
415 -0.019389
416 -0.012235
417 -0.004653
418 -0.003190
419 -0.016570
420 -0.017460
421 -0.012896
422 -0.018469
423 -0.016913
424 -0.013419
425 -0.010179
426 -0.020422
427 -0.018108
428 -0.016892
429 -0.019614
430 -0.011973
431 -0.019573
432 -0.021462
433 -0.014498
434 -0.023212
435 -0.025368
436 -0.028564
437 -0.014847
438 -0.006284
439 0.005364
440 0.000339
441 -0.017634
442 -0.008047
443 0.016434
444 -0.019226
445 -0.010746
446 -0.024793
447 -0.014539
448 -0.024212
449 -0.008983
450 -0.021948
451 -0.014177
452 -0.020070
453 -0.013001
454 -0.015063
455 -0.023993
456 -0.019660
457 -0.013215
458 -0.011300
459 -0.012497
460 -0.008640
461 -0.006840
462 -0.005833
463 -0.007595
464 -0.013362
465 -0.019275
466 -0.010899
467 -0.010058
468 -0.014588
469 -0.003725
470 -0.019699
471 -0.009709
472 -0.013197
473 0.000535
474 -0.000664
475 -0.007539
476 -0.007392
477 -0.012099
478 -0.018785
479 -0.006701
480 0.004375
481 -0.013803
482 -0.011307
483 -0.004027
484 -0.009774
485 -0.019598
486 -0.011862
487 -0.005708
488 -0.007057
489 -0.001463
490 -0.001435
491 -0.026027
492 -0.004344
493 -0.008059
494 -0.005765
495 -0.016934
496 -0.012254
497 -0.018886
498 -0.014993
499 -0.000072
500 -0.024873
501 -0.010155
502 -0.018014
503 -0.020732
504 -0.014462
505 -0.014151
506 -0.015336
507 -0.015703
508 0.001185
509 -0.034205
510 -0.003111
511 -0.008988
512 -0.014012
513 -0.019369
514 -0.012563
515 -0.005463
516 -0.014885
517 -0.015719
518 -0.010400
519 -0.013660
520 -0.016002
521 -0.016351
522 -0.007031
523 -0.021215
524 -0.004263
525 -0.020315
526 -0.020009
527 -0.012669
528 -0.017300
529 -0.021830
530 -0.017164
531 -0.028243
532 -0.015676
533 -0.010713
534 -0.016835
535 -0.011627
536 -0.022252
537 -0.017470
538 -0.014853
539 -0.015806
540 -0.019822
541 -0.013414
542 -0.026101
543 -0.010750
544 -0.009357
545 -0.023828
546 -0.031889
547 -0.032098
548 -0.011639
549 -0.015010
550 -0.017697
551 -0.024669
552 -0.023596
553 -0.017913
554 -0.017432
555 -0.028452
556 -0.020681
557 -0.016707
558 -0.016183
559 -0.021850
560 -0.024160
561 -0.020754
562 -0.024466
563 -0.017868
564 -0.013802
565 -0.020205
566 -0.019726
567 -0.013564
568 -0.014684
569 -0.019715
570 -0.023572
571 -0.017204
572 -0.022704
573 -0.015256
574 -0.019323
575 -0.012050
576 -0.010878
577 -0.000432
578 0.004336
579 -0.002081
580 -0.005825
581 -0.002647
582 -0.002417
583 0.013869
584 0.016221
585 0.009613
586 -0.003461
587 0.003195
588 -0.002330
589 -0.004604
590 -0.024141
591 0.001997
592 0.010802
593 0.005394
594 0.000398
595 -0.000063
596 0.005546
597 -0.006918
598 -0.002707
599 -0.006135
600 -0.008083
601 0.004715
602 -0.004259
603 -0.001620
604 -0.011126
605 -0.012858
606 -0.004828
607 -0.006274
608 -0.013150
609 -0.002796
610 -0.012813
611 -0.011045
612 -0.015508
613 -0.008682
614 -0.007765
615 -0.003698
616 -0.014785
617 -0.021104
618 -0.000844
619 -0.008657
620 -0.014443
621 -0.007090
622 -0.019878
623 -0.016140
624 -0.011389
625 -0.005423
626 0.000144
627 -0.020417
628 -0.006323
629 -0.012753
630 -0.016203
631 -0.023185
632 -0.009855
633 -0.002963
634 -0.021750
635 -0.016624
636 -0.013581
637 -0.020127
638 -0.011014
639 -0.015559
640 -0.033454
641 -0.010438
642 -0.019468
643 -0.009105
644 -0.031093
645 -0.022689
646 -0.028915
647 0.009966
648 0.004749
649 0.015658
650 0.014197
651 0.006805
652 0.005927
653 0.004468
654 0.006929
655 0.006174
656 0.002431
657 -0.018345
658 -0.024736
659 -0.025760
660 -0.014096
661 -0.020082
662 -0.020254
663 -0.014319
664 -0.021003
665 -0.011584
666 -0.006810
667 -0.016763
668 -0.012894
669 -0.006405
670 -0.022403
671 -0.015042
672 -0.023032
673 -0.020933
674 -0.015644
675 -0.015492
676 -0.009723
677 -0.018976
678 0.003414
679 -0.026294
680 -0.029003
681 -0.000540
682 -0.017181
683 -0.008536
684 -0.017970
685 -0.029459
686 -0.022303
687 -0.012622
688 -0.008689
689 -0.012343
690 -0.025380
691 -0.018478
692 -0.008340
693 -0.022370
694 -0.015138
695 -0.032771
696 -0.012318
697 -0.014480
698 -0.029342
699 -0.020011
700 -0.025039
701 -0.015051
702 -0.021459
703 -0.025301
704 -0.021403
705 -0.013516
706 -0.010002
707 -0.013595
708 -0.014175
709 -0.016054
710 -0.011558
711 -0.026407
712 -0.023276
713 -0.010682
714 -0.022345
715 -0.007632
716 -0.010984
717 -0.020621
718 -0.020763
719 -0.014386
720 -0.019941
721 -0.007243
722 -0.022326
723 -0.014611
724 -0.017048
725 -0.013666
726 -0.033954
727 -0.012103
728 -0.018734
729 -0.006155
730 -0.026972
731 -0.008476
732 -0.027081
733 -0.022589
734 -0.012998
735 -0.015181
736 -0.023973
737 -0.027702
738 -0.036530
739 -0.018969
740 -0.001841
741 0.007667
742 -0.017074
743 -0.008957
744 0.003995
745 0.009248
746 -0.028058
747 -0.003743
748 0.006382
749 0.008069
750 0.005181
751 0.017627
752 0.010276
753 0.000795
754 0.003202
755 -0.000190
756 -0.002446
757 -0.002278
758 -0.008228
759 0.010818
760 -0.016711
761 0.015157
762 0.000640
763 -0.025737
764 -0.014626
765 -0.015601
766 -0.017927
767 -0.017525
768 -0.013106
769 0.006430
770 0.000624
771 -0.005865
772 0.004812
773 0.000727
774 -0.006448
775 -0.000260
776 0.001368
777 -0.010742
778 0.004883
779 -0.003875
780 0.010774
781 -0.003242
782 0.007687
783 -0.000235
784 0.005536
785 0.002440
786 -0.008054
787 0.000971
788 0.009172
789 -0.002340
790 -0.034514
791 0.006786
792 -0.004781
793 0.000190
794 0.019437
795 -0.001156
796 0.004448
797 0.000634
798 0.002469
799 0.001749
800 0.006430
801 -0.012783
802 0.010521
803 -0.005644
804 -0.007635
805 -0.012686
806 -0.011580
807 -0.016343
808 -0.014898
809 -0.008315
810 -0.017404
811 -0.009436
812 -0.021343
813 -0.006048
814 -0.011907
815 -0.002149
816 -0.012304
817 -0.007904
818 -0.009541
819 -0.004280
820 -0.014005
821 -0.010322
822 -0.027164
823 -0.007921
824 -0.012794
825 -0.016595
826 -0.006129
827 -0.015530
828 -0.009072
829 -0.012404
830 -0.013668
831 -0.006566
832 -0.003343
833 -0.001122
834 -0.013567
835 -0.001819
836 -0.015495
837 -0.021350
838 -0.017932
839 -0.009879
840 -0.017076
841 -0.011502
842 -0.012005
843 -0.018515
844 -0.010773
845 -0.011497
846 0.001108
847 0.000627
848 -0.023023
849 -0.016099
850 -0.010837
851 -0.008513
852 -0.022755
853 0.002683
854 -0.018713
855 -0.000063
856 -0.021680
857 -0.001758
858 -0.000952
859 -0.031023
860 -0.010526
861 0.004545
862 0.006780
863 -0.013552
864 0.006220
865 -0.015241
866 -0.002133
867 -0.039868
868 -0.013119
869 0.000961
870 0.008362
871 0.013160
872 -0.012333
873 0.006343
874 0.005725
875 -0.000326
876 -0.016863
877 -0.026635
878 -0.014383
879 -0.003504
880 -0.006677
881 -0.003902
882 -0.001871
883 -0.002055
884 0.001411
885 0.011406
886 -0.009590
887 0.004387
888 -0.000844
889 -0.008081
890 -0.014413
891 -0.011121
892 -0.023196
893 -0.015930
894 -0.002043
895 0.004937
896 -0.006193
897 -0.003830
898 -0.011816
899 -0.015815
900 -0.009559
901 -0.006257
902 0.010250
903 -0.011931
904 0.011845
905 -0.005119
906 -0.010668
907 -0.003714
908 0.000086
909 0.002784
910 0.000522
911 -0.000462
912 0.002854
913 -0.001860
914 0.000478
915 0.000277
916 -0.006615
917 -0.002363
918 0.000962
919 -0.005692
920 -0.003786
921 -0.003047
922 0.006279
923 0.001412
924 0.002004
925 -0.006723
926 0.001437
927 0.003700
928 0.006447
929 -0.002139
930 0.000465
931 -0.008068
932 -0.002464
933 0.007927
934 -0.025890
935 0.002226
936 -0.008979
937 0.007042
938 0.001529
939 -0.007694
940 -0.020415
941 0.003797
942 -0.024753
943 -0.002250
944 -0.014351
945 -0.018859
946 -0.011238
947 -0.003249
948 -0.016883
949 -0.013745
950 -0.025271
951 -0.020371
952 -0.017434
953 -0.018452
954 -0.019308
955 -0.020389
956 -0.022595
957 -0.027390
958 -0.017451
959 0.006836
960 -0.007272
961 -0.012958
962 -0.011667
963 -0.004052
964 -0.012835
965 -0.014879
966 -0.009571
967 -0.021207
968 -0.018816
969 -0.024677
970 -0.014898
971 -0.018992
972 -0.015404
973 -0.021058
974 -0.016305
975 -0.006536
976 -0.020517
977 -0.010771
978 -0.011444
979 -0.006521
980 -0.009068
981 -0.011778
982 -0.011857
983 -0.019584
984 0.001532
985 -0.007050
986 -0.008068
987 -0.008355
988 -0.003899
989 -0.009713
990 -0.015736
991 -0.010281
992 -0.009959
993 -0.024877
994 -0.007873
995 0.000761
996 -0.019400
997 -0.018324
998 -0.014836
999 -0.023011
1000 -0.048729
1001 0.000000
1002 0.000000
1003 0.000000
1004 0.000000
1005 0.000000
1006 0.000000
1007 0.000000
1008 0.000000
1009 0.000000
1010 0.000000
1011 0.000000
1012 0.000000
1013 0.000000
1014 0.000000
1015 0.000000
1016 0.000000
1017 0.000000
1018 0.000000
1019 0.000000
1020 0.000000
1021 0.000000
1022 0.000000
1023 0.000000
1024 0.000000
1025 0.000000
1026 0.000000
1027 0.000000
1028 0.000000
1029 0.000000
1030 0.000000
1031 0.000000
1032 0.000000
1033 0.000000
1034 0.000000
1035 0.000000
1036 0.000000
1037 0.000000
1038 0.000000
1039 0.000000
1040 0.000000
1041 0.000000
1042 0.000000
1043 0.000000
1044 0.000000
1045 0.000000
1046 0.000000
1047 0.000000
1048 0.000000
1049 0.000000
1050 0.000000
1051 0.000000
1052 0.000000
1053 0.000000
1054 0.000000
1055 0.000000
1056 0.000000
1057 0.000000
1058 0.000000
1059 0.000000
1060 0.000000
1061 0.000000
1062 0.000000
1063 0.000000
1064 0.000000
1065 0.000000
1066 0.000000
1067 0.000000
1068 0.000000
1069 0.000000
1070 0.000000
1071 0.000000
1072 0.000000
1073 0.000000
1074 0.000000
1075 0.000000
1076 0.000000
1077 0.000000
1078 0.000000
1079 0.000000
1080 0.000000
1081 0.000000
1082 0.000000
1083 0.000000
1084 0.000000
1085 0.000000
1086 0.000000
1087 0.000000
1088 0.000000
1089 0.000000
1090 0.000000
1091 0.000000
1092 0.000000
1093 0.000000
1094 0.000000
1095 0.000000
1096 0.000000
1097 0.000000
1098 0.000000
1099 0.000000
1100 0.000000
1101 0.000000
1102 0.000000
1103 0.000000
1104 0.000000
1105 0.000000
1106 0.000000
1107 0.000000
1108 0.000000
1109 0.000000
1110 0.000000
1111 0.000000
1112 0.000000
1113 0.000000
1114 0.000000
1115 0.000000
1116 0.000000
1117 0.000000
1118 0.000000
1119 0.000000
1120 0.000000
1121 0.000000
1122 0.000000
1123 0.000000
1124 0.000000
1125 0.000000
1126 0.000000
1127 0.000000
1128 0.000000
1129 0.000000
1130 0.000000
1131 0.000000
1132 0.000000
1133 0.000000
1134 0.000000
1135 0.000000
1136 0.000000
1137 0.000000
1138 0.000000
1139 0.000000
1140 0.000000
1141 0.000000
1142 0.000000
1143 0.000000
1144 0.000000
1145 0.000000
1146 0.000000
1147 0.000000
1148 0.000000
1149 0.000000
1150 0.000000
1151 0.000000
1152 0.000000
1153 0.000000
1154 0.000000
1155 0.000000
1156 0.000000
1157 0.000000
1158 0.000000
1159 0.000000
1160 0.000000
1161 0.000000
1162 0.000000
1163 0.000000
1164 0.000000
1165 0.000000
1166 0.000000
1167 0.000000
1168 0.000000
1169 0.000000
1170 0.000000
1171 0.000000
1172 0.000000
1173 0.000000
1174 0.000000
1175 0.000000
1176 0.000000
1177 0.000000
1178 0.000000
1179 0.000000
1180 0.000000
1181 0.000000
1182 0.000000
1183 0.000000
1184 0.000000
1185 0.000000
1186 0.000000
1187 0.000000
1188 0.000000
1189 0.000000
1190 0.000000
1191 0.000000
1192 0.000000
1193 0.000000
1194 0.000000
1195 0.000000
1196 0.000000
1197 0.000000
1198 0.000000
1199 0.000000
1200 0.000000
1201 0.000000
1202 0.000000
1203 0.000000
1204 0.000000
1205 0.000000
1206 0.000000
1207 0.000000
1208 0.000000
1209 0.000000
1210 0.000000
1211 0.000000
1212 0.000000
1213 0.000000
1214 0.000000
1215 0.000000
1216 0.000000
1217 0.000000
1218 0.000000
1219 0.000000
1220 0.000000
1221 0.000000
1222 0.000000
1223 0.000000
1224 0.000000
1225 0.000000
1226 0.000000
1227 0.000000
1228 0.000000
1229 0.000000
1230 0.000000
1231 0.000000
1232 0.000000
1233 0.000000
1234 0.000000
1235 0.000000
1236 0.000000
1237 0.000000
1238 0.000000
1239 0.000000
1240 0.000000
1241 0.000000
1242 0.000000
1243 0.000000
1244 0.000000
1245 0.000000
1246 0.000000
1247 0.000000
1248 0.000000
1249 0.000000
1250 0.000000
1251 0.000000
1252 0.000000
1253 0.000000
1254 0.000000
1255 0.000000
1256 0.000000
1257 0.000000
1258 0.000000
1259 0.000000
1260 0.000000
1261 0.000000
1262 0.000000
1263 0.000000
1264 0.000000
1265 0.000000
1266 0.000000
1267 0.000000
1268 0.000000
1269 0.000000
1270 0.000000
1271 0.000000
1272 0.000000
1273 0.000000
1274 0.000000
1275 0.000000
1276 0.000000
1277 0.000000
1278 0.000000
1279 0.000000
1280 0.000000
1281 0.000000
1282 0.000000
1283 0.000000
1284 0.000000
1285 0.000000
1286 0.000000
1287 0.000000
1288 0.000000
1289 0.000000
1290 0.000000
1291 0.000000
1292 0.000000
1293 0.000000
1294 0.000000
1295 0.000000
1296 0.000000
1297 0.000000
1298 0.000000
1299 0.000000
1300 0.000000
1301 0.000000
1302 0.000000
1303 0.000000
1304 0.000000
1305 0.000000
1306 0.000000
1307 0.000000
1308 0.000000
1309 0.000000
1310 0.000000
1311 0.000000
1312 0.000000
1313 0.000000
1314 0.000000
1315 0.000000
1316 0.000000
1317 0.000000
1318 0.000000
1319 0.000000
1320 0.000000
1321 0.000000
1322 0.000000
1323 0.000000
1324 0.000000
1325 0.000000
1326 0.000000
1327 0.000000
1328 0.000000
1329 0.000000
1330 0.000000
1331 0.000000
1332 0.000000
1333 0.000000
1334 0.000000
1335 0.000000
1336 0.000000
1337 0.000000
1338 0.000000
1339 0.000000
1340 0.000000
1341 0.000000
1342 0.000000
1343 0.000000
1344 0.000000
1345 0.000000
1346 0.000000
1347 0.000000
1348 0.000000
1349 0.000000
1350 0.000000
1351 0.000000
1352 0.000000
1353 0.000000
1354 0.000000
1355 0.000000
1356 0.000000
1357 0.000000
1358 0.000000
1359 0.000000
1360 0.000000
1361 0.000000
1362 0.000000
1363 0.000000
1364 0.000000
1365 0.000000
1366 0.000000
1367 0.000000
1368 0.000000
1369 0.000000
1370 0.000000
1371 0.000000
1372 0.000000
1373 0.000000
1374 0.000000
1375 0.000000
1376 0.000000
1377 0.000000
1378 0.000000
1379 0.000000
1380 0.000000
1381 0.000000
1382 0.000000
1383 0.000000
1384 0.000000
1385 0.000000
1386 0.000000
1387 0.000000
1388 0.000000
1389 0.000000
1390 0.000000
1391 0.000000
1392 0.000000
1393 0.000000
1394 0.000000
1395 0.000000
1396 0.000000
1397 0.000000
1398 0.000000
1399 0.000000
1400 0.000000
1401 0.000000
1402 0.000000
1403 0.000000
1404 0.000000
1405 0.000000
1406 0.000000
1407 0.000000
1408 0.000000
1409 0.000000
1410 0.000000
1411 0.000000
1412 0.000000
1413 0.000000
1414 0.000000
1415 0.000000
1416 0.000000
1417 0.000000
1418 0.000000
1419 0.000000
1420 0.000000
1421 0.000000
1422 0.000000
1423 0.000000
1424 0.000000
1425 0.000000
1426 0.000000
1427 0.000000
1428 0.000000
1429 0.000000
1430 0.000000
1431 0.000000
1432 0.000000
1433 0.000000
1434 0.000000
1435 0.000000
1436 0.000000
1437 0.000000
1438 0.000000
1439 0.000000
1440 0.000000
1441 0.000000
1442 0.000000
1443 0.000000
1444 0.000000
1445 0.000000
1446 0.000000
1447 0.000000
1448 0.000000
1449 0.000000
1450 0.000000
1451 0.000000
1452 0.000000
1453 0.000000
1454 0.000000
1455 0.000000
1456 0.000000
1457 0.000000
1458 0.000000
1459 0.000000
1460 0.000000
1461 0.000000
1462 0.000000
1463 0.000000
1464 0.000000
1465 0.000000
1466 0.000000
1467 0.000000
1468 0.000000
1469 0.000000
1470 0.000000
1471 0.000000
1472 0.000000
1473 0.000000
1474 0.000000
1475 0.000000
1476 0.000000
1477 0.000000
1478 0.000000
1479 0.000000
1480 0.000000
1481 0.000000
1482 0.000000
1483 0.000000
1484 0.000000
1485 0.000000
1486 0.000000
1487 0.000000
1488 0.000000
1489 0.000000
1490 0.000000
1491 0.000000
1492 0.000000
1493 0.000000
1494 0.000000
1495 0.000000
1496 0.000000
1497 0.000000
1498 0.000000
1499 0.000000
1500 0.000000
1501 0.000000
1502 0.000000
1503 0.000000
1504 0.000000
1505 0.000000
1506 0.000000
1507 0.000000
1508 0.000000
1509 0.000000
1510 0.000000
1511 0.000000
1512 0.000000
1513 0.000000
1514 0.000000
1515 0.000000
1516 0.000000
1517 0.000000
1518 0.000000
1519 0.000000
1520 0.000000
1521 0.000000
1522 0.000000
1523 0.000000
1524 0.000000
1525 0.000000
1526 0.000000
1527 0.000000
1528 0.000000
1529 0.000000
1530 0.000000
1531 0.000000
1532 0.000000
1533 0.000000
1534 0.000000
1535 0.000000
1536 0.000000
1537 0.000000
1538 0.000000
1539 0.000000
1540 0.000000
1541 0.000000
1542 0.000000
1543 0.000000
1544 0.000000
1545 0.000000
1546 0.000000
1547 0.000000
1548 0.000000
1549 0.000000
1550 0.000000
1551 0.000000
1552 0.000000
1553 0.000000
1554 0.000000
1555 0.000000
1556 0.000000
1557 0.000000
1558 0.000000
1559 0.000000
1560 0.000000
1561 0.000000
1562 0.000000
1563 0.000000
1564 0.000000
1565 0.000000
1566 0.000000
1567 0.000000
1568 0.000000
1569 0.000000
1570 0.000000
1571 0.000000
1572 0.000000
1573 0.000000
1574 0.000000
1575 0.000000
1576 0.000000
1577 0.000000
1578 0.000000
1579 0.000000
1580 0.000000
1581 0.000000
1582 0.000000
1583 0.000000
1584 0.000000
1585 0.000000
1586 0.000000
1587 0.000000
1588 0.000000
1589 0.000000
1590 0.000000
1591 0.000000
1592 0.000000
1593 0.000000
1594 0.000000
1595 0.000000
1596 0.000000
1597 0.000000
1598 0.000000
1599 0.000000
1600 0.000000
1601 0.000000
1602 0.000000
1603 0.000000
1604 0.000000
1605 0.000000
1606 0.000000
1607 0.000000
1608 0.000000
1609 0.000000
1610 0.000000
1611 0.000000
1612 0.000000
1613 0.000000
1614 0.000000
1615 0.000000
1616 0.000000
1617 0.000000
1618 0.000000
1619 0.000000
1620 0.000000
1621 0.000000
1622 0.000000
1623 0.000000
1624 0.000000
1625 0.000000
1626 0.000000
1627 0.000000
1628 0.000000
1629 0.000000
1630 0.000000
1631 0.000000
1632 0.000000
1633 0.000000
1634 0.000000
1635 0.000000
1636 0.000000
1637 0.000000
1638 0.000000
1639 0.000000
1640 0.000000
1641 0.000000
1642 0.000000
1643 0.000000
1644 0.000000
1645 0.000000
1646 0.000000
1647 0.000000
1648 0.000000
1649 0.000000
1650 0.000000
1651 0.000000
1652 0.000000
1653 0.000000
1654 0.000000
1655 0.000000
1656 0.000000
1657 0.000000
1658 0.000000
1659 0.000000
1660 0.000000
1661 0.000000
1662 0.000000
1663 0.000000
1664 0.000000
1665 0.000000
1666 0.000000
1667 0.000000
1668 0.000000
1669 0.000000
1670 0.000000
1671 0.000000
1672 0.000000
1673 0.000000
1674 0.000000
1675 0.000000
1676 0.000000
1677 0.000000
1678 0.000000
1679 0.000000
1680 0.000000
1681 0.000000
1682 0.000000
1683 0.000000
1684 0.000000
1685 0.000000
1686 0.000000
1687 0.000000
1688 0.000000
1689 0.000000
1690 0.000000
1691 0.000000
1692 0.000000
1693 0.000000
1694 0.000000
1695 0.000000
1696 0.000000
1697 0.000000
1698 0.000000
1699 0.000000
1700 0.000000
1701 0.000000
1702 0.000000
1703 0.000000
1704 0.000000
1705 0.000000
1706 0.000000
1707 0.000000
1708 0.000000
1709 0.000000
1710 0.000000
1711 0.000000
1712 0.000000
1713 0.000000
1714 0.000000
1715 0.000000
1716 0.000000
1717 0.000000
1718 0.000000
1719 0.000000
1720 0.000000
1721 0.000000
1722 0.000000
1723 0.000000
1724 0.000000
1725 0.000000
1726 0.000000
1727 0.000000
1728 0.000000
1729 0.000000
1730 0.000000
1731 0.000000
1732 0.000000
1733 0.000000
1734 0.000000
1735 0.000000
1736 0.000000
1737 0.000000
1738 0.000000
1739 0.000000
1740 0.000000
1741 0.000000
1742 0.000000
1743 0.000000
1744 0.000000
1745 0.000000
1746 0.000000
1747 0.000000
1748 0.000000
1749 0.000000
1750 0.000000
1751 0.000000
1752 0.000000
1753 0.000000
1754 0.000000
1755 0.000000
1756 0.000000
1757 0.000000
1758 0.000000
1759 0.000000
1760 0.000000
1761 0.000000
1762 0.000000
1763 0.000000
1764 0.000000
1765 0.000000
1766 0.000000
1767 0.000000
1768 0.000000
1769 0.000000
1770 0.000000
1771 0.000000
1772 0.000000
1773 0.000000
1774 0.000000
1775 0.000000
1776 0.000000
1777 0.000000
1778 0.000000
1779 0.000000
1780 0.000000
1781 0.000000
1782 0.000000
1783 0.000000
1784 0.000000
1785 0.000000
1786 0.000000
1787 0.000000
1788 0.000000
1789 0.000000
1790 0.000000
1791 0.000000
1792 0.000000
1793 0.000000
1794 0.000000
1795 0.000000
1796 0.000000
1797 0.000000
1798 0.000000
1799 0.000000
1800 0.000000
1801 0.000000
1802 0.000000
1803 0.000000
1804 0.000000
1805 0.000000
1806 0.000000
1807 0.000000
1808 0.000000
1809 0.000000
1810 0.000000
1811 0.000000
1812 0.000000
1813 0.000000
1814 0.000000
1815 0.000000
1816 0.000000
1817 0.000000
1818 0.000000
1819 0.000000
1820 0.000000
1821 0.000000
1822 0.000000
1823 0.000000
1824 0.000000
1825 0.000000
1826 0.000000
1827 0.000000
1828 0.000000
1829 0.000000
1830 0.000000
1831 0.000000
1832 0.000000
1833 0.000000
1834 0.000000
1835 0.000000
1836 0.000000
1837 0.000000
1838 0.000000
1839 0.000000
1840 0.000000
1841 0.000000
1842 0.000000
1843 0.000000
1844 0.000000
1845 0.000000
1846 0.000000
1847 0.000000
1848 0.000000
1849 0.000000
1850 0.000000
1851 0.000000
1852 0.000000
1853 0.000000
1854 0.000000
1855 0.000000
1856 0.000000
1857 0.000000
1858 0.000000
1859 0.000000
1860 0.000000
1861 0.000000
1862 0.000000
1863 0.000000
1864 0.000000
1865 0.000000
1866 0.000000
1867 0.000000
1868 0.000000
1869 0.000000
1870 0.000000
1871 0.000000
1872 0.000000
1873 0.000000
1874 0.000000
1875 0.000000
1876 0.000000
1877 0.000000
1878 0.000000
1879 0.000000
1880 0.000000
1881 0.000000
1882 0.000000
1883 0.000000
1884 0.000000
1885 0.000000
1886 0.000000
1887 0.000000
1888 0.000000
1889 0.000000
1890 0.000000
1891 0.000000
1892 0.000000
1893 0.000000
1894 0.000000
1895 0.000000
1896 0.000000
1897 0.000000
1898 0.000000
1899 0.000000
1900 0.000000
1901 0.000000
1902 0.000000
1903 0.000000
1904 0.000000
1905 0.000000
1906 0.000000
1907 0.000000
1908 0.000000
1909 0.000000
1910 0.000000
1911 0.000000
1912 0.000000
1913 0.000000
1914 0.000000
1915 0.000000
1916 0.000000
1917 0.000000
1918 0.000000
1919 0.000000
1920 0.000000
1921 0.000000
1922 0.000000
1923 0.000000
1924 0.000000
1925 0.000000
1926 0.000000
1927 0.000000
1928 0.000000
1929 0.000000
1930 0.000000
1931 0.000000
1932 0.000000
1933 0.000000
1934 0.000000
1935 0.000000
1936 0.000000
1937 0.000000
1938 0.000000
1939 0.000000
1940 0.000000
1941 0.000000
1942 0.000000
1943 0.000000
1944 0.000000
1945 0.000000
1946 0.000000
1947 0.000000
1948 0.000000
1949 0.000000
1950 0.000000
1951 0.000000
1952 0.000000
1953 0.000000
1954 0.000000
1955 0.000000
1956 0.000000
1957 0.000000
1958 0.000000
1959 0.000000
1960 0.000000
1961 0.000000
1962 0.000000
1963 0.000000
1964 0.000000
1965 0.000000
1966 0.000000
1967 0.000000
1968 0.000000
1969 0.000000
1970 0.000000
1971 0.000000
1972 0.000000
1973 0.000000
1974 0.000000
1975 0.000000
1976 0.000000
1977 0.000000
1978 0.000000
1979 0.000000
1980 0.000000
1981 0.000000
1982 0.000000
1983 0.000000
1984 0.000000
1985 0.000000
1986 0.000000
1987 0.000000
1988 0.000000
1989 0.000000
1990 0.000000
1991 0.000000
1992 0.000000
1993 0.000000
1994 0.000000
1995 0.000000
1996 0.000000
1997 0.000000
1998 0.000000
1999 0.000000
2000 0.000000
2001 0.000000
2002 0.000000
2003 0.000000
2004 0.000000
2005 0.000000
2006 0.000000
2007 0.000000
2008 0.000000
2009 0.000000
2010 0.000000
2011 0.000000
2012 0.000000
2013 0.000000
2014 0.000000
2015 0.000000
2016 0.000000
2017 0.000000
2018 0.000000
2019 0.000000
2020 0.000000
2021 0.000000
2022 0.000000
2023 0.000000
2024 0.000000
2025 0.000000
2026 0.000000
2027 0.000000
2028 0.000000
2029 0.000000
2030 0.000000
2031 0.000000
2032 0.000000
2033 0.000000
2034 0.000000
2035 0.000000
2036 0.000000
2037 0.000000
2038 0.000000
2039 0.000000
2040 0.000000
2041 0.000000
2042 0.000000
2043 0.000000
2044 0.000000
2045 0.000000
2046 0.000000
2047 0.000000
2048 0.000000
2049 0.000000
2050 0.000000
2051 0.000000
2052 0.000000
2053 0.000000
2054 0.000000
2055 0.000000
2056 0.000000
2057 0.000000
2058 0.000000
2059 0.000000
2060 0.000000
2061 0.000000
2062 0.000000
2063 0.000000
2064 0.000000
2065 0.000000
2066 0.000000
2067 0.000000
2068 0.000000
2069 0.000000
2070 0.000000
2071 0.000000
2072 0.000000
2073 0.000000
2074 0.000000
2075 0.000000
2076 0.000000
2077 0.000000
2078 0.000000
2079 0.000000
2080 0.000000
2081 0.000000
2082 0.000000
2083 0.000000
2084 0.000000
2085 0.000000
2086 0.000000
2087 0.000000
2088 0.000000
2089 0.000000
2090 0.000000
2091 0.000000
2092 0.000000
2093 0.000000
2094 0.000000
2095 0.000000
2096 0.000000
2097 0.000000
2098 0.000000
2099 0.000000
2100 0.000000
2101 0.000000
2102 0.000000
2103 0.000000
2104 0.000000
2105 0.000000
2106 0.000000
2107 0.000000
2108 0.000000
2109 0.000000
2110 0.000000
2111 0.000000
2112 0.000000
2113 0.000000
2114 0.000000
2115 0.000000
2116 0.000000
2117 0.000000
2118 0.000000
2119 0.000000
2120 0.000000
2121 0.000000
2122 0.000000
2123 0.000000
2124 0.000000
2125 0.000000
2126 0.000000
2127 0.000000
2128 0.000000
2129 0.000000
2130 0.000000
2131 0.000000
2132 0.000000
2133 0.000000
2134 0.000000
2135 0.000000
2136 0.000000
2137 0.000000
2138 0.000000
2139 0.000000
2140 0.000000
2141 0.000000
2142 0.000000
2143 0.000000
2144 0.000000
2145 0.000000
2146 0.000000
2147 0.000000
2148 0.000000
2149 0.000000
2150 0.000000
2151 0.000000
2152 0.000000
2153 0.000000
2154 0.000000
2155 0.000000
2156 0.000000
2157 0.000000
2158 0.000000
2159 0.000000
2160 0.000000
2161 0.000000
2162 0.000000
2163 0.000000
2164 0.000000
2165 0.000000
2166 0.000000
2167 0.000000
2168 0.000000
2169 0.000000
2170 0.000000
2171 0.000000
2172 0.000000
2173 0.000000
2174 0.000000
2175 0.000000
2176 0.000000
2177 0.000000
2178 0.000000
2179 0.000000
2180 0.000000
2181 0.000000
2182 0.000000
2183 0.000000
2184 0.000000
2185 0.000000
2186 0.000000
2187 0.000000
2188 0.000000
2189 0.000000
2190 0.000000
2191 0.000000
2192 0.000000
2193 0.000000
2194 0.000000
2195 0.000000
2196 0.000000
2197 0.000000
2198 0.000000
2199 0.000000
2200 0.000000
2201 0.000000
2202 0.000000
2203 0.000000
2204 0.000000
2205 0.000000
2206 0.000000
2207 0.000000
2208 0.000000
2209 0.000000
2210 0.000000
2211 0.000000
2212 0.000000
2213 0.000000
2214 0.000000
2215 0.000000
2216 0.000000
2217 0.000000
2218 0.000000
2219 0.000000
2220 0.000000
2221 0.000000
2222 0.000000
2223 0.000000
2224 0.000000
2225 0.000000
2226 0.000000
2227 0.000000
2228 0.000000
2229 0.000000
2230 0.000000
2231 0.000000
2232 0.000000
2233 0.000000
2234 0.000000
2235 0.000000
2236 0.000000
2237 0.000000
2238 0.000000
2239 0.000000
2240 0.000000
2241 0.000000
2242 0.000000
2243 0.000000
2244 0.000000
2245 0.000000
2246 0.000000
2247 0.000000
2248 0.000000
2249 0.000000
2250 0.000000
2251 0.000000
2252 0.000000
2253 0.000000
2254 0.000000
2255 0.000000
2256 0.000000
2257 0.000000
2258 0.000000
2259 0.000000
2260 0.000000
2261 0.000000
2262 0.000000
2263 0.000000
2264 0.000000
2265 0.000000
2266 0.000000
2267 0.000000
2268 0.000000
2269 0.000000
2270 0.000000
2271 0.000000
2272 0.000000
2273 0.000000
2274 0.000000
2275 0.000000
2276 0.000000
2277 0.000000
2278 0.000000
2279 0.000000
2280 0.000000
2281 0.000000
2282 0.000000
2283 0.000000
2284 0.000000
2285 0.000000
2286 0.000000
2287 0.000000
2288 0.000000
2289 0.000000
2290 0.000000
2291 0.000000
2292 0.000000
2293 0.000000
2294 0.000000
2295 0.000000
2296 0.000000
2297 0.000000
2298 0.000000
2299 0.000000
2300 0.000000
2301 0.000000
2302 0.000000
2303 0.000000
2304 0.000000
2305 0.000000
2306 0.000000
2307 0.000000
2308 0.000000
2309 0.000000
2310 0.000000
2311 0.000000
2312 0.000000
2313 0.000000
2314 0.000000
2315 0.000000
2316 0.000000
2317 0.000000
2318 0.000000
2319 0.000000
2320 0.000000
2321 0.000000
2322 0.000000
2323 0.000000
2324 0.000000
2325 0.000000
2326 0.000000
2327 0.000000
2328 0.000000
2329 0.000000
2330 0.000000
2331 0.000000
2332 0.000000
2333 0.000000
2334 0.000000
2335 0.000000
2336 0.000000
2337 0.000000
2338 0.000000
2339 0.000000
2340 0.000000
2341 0.000000
2342 0.000000
2343 0.000000
2344 0.000000
2345 0.000000
2346 0.000000
2347 0.000000
2348 0.000000
2349 0.000000
2350 0.000000
2351 0.000000
2352 0.000000
2353 0.000000
2354 0.000000
2355 0.000000
2356 0.000000
2357 0.000000
2358 0.000000
2359 0.000000
2360 0.000000
2361 0.000000
2362 0.000000
2363 0.000000
2364 0.000000
2365 0.000000
2366 0.000000
2367 0.000000
2368 0.000000
2369 0.000000
2370 0.000000
2371 0.000000
2372 0.000000
2373 0.000000
2374 0.000000
2375 0.000000
2376 0.000000
2377 0.000000
2378 0.000000
2379 0.000000
2380 0.000000
2381 0.000000
2382 0.000000
2383 0.000000
2384 0.000000
2385 0.000000
2386 0.000000
2387 0.000000
2388 0.000000
2389 0.000000
2390 0.000000
2391 0.000000
2392 0.000000
2393 0.000000
2394 0.000000
2395 0.000000
2396 0.000000
2397 0.000000
2398 0.000000
2399 0.000000
2400 0.000000
2401 0.000000
2402 0.000000
2403 0.000000
2404 0.000000
2405 0.000000
2406 0.000000
2407 0.000000
2408 0.000000
2409 0.000000
2410 0.000000
2411 0.000000
2412 0.000000
2413 0.000000
2414 0.000000
2415 0.000000
2416 0.000000
2417 0.000000
2418 0.000000
2419 0.000000
2420 0.000000
2421 0.000000
2422 0.000000
2423 0.000000
2424 0.000000
2425 0.000000
2426 0.000000
2427 0.000000
2428 0.000000
2429 0.000000
2430 0.000000
2431 0.000000
2432 0.000000
2433 0.000000
2434 0.000000
2435 0.000000
2436 0.000000
2437 0.000000
2438 0.000000
2439 0.000000
2440 0.000000
2441 0.000000
2442 0.000000
2443 0.000000
2444 0.000000
2445 0.000000
2446 0.000000
2447 0.000000
2448 0.000000
2449 0.000000
2450 0.000000
2451 0.000000
2452 0.000000
2453 0.000000
2454 0.000000
2455 0.000000
2456 0.000000
2457 0.000000
2458 0.000000
2459 0.000000
2460 0.000000
2461 0.000000
2462 0.000000
2463 0.000000
2464 0.000000
2465 0.000000
2466 0.000000
2467 0.000000
2468 0.000000
2469 0.000000
2470 0.000000
2471 0.000000
2472 0.000000
2473 0.000000
2474 0.000000
2475 0.000000
2476 0.000000
2477 0.000000
2478 0.000000
2479 0.000000
2480 0.000000
2481 0.000000
2482 0.000000
2483 0.000000
2484 0.000000
2485 0.000000
2486 0.000000
2487 0.000000
2488 0.000000
2489 0.000000
