       0     0.000000 
       1     0.000000 
       2     0.099407 
       3    -1.700285 
       4    -1.003831 
       5    -0.365301 
       6    -0.276534 
       7    -0.287990 
       8    -0.144595 
       9    -0.168072 
      10    -0.148737 
      11    -0.116549 
      12    -0.082523 
      13    -0.081654 
      14    -0.055018 
      15    -0.062202 
      16    -0.048471 
      17    -0.032248 
      18    -0.039969 
      19    -0.034193 
      20    -0.039341 
      21    -0.006217 
      22    -0.030887 
      23    -0.011950 
      24    -0.030205 
      25    -0.016521 
      26    -0.015664 
      27    -0.015990 
      28    -0.035420 
      29    -0.015064 
      30    -0.013222 
      31    -0.014101 
      32    -0.010761 
      33    -0.029177 
      34    -0.007784 
      35    -0.006652 
      36    -0.008267 
      37    -0.010140 
      38    -0.010665 
      39    -0.006295 
      40    -0.008572 
      41    -0.007538 
      42    -0.006179 
      43    -0.003015 
      44    -0.006727 
      45    -0.007885 
      46    -0.006893 
      47    -0.006841 
      48    -0.008159 
      49    -0.007419 
      50    -0.011659 
      51    -0.011613 
      52    -0.008077 
      53    -0.010274 
      54    -0.011295 
      55    -0.010001 
      56    -0.007773 
      57    -0.012425 
      58    -0.012520 
      59    -0.010578 
      60    -0.009243 
      61    -0.008875 
      62    -0.009105 
      63    -0.010767 
      64    -0.006360 
      65    -0.007212 
      66    -0.006637 
      67    -0.002757 
      68    -0.003768 
      69    -0.021764 
      70    -0.001128 
      71    -0.013272 
      72    -0.014314 
      73    -0.017132 
      74     0.003916 
      75    -0.016861 
      76    -0.013314 
      77    -0.016903 
      78    -0.009643 
      79    -0.012793 
      80    -0.009566 
      81    -0.008326 
      82    -0.011071 
      83    -0.012064 
      84    -0.011645 
      85    -0.007395 
      86    -0.013234 
      87    -0.012451 
      88    -0.011860 
      89    -0.012370 
      90    -0.010521 
      91    -0.010606 
      92    -0.012113 
      93    -0.013364 
      94    -0.010584 
      95    -0.015863 
      96    -0.014570 
      97    -0.010776 
      98    -0.012839 
      99    -0.011169 
     100    -0.015011 
     101    -0.009254 
     102    -0.009491 
     103    -0.013106 
     104    -0.009519 
     105    -0.014114 
     106    -0.011176 
     107    -0.011671 
     108    -0.014014 
     109    -0.013148 
     110    -0.011565 
     111    -0.015922 
     112    -0.014542 
     113    -0.012457 
     114    -0.009962 
     115    -0.010981 
     116    -0.012317 
     117    -0.015080 
     118    -0.018390 
     119    -0.013026 
     120    -0.012064 
     121    -0.010532 
     122    -0.013141 
     123    -0.014521 
     124    -0.009511 
     125    -0.010078 
     126    -0.010761 
     127    -0.010122 
     128    -0.012668 
     129    -0.010073 
     130    -0.012359 
     131    -0.014058 
     132    -0.014681 
     133    -0.009638 
     134    -0.012056 
     135    -0.005746 
     136    -0.013445 
     137    -0.009050 
     138    -0.016053 
     139    -0.011438 
     140    -0.011874 
     141    -0.010773 
     142    -0.010169 
     143    -0.010138 
     144    -0.010386 
     145    -0.007923 
     146    -0.006717 
     147    -0.010483 
     148    -0.012251 
     149    -0.012748 
     150    -0.010877 
     151    -0.011173 
     152    -0.013603 
     153    -0.015066 
     154    -0.020476 
     155    -0.000027 
     156    -0.007406 
     157    -0.004227 
     158    -0.003744 
     159    -0.013716 
     160    -0.014990 
     161    -0.010371 
     162    -0.003784 
     163    -0.006417 
     164    -0.014022 
     165    -0.013329 
     166    -0.008237 
     167    -0.006912 
     168    -0.014495 
     169    -0.008709 
     170    -0.007109 
     171    -0.006522 
     172    -0.006485 
     173    -0.008085 
     174    -0.000520 
     175    -0.004007 
     176    -0.010701 
     177    -0.009892 
     178    -0.008666 
     179    -0.005586 
     180    -0.014346 
     181    -0.015968 
     182    -0.016612 
     183    -0.013483 
     184    -0.009970 
     185    -0.009783 
     186    -0.031392 
     187    -0.017377 
     188    -0.029405 
     189    -0.017697 
     190    -0.012965 
     191    -0.007594 
     192    -0.018816 
     193    -0.021852 
     194    -0.013473 
     195    -0.018426 
     196    -0.011999 
     197    -0.013677 
     198    -0.020683 
     199    -0.013017 
     200    -0.016810 
     201    -0.021487 
     202    -0.010809 
     203    -0.017796 
     204    -0.009837 
     205    -0.017577 
     206    -0.016909 
     207    -0.010338 
     208    -0.018152 
     209    -0.004930 
     210    -0.015546 
     211    -0.002441 
     212    -0.008148 
     213    -0.016963 
     214    -0.013416 
     215     0.000548 
     216    -0.016681 
     217    -0.010330 
     218    -0.007586 
     219    -0.003292 
     220    -0.010011 
     221    -0.021226 
     222    -0.016272 
     223    -0.013238 
     224    -0.014020 
     225    -0.013240 
     226    -0.008647 
     227    -0.007043 
     228    -0.017047 
     229    -0.001076 
     230    -0.005981 
     231    -0.004074 
     232    -0.011040 
     233    -0.005030 
     234     0.001442 
     235    -0.010733 
     236    -0.007146 
     237    -0.002515 
     238    -0.014730 
     239    -0.004537 
     240    -0.004562 
     241    -0.009144 
     242    -0.005406 
     243    -0.005477 
     244    -0.010824 
     245    -0.007178 
     246    -0.003287 
     247    -0.003120 
     248    -0.010169 
     249    -0.006339 
     250    -0.004046 
     251    -0.007307 
     252    -0.006947 
     253    -0.007075 
     254    -0.012303 
     255    -0.009722 
     256    -0.005484 
     257    -0.003328 
     258    -0.014499 
     259    -0.018780 
     260    -0.002425 
     261    -0.007239 
     262    -0.006310 
     263    -0.008885 
     264    -0.007864 
     265    -0.007133 
     266    -0.009675 
     267    -0.001866 
     268    -0.002738 
     269    -0.000938 
     270    -0.006038 
     271    -0.006443 
     272    -0.009766 
     273    -0.004326 
     274    -0.002820 
     275    -0.005916 
     276    -0.011318 
     277    -0.009910 
     278    -0.002627 
     279    -0.006167 
     280    -0.001915 
     281    -0.009996 
     282    -0.004469 
     283    -0.004502 
     284    -0.010059 
     285    -0.006987 
     286    -0.009645 
     287    -0.006932 
     288    -0.007777 
     289    -0.009679 
     290    -0.003291 
     291    -0.001883 
     292    -0.000351 
     293    -0.005059 
     294    -0.003098 
     295    -0.002858 
     296    -0.008504 
     297    -0.003360 
     298    -0.003339 
     299    -0.001648 
     300    -0.004143 
     301    -0.007302 
     302    -0.008813 
     303    -0.011894 
     304    -0.011258 
     305    -0.013518 
     306    -0.007008 
     307    -0.004748 
     308    -0.008756 
     309    -0.005732 
     310    -0.009970 
     311    -0.003955 
     312    -0.003316 
     313    -0.008228 
     314    -0.003396 
     315     0.001508 
     316    -0.003183 
     317    -0.010111 
     318    -0.001954 
     319    -0.003602 
     320    -0.010878 
     321    -0.005020 
     322    -0.002354 
     323    -0.005282 
     324    -0.002322 
     325     0.000839 
     326    -0.003621 
     327    -0.005122 
     328    -0.004473 
     329    -0.001354 
     330    -0.004110 
     331    -0.002266 
     332    -0.008574 
     333    -0.003541 
     334    -0.005089 
     335     0.000445 
     336    -0.004931 
     337    -0.007569 
     338    -0.012320 
     339    -0.000829 
     340    -0.008974 
     341    -0.004753 
     342    -0.010300 
     343    -0.005809 
     344    -0.004201 
     345    -0.001648 
     346    -0.000397 
     347    -0.002450 
     348    -0.000508 
     349    -0.002312 
     350     0.000792 
     351    -0.003404 
     352    -0.000976 
     353    -0.008495 
     354    -0.001592 
     355    -0.001077 
     356     0.000915 
     357    -0.006966 
     358    -0.005606 
     359    -0.005076 
     360    -0.004298 
     361     0.000893 
     362    -0.005774 
     363    -0.005390 
     364    -0.006875 
     365    -0.003404 
     366    -0.004048 
     367    -0.003174 
     368    -0.001747 
     369     0.001188 
     370     0.001757 
     371    -0.003868 
     372     0.002676 
     373     0.001243 
     374     0.000731 
     375     0.000842 
     376     0.001652 
     377     0.001269 
     378    -0.000154 
     379    -0.001254 
     380    -0.002267 
     381    -0.003178 
     382    -0.005975 
     383    -0.017388 
     384    -0.012417 
     385    -0.001553 
     386    -0.006212 
     387    -0.003739 
     388    -0.006013 
     389    -0.011392 
     390    -0.000584 
     391    -0.001871 
     392    -0.004409 
     393    -0.001254 
     394     0.001435 
     395    -0.001854 
     396     0.001658 
     397    -0.009812 
     398    -0.018919 
     399    -0.013496 
     400    -0.007019 
     401    -0.004445 
     402    -0.015947 
     403    -0.007722 
     404    -0.007400 
     405     0.003136 
     406    -0.008000 
     407    -0.000972 
     408    -0.012430 
     409     0.001715 
     410    -0.011272 
     411    -0.016301 
     412    -0.004389 
     413    -0.012081 
     414    -0.012419 
     415    -0.009925 
     416    -0.006283 
     417    -0.001880 
     418    -0.003738 
     419    -0.011316 
     420    -0.012473 
     421    -0.006915 
     422    -0.014820 
     423    -0.012217 
     424    -0.009360 
     425    -0.006011 
     426    -0.009987 
     427    -0.012767 
     428    -0.009809 
     429    -0.011314 
     430    -0.008405 
     431    -0.011409 
     432    -0.008847 
     433    -0.004203 
     434    -0.009465 
     435    -0.009261 
     436    -0.008470 
     437    -0.013924 
     438    -0.008142 
     439     0.000869 
     440    -0.007568 
     441    -0.015534 
     442    -0.012565 
     443    -0.001207 
     444    -0.011021 
     445    -0.007996 
     446    -0.019131 
     447    -0.009964 
     448    -0.016299 
     449    -0.008520 
     450    -0.013832 
     451    -0.011417 
     452    -0.012462 
     453    -0.009966 
     454    -0.012196 
     455    -0.017771 
     456    -0.015429 
     457    -0.010136 
     458    -0.009077 
     459    -0.010268 
     460    -0.007338 
     461    -0.006991 
     462    -0.008076 
     463    -0.008824 
     464    -0.012841 
     465    -0.017157 
     466    -0.013062 
     467    -0.011715 
     468    -0.013040 
     469    -0.007688 
     470    -0.016879 
     471    -0.012984 
     472    -0.015014 
     473    -0.004905 
     474    -0.005163 
     475    -0.008456 
     476    -0.010332 
     477    -0.013632 
     478    -0.016850 
     479    -0.007889 
     480    -0.000133 
     481    -0.013041 
     482    -0.011039 
     483    -0.005848 
     484    -0.008124 
     485    -0.015872 
     486    -0.011801 
     487    -0.008045 
     488    -0.008399 
     489    -0.005215 
     490    -0.005392 
     491    -0.020648 
     492    -0.007078 
     493    -0.009667 
     494    -0.008883 
     495    -0.016194 
     496    -0.014373 
     497    -0.018515 
     498    -0.015492 
     499    -0.005088 
     500    -0.022263 
     501    -0.012911 
     502    -0.018413 
     503    -0.020972 
     504    -0.017977 
     505    -0.014328 
     506    -0.015871 
     507    -0.016635 
     508    -0.006302 
     509    -0.027716 
     510    -0.008082 
     511    -0.013008 
     512    -0.016653 
     513    -0.019994 
     514    -0.015049 
     515    -0.009548 
     516    -0.014460 
     517    -0.016551 
     518    -0.011967 
     519    -0.015074 
     520    -0.015369 
     521    -0.017661 
     522    -0.011802 
     523    -0.019026 
     524    -0.009666 
     525    -0.021574 
     526    -0.021225 
     527    -0.016813 
     528    -0.021562 
     529    -0.020879 
     530    -0.017202 
     531    -0.024095 
     532    -0.017420 
     533    -0.005712 
     534    -0.017170 
     535    -0.013755 
     536    -0.021703 
     537    -0.019633 
     538    -0.018741 
     539    -0.020119 
     540    -0.021734 
     541    -0.017372 
     542    -0.024698 
     543    -0.008273 
     544    -0.007566 
     545    -0.015997 
     546    -0.022172 
     547    -0.030607 
     548    -0.010515 
     549    -0.011294 
     550    -0.013794 
     551    -0.018744 
     552    -0.016397 
     553    -0.013741 
     554    -0.012278 
     555    -0.021141 
     556    -0.016947 
     557    -0.012822 
     558    -0.011898 
     559    -0.014676 
     560    -0.019566 
     561    -0.016022 
     562    -0.019925 
     563    -0.014559 
     564    -0.010865 
     565    -0.017548 
     566    -0.019847 
     567    -0.011717 
     568    -0.013789 
     569    -0.016915 
     570    -0.017261 
     571    -0.014884 
     572    -0.020038 
     573    -0.015393 
     574    -0.017302 
     575    -0.017542 
     576    -0.018066 
     577    -0.012812 
     578    -0.012161 
     579    -0.019910 
     580    -0.016344 
     581    -0.017184 
     582    -0.012674 
     583    -0.008916 
     584    -0.020365 
     585    -0.011600 
     586    -0.016735 
     587    -0.017058 
     588    -0.018966 
     589    -0.017860 
     590    -0.022760 
     591    -0.013780 
     592    -0.006974 
     593    -0.010562 
     594    -0.012420 
     595    -0.011777 
     596    -0.010567 
     597    -0.015529 
     598    -0.012527 
     599    -0.014932 
     600    -0.016531 
     601    -0.007529 
     602    -0.014054 
     603    -0.011452 
     604    -0.013921 
     605    -0.017017 
     606    -0.014682 
     607    -0.013079 
     608    -0.015330 
     609    -0.009398 
     610    -0.014390 
     611    -0.013366 
     612    -0.017736 
     613    -0.013473 
     614    -0.014205 
     615    -0.010665 
     616    -0.016784 
     617    -0.019276 
     618    -0.008418 
     619    -0.010801 
     620    -0.014592 
     621    -0.010139 
     622    -0.017742 
     623    -0.015152 
     624    -0.013244 
     625    -0.008307 
     626    -0.005736 
     627    -0.016816 
     628    -0.010455 
     629    -0.013409 
     630    -0.015122 
     631    -0.016780 
     632    -0.011811 
     633    -0.009036 
     634    -0.019389 
     635    -0.018330 
     636    -0.015690 
     637    -0.016418 
     638    -0.012226 
     639    -0.014539 
     640    -0.025013 
     641    -0.010997 
     642    -0.016493 
     643    -0.009055 
     644    -0.021911 
     645    -0.017112 
     646    -0.018178 
     647     0.001520 
     648    -0.012069 
     649    -0.006688 
     650    -0.006949 
     651    -0.012187 
     652    -0.012699 
     653    -0.013200 
     654    -0.013079 
     655    -0.011839 
     656    -0.015245 
     657    -0.014623 
     658    -0.016352 
     659    -0.016584 
     660    -0.010900 
     661    -0.013935 
     662    -0.012949 
     663    -0.011129 
     664    -0.014386 
     665    -0.009300 
     666    -0.009040 
     667    -0.012267 
     668    -0.011203 
     669    -0.008042 
     670    -0.015052 
     671    -0.010437 
     672    -0.014621 
     673    -0.014298 
     674    -0.011492 
     675    -0.010169 
     676    -0.007602 
     677    -0.011617 
     678    -0.000499 
     679    -0.015749 
     680    -0.016402 
     681    -0.001138 
     682    -0.009979 
     683    -0.002685 
     684    -0.008139 
     685    -0.014028 
     686    -0.010235 
     687    -0.006502 
     688    -0.002270 
     689    -0.005030 
     690    -0.009608 
     691    -0.006488 
     692    -0.001550 
     693    -0.009023 
     694    -0.006711 
     695    -0.015245 
     696    -0.005344 
     697    -0.005049 
     698    -0.014104 
     699    -0.006773 
     700    -0.010418 
     701    -0.005546 
     702    -0.008927 
     703    -0.009848 
     704    -0.008800 
     705    -0.004836 
     706    -0.004243 
     707    -0.005625 
     708    -0.004959 
     709    -0.005658 
     710    -0.002490 
     711    -0.010866 
     712    -0.007954 
     713    -0.004162 
     714    -0.008365 
     715    -0.001978 
     716    -0.002538 
     717    -0.008346 
     718    -0.009458 
     719    -0.005279 
     720    -0.008953 
     721    -0.001753 
     722    -0.010309 
     723    -0.004941 
     724    -0.007394 
     725    -0.004499 
     726    -0.015756 
     727    -0.004675 
     728    -0.007649 
     729    -0.001515 
     730    -0.010530 
     731    -0.000299 
     732    -0.008354 
     733    -0.006591 
     734    -0.002647 
     735    -0.003088 
     736    -0.007427 
     737    -0.009156 
     738    -0.012795 
     739    -0.003327 
     740    -0.005046 
     741     0.002934 
     742    -0.010538 
     743    -0.006340 
     744     0.002092 
     745     0.003696 
     746    -0.014746 
     747    -0.004375 
     748     0.002136 
     749     0.004574 
     750     0.002666 
     751     0.009165 
     752     0.006478 
     753     0.001796 
     754     0.002904 
     755     0.001852 
     756     0.000688 
     757     0.001011 
     758    -0.001570 
     759     0.005101 
     760    -0.007642 
     761     0.007143 
     762     0.000962 
     763    -0.000227 
     764     0.003749 
     765     0.003935 
     766     0.002054 
     767     0.002060 
     768     0.004590 
     769     0.003961 
     770     0.001729 
     771    -0.000948 
     772     0.003508 
     773     0.000651 
     774    -0.002181 
     775     0.001179 
     776     0.001241 
     777    -0.002668 
     778     0.001880 
     779     0.000211 
     780     0.005519 
     781     0.000908 
     782     0.005285 
     783     0.001909 
     784     0.003868 
     785     0.002747 
     786    -0.001267 
     787     0.002600 
     788     0.005984 
     789    -0.000184 
     790    -0.017526 
     791     0.003881 
     792     0.000298 
     793     0.002461 
     794     0.009514 
     795     0.000345 
     796     0.002996 
     797     0.001843 
     798     0.002369 
     799     0.001313 
     800     0.002925 
     801    -0.005785 
     802     0.002268 
     803    -0.004272 
     804     0.003136 
     805     0.000716 
     806     0.001463 
     807    -0.001286 
     808    -0.001680 
     809     0.002091 
     810    -0.002161 
     811     0.001809 
     812    -0.003813 
     813     0.003186 
     814     0.000154 
     815     0.004739 
     816     0.000230 
     817     0.001173 
     818     0.000984 
     819     0.003002 
     820    -0.002018 
     821    -0.000484 
     822    -0.007160 
     823     0.001309 
     824    -0.000300 
     825    -0.002134 
     826     0.001404 
     827    -0.002350 
     828     0.000393 
     829    -0.000392 
     830    -0.000989 
     831     0.001907 
     832     0.003447 
     833     0.004277 
     834     0.000043 
     835     0.003511 
     836    -0.001417 
     837    -0.003997 
     838    -0.003224 
     839     0.000265 
     840    -0.003025 
     841    -0.000223 
     842    -0.000041 
     843    -0.002738 
     844    -0.007208 
     845    -0.007446 
     846    -0.002450 
     847    -0.002325 
     848    -0.002870 
     849     0.000591 
     850     0.002219 
     851    -0.003839 
     852    -0.001666 
     853     0.000237 
     854     0.000425 
     855    -0.000116 
     856    -0.001001 
     857    -0.000519 
     858    -0.000114 
     859    -0.002635 
     860     0.003139 
     861     0.001603 
     862     0.002141 
     863    -0.003114 
     864     0.002305 
     865     0.001989 
     866    -0.000048 
     867    -0.023337 
     868     0.002744 
     869     0.000491 
     870     0.003069 
     871     0.004803 
     872    -0.002680 
     873     0.002044 
     874     0.002465 
     875     0.000578 
     876     0.001574 
     877    -0.001049 
     878     0.002731 
     879    -0.000479 
     880    -0.002056 
     881    -0.000974 
     882    -0.000278 
     883    -0.000630 
     884     0.000227 
     885     0.004645 
     886    -0.006656 
     887     0.000341 
     888    -0.002003 
     889    -0.007403 
     890    -0.010680 
     891    -0.009670 
     892    -0.015128 
     893    -0.010924 
     894    -0.002686 
     895    -0.000535 
     896    -0.008277 
     897    -0.007431 
     898    -0.010823 
     899    -0.012134 
     900    -0.010345 
     901    -0.009705 
     902     0.001042 
     903    -0.012516 
     904     0.001299 
     905    -0.009319 
     906    -0.011144 
     907    -0.008082 
     908    -0.007447 
     909    -0.005916 
     910    -0.007970 
     911    -0.009075 
     912    -0.006117 
     913    -0.008504 
     914    -0.007003 
     915    -0.007076 
     916    -0.011757 
     917    -0.008794 
     918    -0.007243 
     919    -0.010429 
     920    -0.010508 
     921    -0.009392 
     922    -0.001328 
     923    -0.006489 
     924    -0.006374 
     925    -0.011214 
     926    -0.006843 
     927    -0.006581 
     928    -0.003051 
     929    -0.009469 
     930    -0.007715 
     931    -0.012144 
     932    -0.008358 
     933    -0.000580 
     934    -0.009010 
     935    -0.003221 
     936    -0.010457 
     937    -0.000267 
     938    -0.002799 
     939    -0.008824 
     940    -0.002619 
     941    -0.000899 
     942    -0.004571 
     943    -0.004208 
     944     0.000035 
     945    -0.002296 
     946     0.001060 
     947    -0.005148 
     948    -0.001713 
     949    -0.000512 
     950    -0.005854 
     951    -0.003027 
     952    -0.002107 
     953    -0.002447 
     954    -0.001995 
     955    -0.002066 
     956    -0.003208 
     957    -0.005754 
     958    -0.001307 
     959     0.000421 
     960    -0.006200 
     961     0.000702 
     962    -0.007860 
     963    -0.005375 
     964    -0.009352 
     965    -0.000581 
     966    -0.007998 
     967    -0.004215 
     968    -0.003334 
     969    -0.006361 
     970    -0.002179 
     971    -0.004014 
     972    -0.002844 
     973    -0.006155 
     974    -0.004556 
     975     0.000146 
     976    -0.007925 
     977    -0.003724 
     978    -0.004837 
     979    -0.003078 
     980    -0.005940 
     981    -0.008180 
     982    -0.008855 
     983    -0.013628 
     984    -0.001225 
     985    -0.007371 
     986    -0.007971 
     987    -0.009569 
     988    -0.007544 
     989    -0.012406 
     990    -0.016538 
     991    -0.013398 
     992    -0.015969 
     993    -0.026520 
     994    -0.014108 
     995    -0.024323 
     996    -0.037388 
     997    -0.038125 
     998    -0.034918 
     999    -0.040281 
    1000    -0.053085 
    1001     0.000000 
    1002     0.000000 
    1003     0.000000 
    1004     0.000000 
    1005     0.000000 
    1006     0.000000 
    1007     0.000000 
    1008     0.000000 
    1009     0.000000 
    1010     0.000000 
    1011     0.000000 
    1012     0.000000 
    1013     0.000000 
    1014     0.000000 
    1015     0.000000 
    1016     0.000000 
    1017     0.000000 
    1018     0.000000 
    1019     0.000000 
    1020     0.000000 
    1021     0.000000 
    1022     0.000000 
    1023     0.000000 
    1024     0.000000 
    1025     0.000000 
    1026     0.000000 
    1027     0.000000 
    1028     0.000000 
    1029     0.000000 
    1030     0.000000 
    1031     0.000000 
    1032     0.000000 
    1033     0.000000 
    1034     0.000000 
    1035     0.000000 
    1036     0.000000 
    1037     0.000000 
    1038     0.000000 
    1039     0.000000 
    1040     0.000000 
    1041     0.000000 
    1042     0.000000 
    1043     0.000000 
    1044     0.000000 
    1045     0.000000 
    1046     0.000000 
    1047     0.000000 
    1048     0.000000 
    1049     0.000000 
    1050     0.000000 
    1051     0.000000 
    1052     0.000000 
    1053     0.000000 
    1054     0.000000 
    1055     0.000000 
    1056     0.000000 
    1057     0.000000 
    1058     0.000000 
    1059     0.000000 
    1060     0.000000 
    1061     0.000000 
    1062     0.000000 
    1063     0.000000 
    1064     0.000000 
    1065     0.000000 
    1066     0.000000 
    1067     0.000000 
    1068     0.000000 
    1069     0.000000 
    1070     0.000000 
    1071     0.000000 
    1072     0.000000 
    1073     0.000000 
    1074     0.000000 
    1075     0.000000 
    1076     0.000000 
    1077     0.000000 
    1078     0.000000 
    1079     0.000000 
    1080     0.000000 
    1081     0.000000 
    1082     0.000000 
    1083     0.000000 
    1084     0.000000 
    1085     0.000000 
    1086     0.000000 
    1087     0.000000 
    1088     0.000000 
    1089     0.000000 
    1090     0.000000 
    1091     0.000000 
    1092     0.000000 
    1093     0.000000 
    1094     0.000000 
    1095     0.000000 
    1096     0.000000 
    1097     0.000000 
    1098     0.000000 
    1099     0.000000 
    1100     0.000000 
    1101     0.000000 
    1102     0.000000 
    1103     0.000000 
    1104     0.000000 
    1105     0.000000 
    1106     0.000000 
    1107     0.000000 
    1108     0.000000 
    1109     0.000000 
    1110     0.000000 
    1111     0.000000 
    1112     0.000000 
    1113     0.000000 
    1114     0.000000 
    1115     0.000000 
    1116     0.000000 
    1117     0.000000 
    1118     0.000000 
    1119     0.000000 
    1120     0.000000 
    1121     0.000000 
    1122     0.000000 
    1123     0.000000 
    1124     0.000000 
    1125     0.000000 
    1126     0.000000 
    1127     0.000000 
    1128     0.000000 
    1129     0.000000 
    1130     0.000000 
    1131     0.000000 
    1132     0.000000 
    1133     0.000000 
    1134     0.000000 
    1135     0.000000 
    1136     0.000000 
    1137     0.000000 
    1138     0.000000 
    1139     0.000000 
    1140     0.000000 
    1141     0.000000 
    1142     0.000000 
    1143     0.000000 
    1144     0.000000 
    1145     0.000000 
    1146     0.000000 
    1147     0.000000 
    1148     0.000000 
    1149     0.000000 
    1150     0.000000 
    1151     0.000000 
    1152     0.000000 
    1153     0.000000 
    1154     0.000000 
    1155     0.000000 
    1156     0.000000 
    1157     0.000000 
    1158     0.000000 
    1159     0.000000 
    1160     0.000000 
    1161     0.000000 
    1162     0.000000 
    1163     0.000000 
    1164     0.000000 
    1165     0.000000 
    1166     0.000000 
    1167     0.000000 
    1168     0.000000 
    1169     0.000000 
    1170     0.000000 
    1171     0.000000 
    1172     0.000000 
    1173     0.000000 
    1174     0.000000 
    1175     0.000000 
    1176     0.000000 
    1177     0.000000 
    1178     0.000000 
    1179     0.000000 
    1180     0.000000 
    1181     0.000000 
    1182     0.000000 
    1183     0.000000 
    1184     0.000000 
    1185     0.000000 
    1186     0.000000 
    1187     0.000000 
    1188     0.000000 
    1189     0.000000 
    1190     0.000000 
    1191     0.000000 
    1192     0.000000 
    1193     0.000000 
    1194     0.000000 
    1195     0.000000 
    1196     0.000000 
    1197     0.000000 
    1198     0.000000 
    1199     0.000000 
    1200     0.000000 
    1201     0.000000 
    1202     0.000000 
    1203     0.000000 
    1204     0.000000 
    1205     0.000000 
    1206     0.000000 
    1207     0.000000 
    1208     0.000000 
    1209     0.000000 
    1210     0.000000 
    1211     0.000000 
    1212     0.000000 
    1213     0.000000 
    1214     0.000000 
    1215     0.000000 
    1216     0.000000 
    1217     0.000000 
    1218     0.000000 
    1219     0.000000 
    1220     0.000000 
    1221     0.000000 
    1222     0.000000 
    1223     0.000000 
    1224     0.000000 
    1225     0.000000 
    1226     0.000000 
    1227     0.000000 
    1228     0.000000 
    1229     0.000000 
    1230     0.000000 
    1231     0.000000 
    1232     0.000000 
    1233     0.000000 
    1234     0.000000 
    1235     0.000000 
    1236     0.000000 
    1237     0.000000 
    1238     0.000000 
    1239     0.000000 
    1240     0.000000 
    1241     0.000000 
    1242     0.000000 
    1243     0.000000 
    1244     0.000000 
    1245     0.000000 
    1246     0.000000 
    1247     0.000000 
    1248     0.000000 
    1249     0.000000 
    1250     0.000000 
    1251     0.000000 
    1252     0.000000 
    1253     0.000000 
    1254     0.000000 
    1255     0.000000 
    1256     0.000000 
    1257     0.000000 
    1258     0.000000 
    1259     0.000000 
    1260     0.000000 
    1261     0.000000 
    1262     0.000000 
    1263     0.000000 
    1264     0.000000 
    1265     0.000000 
    1266     0.000000 
    1267     0.000000 
    1268     0.000000 
    1269     0.000000 
    1270     0.000000 
    1271     0.000000 
    1272     0.000000 
    1273     0.000000 
    1274     0.000000 
    1275     0.000000 
    1276     0.000000 
    1277     0.000000 
    1278     0.000000 
    1279     0.000000 
    1280     0.000000 
    1281     0.000000 
    1282     0.000000 
    1283     0.000000 
    1284     0.000000 
    1285     0.000000 
    1286     0.000000 
    1287     0.000000 
    1288     0.000000 
    1289     0.000000 
    1290     0.000000 
    1291     0.000000 
    1292     0.000000 
    1293     0.000000 
    1294     0.000000 
    1295     0.000000 
    1296     0.000000 
    1297     0.000000 
    1298     0.000000 
    1299     0.000000 
    1300     0.000000 
    1301     0.000000 
    1302     0.000000 
    1303     0.000000 
    1304     0.000000 
    1305     0.000000 
    1306     0.000000 
    1307     0.000000 
    1308     0.000000 
    1309     0.000000 
    1310     0.000000 
    1311     0.000000 
    1312     0.000000 
    1313     0.000000 
    1314     0.000000 
    1315     0.000000 
    1316     0.000000 
    1317     0.000000 
    1318     0.000000 
    1319     0.000000 
    1320     0.000000 
    1321     0.000000 
    1322     0.000000 
    1323     0.000000 
    1324     0.000000 
    1325     0.000000 
    1326     0.000000 
    1327     0.000000 
    1328     0.000000 
    1329     0.000000 
    1330     0.000000 
    1331     0.000000 
    1332     0.000000 
    1333     0.000000 
    1334     0.000000 
    1335     0.000000 
    1336     0.000000 
    1337     0.000000 
    1338     0.000000 
    1339     0.000000 
    1340     0.000000 
    1341     0.000000 
    1342     0.000000 
    1343     0.000000 
    1344     0.000000 
    1345     0.000000 
    1346     0.000000 
    1347     0.000000 
    1348     0.000000 
    1349     0.000000 
    1350     0.000000 
    1351     0.000000 
    1352     0.000000 
    1353     0.000000 
    1354     0.000000 
    1355     0.000000 
    1356     0.000000 
    1357     0.000000 
    1358     0.000000 
    1359     0.000000 
    1360     0.000000 
    1361     0.000000 
    1362     0.000000 
    1363     0.000000 
    1364     0.000000 
    1365     0.000000 
    1366     0.000000 
    1367     0.000000 
    1368     0.000000 
    1369     0.000000 
    1370     0.000000 
    1371     0.000000 
    1372     0.000000 
    1373     0.000000 
    1374     0.000000 
    1375     0.000000 
    1376     0.000000 
    1377     0.000000 
    1378     0.000000 
    1379     0.000000 
    1380     0.000000 
    1381     0.000000 
    1382     0.000000 
    1383     0.000000 
    1384     0.000000 
    1385     0.000000 
    1386     0.000000 
    1387     0.000000 
    1388     0.000000 
    1389     0.000000 
    1390     0.000000 
    1391     0.000000 
    1392     0.000000 
    1393     0.000000 
    1394     0.000000 
    1395     0.000000 
    1396     0.000000 
    1397     0.000000 
    1398     0.000000 
    1399     0.000000 
    1400     0.000000 
    1401     0.000000 
    1402     0.000000 
    1403     0.000000 
    1404     0.000000 
    1405     0.000000 
    1406     0.000000 
    1407     0.000000 
    1408     0.000000 
    1409     0.000000 
    1410     0.000000 
    1411     0.000000 
    1412     0.000000 
    1413     0.000000 
    1414     0.000000 
    1415     0.000000 
    1416     0.000000 
    1417     0.000000 
    1418     0.000000 
    1419     0.000000 
    1420     0.000000 
    1421     0.000000 
    1422     0.000000 
    1423     0.000000 
    1424     0.000000 
    1425     0.000000 
    1426     0.000000 
    1427     0.000000 
    1428     0.000000 
    1429     0.000000 
    1430     0.000000 
    1431     0.000000 
    1432     0.000000 
    1433     0.000000 
    1434     0.000000 
    1435     0.000000 
    1436     0.000000 
    1437     0.000000 
    1438     0.000000 
    1439     0.000000 
    1440     0.000000 
    1441     0.000000 
    1442     0.000000 
    1443     0.000000 
    1444     0.000000 
    1445     0.000000 
    1446     0.000000 
    1447     0.000000 
    1448     0.000000 
    1449     0.000000 
    1450     0.000000 
    1451     0.000000 
    1452     0.000000 
    1453     0.000000 
    1454     0.000000 
    1455     0.000000 
    1456     0.000000 
    1457     0.000000 
    1458     0.000000 
    1459     0.000000 
    1460     0.000000 
    1461     0.000000 
    1462     0.000000 
    1463     0.000000 
    1464     0.000000 
    1465     0.000000 
    1466     0.000000 
    1467     0.000000 
    1468     0.000000 
    1469     0.000000 
    1470     0.000000 
    1471     0.000000 
    1472     0.000000 
    1473     0.000000 
    1474     0.000000 
    1475     0.000000 
    1476     0.000000 
    1477     0.000000 
    1478     0.000000 
    1479     0.000000 
    1480     0.000000 
    1481     0.000000 
    1482     0.000000 
    1483     0.000000 
    1484     0.000000 
    1485     0.000000 
    1486     0.000000 
    1487     0.000000 
    1488     0.000000 
    1489     0.000000 
    1490     0.000000 
    1491     0.000000 
    1492     0.000000 
    1493     0.000000 
    1494     0.000000 
    1495     0.000000 
    1496     0.000000 
    1497     0.000000 
    1498     0.000000 
    1499     0.000000 
    1500     0.000000 
    1501     0.000000 
    1502     0.000000 
    1503     0.000000 
    1504     0.000000 
    1505     0.000000 
    1506     0.000000 
    1507     0.000000 
    1508     0.000000 
    1509     0.000000 
    1510     0.000000 
    1511     0.000000 
    1512     0.000000 
    1513     0.000000 
    1514     0.000000 
    1515     0.000000 
    1516     0.000000 
    1517     0.000000 
    1518     0.000000 
    1519     0.000000 
    1520     0.000000 
    1521     0.000000 
    1522     0.000000 
    1523     0.000000 
    1524     0.000000 
    1525     0.000000 
    1526     0.000000 
    1527     0.000000 
    1528     0.000000 
    1529     0.000000 
    1530     0.000000 
    1531     0.000000 
    1532     0.000000 
    1533     0.000000 
    1534     0.000000 
    1535     0.000000 
    1536     0.000000 
    1537     0.000000 
    1538     0.000000 
    1539     0.000000 
    1540     0.000000 
    1541     0.000000 
    1542     0.000000 
    1543     0.000000 
    1544     0.000000 
    1545     0.000000 
    1546     0.000000 
    1547     0.000000 
    1548     0.000000 
    1549     0.000000 
    1550     0.000000 
    1551     0.000000 
    1552     0.000000 
    1553     0.000000 
    1554     0.000000 
    1555     0.000000 
    1556     0.000000 
    1557     0.000000 
    1558     0.000000 
    1559     0.000000 
    1560     0.000000 
    1561     0.000000 
    1562     0.000000 
    1563     0.000000 
    1564     0.000000 
    1565     0.000000 
    1566     0.000000 
    1567     0.000000 
    1568     0.000000 
    1569     0.000000 
    1570     0.000000 
    1571     0.000000 
    1572     0.000000 
    1573     0.000000 
    1574     0.000000 
    1575     0.000000 
    1576     0.000000 
    1577     0.000000 
    1578     0.000000 
    1579     0.000000 
    1580     0.000000 
    1581     0.000000 
    1582     0.000000 
    1583     0.000000 
    1584     0.000000 
    1585     0.000000 
    1586     0.000000 
    1587     0.000000 
    1588     0.000000 
    1589     0.000000 
    1590     0.000000 
    1591     0.000000 
    1592     0.000000 
    1593     0.000000 
    1594     0.000000 
    1595     0.000000 
    1596     0.000000 
    1597     0.000000 
    1598     0.000000 
    1599     0.000000 
    1600     0.000000 
    1601     0.000000 
    1602     0.000000 
    1603     0.000000 
    1604     0.000000 
    1605     0.000000 
    1606     0.000000 
    1607     0.000000 
    1608     0.000000 
    1609     0.000000 
    1610     0.000000 
    1611     0.000000 
    1612     0.000000 
    1613     0.000000 
    1614     0.000000 
    1615     0.000000 
    1616     0.000000 
    1617     0.000000 
    1618     0.000000 
    1619     0.000000 
    1620     0.000000 
    1621     0.000000 
    1622     0.000000 
    1623     0.000000 
    1624     0.000000 
    1625     0.000000 
    1626     0.000000 
    1627     0.000000 
    1628     0.000000 
    1629     0.000000 
    1630     0.000000 
    1631     0.000000 
    1632     0.000000 
    1633     0.000000 
    1634     0.000000 
    1635     0.000000 
    1636     0.000000 
    1637     0.000000 
    1638     0.000000 
    1639     0.000000 
    1640     0.000000 
    1641     0.000000 
    1642     0.000000 
    1643     0.000000 
    1644     0.000000 
    1645     0.000000 
    1646     0.000000 
    1647     0.000000 
    1648     0.000000 
    1649     0.000000 
    1650     0.000000 
    1651     0.000000 
    1652     0.000000 
    1653     0.000000 
    1654     0.000000 
    1655     0.000000 
    1656     0.000000 
    1657     0.000000 
    1658     0.000000 
    1659     0.000000 
    1660     0.000000 
    1661     0.000000 
    1662     0.000000 
    1663     0.000000 
    1664     0.000000 
    1665     0.000000 
    1666     0.000000 
    1667     0.000000 
    1668     0.000000 
    1669     0.000000 
    1670     0.000000 
    1671     0.000000 
    1672     0.000000 
    1673     0.000000 
    1674     0.000000 
    1675     0.000000 
    1676     0.000000 
    1677     0.000000 
    1678     0.000000 
    1679     0.000000 
    1680     0.000000 
    1681     0.000000 
    1682     0.000000 
    1683     0.000000 
    1684     0.000000 
    1685     0.000000 
    1686     0.000000 
    1687     0.000000 
    1688     0.000000 
    1689     0.000000 
    1690     0.000000 
    1691     0.000000 
    1692     0.000000 
    1693     0.000000 
    1694     0.000000 
    1695     0.000000 
    1696     0.000000 
    1697     0.000000 
    1698     0.000000 
    1699     0.000000 
    1700     0.000000 
    1701     0.000000 
    1702     0.000000 
    1703     0.000000 
    1704     0.000000 
    1705     0.000000 
    1706     0.000000 
    1707     0.000000 
    1708     0.000000 
    1709     0.000000 
    1710     0.000000 
    1711     0.000000 
    1712     0.000000 
    1713     0.000000 
    1714     0.000000 
    1715     0.000000 
    1716     0.000000 
    1717     0.000000 
    1718     0.000000 
    1719     0.000000 
    1720     0.000000 
    1721     0.000000 
    1722     0.000000 
    1723     0.000000 
    1724     0.000000 
    1725     0.000000 
    1726     0.000000 
    1727     0.000000 
    1728     0.000000 
    1729     0.000000 
    1730     0.000000 
    1731     0.000000 
    1732     0.000000 
    1733     0.000000 
    1734     0.000000 
    1735     0.000000 
    1736     0.000000 
    1737     0.000000 
    1738     0.000000 
    1739     0.000000 
    1740     0.000000 
    1741     0.000000 
    1742     0.000000 
    1743     0.000000 
    1744     0.000000 
    1745     0.000000 
    1746     0.000000 
    1747     0.000000 
    1748     0.000000 
    1749     0.000000 
    1750     0.000000 
    1751     0.000000 
    1752     0.000000 
    1753     0.000000 
    1754     0.000000 
    1755     0.000000 
    1756     0.000000 
    1757     0.000000 
    1758     0.000000 
    1759     0.000000 
    1760     0.000000 
    1761     0.000000 
    1762     0.000000 
    1763     0.000000 
    1764     0.000000 
    1765     0.000000 
    1766     0.000000 
    1767     0.000000 
    1768     0.000000 
    1769     0.000000 
    1770     0.000000 
    1771     0.000000 
    1772     0.000000 
    1773     0.000000 
    1774     0.000000 
    1775     0.000000 
    1776     0.000000 
    1777     0.000000 
    1778     0.000000 
    1779     0.000000 
    1780     0.000000 
    1781     0.000000 
    1782     0.000000 
    1783     0.000000 
    1784     0.000000 
    1785     0.000000 
    1786     0.000000 
    1787     0.000000 
    1788     0.000000 
    1789     0.000000 
    1790     0.000000 
    1791     0.000000 
    1792     0.000000 
    1793     0.000000 
    1794     0.000000 
    1795     0.000000 
    1796     0.000000 
    1797     0.000000 
    1798     0.000000 
    1799     0.000000 
    1800     0.000000 
    1801     0.000000 
    1802     0.000000 
    1803     0.000000 
    1804     0.000000 
    1805     0.000000 
    1806     0.000000 
    1807     0.000000 
    1808     0.000000 
    1809     0.000000 
    1810     0.000000 
    1811     0.000000 
    1812     0.000000 
    1813     0.000000 
    1814     0.000000 
    1815     0.000000 
    1816     0.000000 
    1817     0.000000 
    1818     0.000000 
    1819     0.000000 
    1820     0.000000 
    1821     0.000000 
    1822     0.000000 
    1823     0.000000 
    1824     0.000000 
    1825     0.000000 
    1826     0.000000 
    1827     0.000000 
    1828     0.000000 
    1829     0.000000 
    1830     0.000000 
    1831     0.000000 
    1832     0.000000 
    1833     0.000000 
    1834     0.000000 
    1835     0.000000 
    1836     0.000000 
    1837     0.000000 
    1838     0.000000 
    1839     0.000000 
    1840     0.000000 
    1841     0.000000 
    1842     0.000000 
    1843     0.000000 
    1844     0.000000 
    1845     0.000000 
    1846     0.000000 
    1847     0.000000 
    1848     0.000000 
    1849     0.000000 
    1850     0.000000 
    1851     0.000000 
    1852     0.000000 
    1853     0.000000 
    1854     0.000000 
    1855     0.000000 
    1856     0.000000 
    1857     0.000000 
    1858     0.000000 
    1859     0.000000 
    1860     0.000000 
    1861     0.000000 
    1862     0.000000 
    1863     0.000000 
    1864     0.000000 
    1865     0.000000 
    1866     0.000000 
    1867     0.000000 
    1868     0.000000 
    1869     0.000000 
    1870     0.000000 
    1871     0.000000 
    1872     0.000000 
    1873     0.000000 
    1874     0.000000 
    1875     0.000000 
    1876     0.000000 
    1877     0.000000 
    1878     0.000000 
    1879     0.000000 
    1880     0.000000 
    1881     0.000000 
    1882     0.000000 
    1883     0.000000 
    1884     0.000000 
    1885     0.000000 
    1886     0.000000 
    1887     0.000000 
    1888     0.000000 
    1889     0.000000 
    1890     0.000000 
    1891     0.000000 
    1892     0.000000 
    1893     0.000000 
    1894     0.000000 
    1895     0.000000 
    1896     0.000000 
    1897     0.000000 
    1898     0.000000 
    1899     0.000000 
    1900     0.000000 
    1901     0.000000 
    1902     0.000000 
    1903     0.000000 
    1904     0.000000 
    1905     0.000000 
    1906     0.000000 
    1907     0.000000 
    1908     0.000000 
    1909     0.000000 
    1910     0.000000 
    1911     0.000000 
    1912     0.000000 
    1913     0.000000 
    1914     0.000000 
    1915     0.000000 
    1916     0.000000 
    1917     0.000000 
    1918     0.000000 
    1919     0.000000 
    1920     0.000000 
    1921     0.000000 
    1922     0.000000 
    1923     0.000000 
    1924     0.000000 
    1925     0.000000 
    1926     0.000000 
    1927     0.000000 
    1928     0.000000 
    1929     0.000000 
    1930     0.000000 
    1931     0.000000 
    1932     0.000000 
    1933     0.000000 
    1934     0.000000 
    1935     0.000000 
    1936     0.000000 
    1937     0.000000 
    1938     0.000000 
    1939     0.000000 
    1940     0.000000 
    1941     0.000000 
    1942     0.000000 
    1943     0.000000 
    1944     0.000000 
    1945     0.000000 
    1946     0.000000 
    1947     0.000000 
    1948     0.000000 
    1949     0.000000 
    1950     0.000000 
    1951     0.000000 
    1952     0.000000 
    1953     0.000000 
    1954     0.000000 
    1955     0.000000 
    1956     0.000000 
    1957     0.000000 
    1958     0.000000 
    1959     0.000000 
    1960     0.000000 
    1961     0.000000 
    1962     0.000000 
    1963     0.000000 
    1964     0.000000 
    1965     0.000000 
    1966     0.000000 
    1967     0.000000 
    1968     0.000000 
    1969     0.000000 
    1970     0.000000 
    1971     0.000000 
    1972     0.000000 
    1973     0.000000 
    1974     0.000000 
    1975     0.000000 
    1976     0.000000 
    1977     0.000000 
    1978     0.000000 
    1979     0.000000 
    1980     0.000000 
    1981     0.000000 
    1982     0.000000 
    1983     0.000000 
    1984     0.000000 
    1985     0.000000 
    1986     0.000000 
    1987     0.000000 
    1988     0.000000 
    1989     0.000000 
    1990     0.000000 
    1991     0.000000 
    1992     0.000000 
    1993     0.000000 
    1994     0.000000 
    1995     0.000000 
    1996     0.000000 
    1997     0.000000 
    1998     0.000000 
    1999     0.000000 
    2000     0.000000 
    2001     0.000000 
    2002     0.000000 
    2003     0.000000 
    2004     0.000000 
    2005     0.000000 
    2006     0.000000 
    2007     0.000000 
    2008     0.000000 
    2009     0.000000 
    2010     0.000000 
    2011     0.000000 
    2012     0.000000 
    2013     0.000000 
    2014     0.000000 
    2015     0.000000 
    2016     0.000000 
    2017     0.000000 
    2018     0.000000 
    2019     0.000000 
    2020     0.000000 
    2021     0.000000 
    2022     0.000000 
    2023     0.000000 
    2024     0.000000 
    2025     0.000000 
    2026     0.000000 
    2027     0.000000 
    2028     0.000000 
    2029     0.000000 
    2030     0.000000 
    2031     0.000000 
    2032     0.000000 
    2033     0.000000 
    2034     0.000000 
    2035     0.000000 
    2036     0.000000 
    2037     0.000000 
    2038     0.000000 
    2039     0.000000 
    2040     0.000000 
    2041     0.000000 
    2042     0.000000 
    2043     0.000000 
    2044     0.000000 
    2045     0.000000 
    2046     0.000000 
    2047     0.000000 
    2048     0.000000 
    2049     0.000000 
    2050     0.000000 
    2051     0.000000 
    2052     0.000000 
    2053     0.000000 
    2054     0.000000 
    2055     0.000000 
    2056     0.000000 
    2057     0.000000 
    2058     0.000000 
    2059     0.000000 
    2060     0.000000 
    2061     0.000000 
    2062     0.000000 
    2063     0.000000 
    2064     0.000000 
    2065     0.000000 
    2066     0.000000 
    2067     0.000000 
    2068     0.000000 
    2069     0.000000 
    2070     0.000000 
    2071     0.000000 
    2072     0.000000 
    2073     0.000000 
    2074     0.000000 
    2075     0.000000 
    2076     0.000000 
    2077     0.000000 
    2078     0.000000 
    2079     0.000000 
    2080     0.000000 
    2081     0.000000 
    2082     0.000000 
    2083     0.000000 
    2084     0.000000 
    2085     0.000000 
    2086     0.000000 
    2087     0.000000 
    2088     0.000000 
    2089     0.000000 
    2090     0.000000 
    2091     0.000000 
    2092     0.000000 
    2093     0.000000 
    2094     0.000000 
    2095     0.000000 
    2096     0.000000 
    2097     0.000000 
    2098     0.000000 
    2099     0.000000 
    2100     0.000000 
    2101     0.000000 
    2102     0.000000 
    2103     0.000000 
    2104     0.000000 
    2105     0.000000 
    2106     0.000000 
    2107     0.000000 
    2108     0.000000 
    2109     0.000000 
    2110     0.000000 
    2111     0.000000 
    2112     0.000000 
    2113     0.000000 
    2114     0.000000 
    2115     0.000000 
    2116     0.000000 
    2117     0.000000 
    2118     0.000000 
    2119     0.000000 
    2120     0.000000 
    2121     0.000000 
    2122     0.000000 
    2123     0.000000 
    2124     0.000000 
    2125     0.000000 
    2126     0.000000 
    2127     0.000000 
    2128     0.000000 
    2129     0.000000 
    2130     0.000000 
    2131     0.000000 
    2132     0.000000 
    2133     0.000000 
    2134     0.000000 
    2135     0.000000 
    2136     0.000000 
    2137     0.000000 
    2138     0.000000 
    2139     0.000000 
    2140     0.000000 
    2141     0.000000 
    2142     0.000000 
    2143     0.000000 
    2144     0.000000 
    2145     0.000000 
    2146     0.000000 
    2147     0.000000 
    2148     0.000000 
    2149     0.000000 
    2150     0.000000 
    2151     0.000000 
    2152     0.000000 
    2153     0.000000 
    2154     0.000000 
    2155     0.000000 
    2156     0.000000 
    2157     0.000000 
    2158     0.000000 
    2159     0.000000 
    2160     0.000000 
    2161     0.000000 
    2162     0.000000 
    2163     0.000000 
    2164     0.000000 
    2165     0.000000 
    2166     0.000000 
    2167     0.000000 
    2168     0.000000 
    2169     0.000000 
    2170     0.000000 
    2171     0.000000 
    2172     0.000000 
    2173     0.000000 
    2174     0.000000 
    2175     0.000000 
    2176     0.000000 
    2177     0.000000 
    2178     0.000000 
    2179     0.000000 
    2180     0.000000 
    2181     0.000000 
    2182     0.000000 
    2183     0.000000 
    2184     0.000000 
    2185     0.000000 
    2186     0.000000 
    2187     0.000000 
    2188     0.000000 
    2189     0.000000 
    2190     0.000000 
    2191     0.000000 
    2192     0.000000 
    2193     0.000000 
    2194     0.000000 
    2195     0.000000 
    2196     0.000000 
    2197     0.000000 
    2198     0.000000 
    2199     0.000000 
    2200     0.000000 
    2201     0.000000 
    2202     0.000000 
    2203     0.000000 
    2204     0.000000 
    2205     0.000000 
    2206     0.000000 
    2207     0.000000 
    2208     0.000000 
    2209     0.000000 
    2210     0.000000 
    2211     0.000000 
    2212     0.000000 
    2213     0.000000 
    2214     0.000000 
    2215     0.000000 
    2216     0.000000 
    2217     0.000000 
    2218     0.000000 
    2219     0.000000 
    2220     0.000000 
    2221     0.000000 
    2222     0.000000 
    2223     0.000000 
    2224     0.000000 
    2225     0.000000 
    2226     0.000000 
    2227     0.000000 
    2228     0.000000 
    2229     0.000000 
    2230     0.000000 
    2231     0.000000 
    2232     0.000000 
    2233     0.000000 
    2234     0.000000 
    2235     0.000000 
    2236     0.000000 
    2237     0.000000 
    2238     0.000000 
    2239     0.000000 
    2240     0.000000 
    2241     0.000000 
    2242     0.000000 
    2243     0.000000 
    2244     0.000000 
    2245     0.000000 
    2246     0.000000 
    2247     0.000000 
    2248     0.000000 
    2249     0.000000 
    2250     0.000000 
    2251     0.000000 
    2252     0.000000 
    2253     0.000000 
    2254     0.000000 
    2255     0.000000 
    2256     0.000000 
    2257     0.000000 
    2258     0.000000 
    2259     0.000000 
    2260     0.000000 
    2261     0.000000 
    2262     0.000000 
    2263     0.000000 
    2264     0.000000 
    2265     0.000000 
    2266     0.000000 
    2267     0.000000 
    2268     0.000000 
    2269     0.000000 
    2270     0.000000 
    2271     0.000000 
    2272     0.000000 
    2273     0.000000 
    2274     0.000000 
    2275     0.000000 
    2276     0.000000 
    2277     0.000000 
    2278     0.000000 
    2279     0.000000 
    2280     0.000000 
    2281     0.000000 
    2282     0.000000 
    2283     0.000000 
    2284     0.000000 
    2285     0.000000 
    2286     0.000000 
    2287     0.000000 
    2288     0.000000 
    2289     0.000000 
    2290     0.000000 
    2291     0.000000 
    2292     0.000000 
    2293     0.000000 
    2294     0.000000 
    2295     0.000000 
    2296     0.000000 
    2297     0.000000 
    2298     0.000000 
    2299     0.000000 
    2300     0.000000 
    2301     0.000000 
    2302     0.000000 
    2303     0.000000 
    2304     0.000000 
    2305     0.000000 
    2306     0.000000 
    2307     0.000000 
    2308     0.000000 
    2309     0.000000 
    2310     0.000000 
    2311     0.000000 
    2312     0.000000 
    2313     0.000000 
    2314     0.000000 
    2315     0.000000 
    2316     0.000000 
    2317     0.000000 
    2318     0.000000 
    2319     0.000000 
    2320     0.000000 
    2321     0.000000 
    2322     0.000000 
    2323     0.000000 
    2324     0.000000 
    2325     0.000000 
    2326     0.000000 
    2327     0.000000 
    2328     0.000000 
    2329     0.000000 
    2330     0.000000 
    2331     0.000000 
    2332     0.000000 
    2333     0.000000 
    2334     0.000000 
    2335     0.000000 
    2336     0.000000 
    2337     0.000000 
    2338     0.000000 
    2339     0.000000 
    2340     0.000000 
    2341     0.000000 
    2342     0.000000 
    2343     0.000000 
    2344     0.000000 
    2345     0.000000 
    2346     0.000000 
    2347     0.000000 
    2348     0.000000 
    2349     0.000000 
    2350     0.000000 
    2351     0.000000 
    2352     0.000000 
    2353     0.000000 
    2354     0.000000 
    2355     0.000000 
    2356     0.000000 
    2357     0.000000 
    2358     0.000000 
    2359     0.000000 
    2360     0.000000 
    2361     0.000000 
    2362     0.000000 
    2363     0.000000 
    2364     0.000000 
    2365     0.000000 
    2366     0.000000 
    2367     0.000000 
    2368     0.000000 
    2369     0.000000 
    2370     0.000000 
    2371     0.000000 
    2372     0.000000 
    2373     0.000000 
    2374     0.000000 
    2375     0.000000 
    2376     0.000000 
    2377     0.000000 
    2378     0.000000 
    2379     0.000000 
    2380     0.000000 
    2381     0.000000 
    2382     0.000000 
    2383     0.000000 
    2384     0.000000 
    2385     0.000000 
    2386     0.000000 
    2387     0.000000 
    2388     0.000000 
    2389     0.000000 
    2390     0.000000 
    2391     0.000000 
    2392     0.000000 
    2393     0.000000 
    2394     0.000000 
    2395     0.000000 
    2396     0.000000 
    2397     0.000000 
    2398     0.000000 
    2399     0.000000 
    2400     0.000000 
    2401     0.000000 
    2402     0.000000 
    2403     0.000000 
    2404     0.000000 
    2405     0.000000 
    2406     0.000000 
    2407     0.000000 
    2408     0.000000 
    2409     0.000000 
    2410     0.000000 
    2411     0.000000 
    2412     0.000000 
    2413     0.000000 
    2414     0.000000 
    2415     0.000000 
    2416     0.000000 
    2417     0.000000 
    2418     0.000000 
    2419     0.000000 
    2420     0.000000 
    2421     0.000000 
    2422     0.000000 
    2423     0.000000 
    2424     0.000000 
    2425     0.000000 
    2426     0.000000 
    2427     0.000000 
    2428     0.000000 
    2429     0.000000 
    2430     0.000000 
    2431     0.000000 
    2432     0.000000 
    2433     0.000000 
    2434     0.000000 
    2435     0.000000 
    2436     0.000000 
    2437     0.000000 
    2438     0.000000 
    2439     0.000000 
    2440     0.000000 
    2441     0.000000 
    2442     0.000000 
    2443     0.000000 
    2444     0.000000 
    2445     0.000000 
    2446     0.000000 
    2447     0.000000 
    2448     0.000000 
    2449     0.000000 
    2450     0.000000 
    2451     0.000000 
    2452     0.000000 
    2453     0.000000 
    2454     0.000000 
    2455     0.000000 
    2456     0.000000 
    2457     0.000000 
    2458     0.000000 
    2459     0.000000 
    2460     0.000000 
    2461     0.000000 
    2462     0.000000 
    2463     0.000000 
    2464     0.000000 
    2465     0.000000 
    2466     0.000000 
    2467     0.000000 
    2468     0.000000 
    2469     0.000000 
    2470     0.000000 
    2471     0.000000 
    2472     0.000000 
    2473     0.000000 
    2474     0.000000 
    2475     0.000000 
    2476     0.000000 
    2477     0.000000 
    2478     0.000000 
    2479     0.000000 
    2480     0.000000 
    2481     0.000000 
    2482     0.000000 
    2483     0.000000 
    2484     0.000000 
    2485     0.000000 
    2486     0.000000 
    2487     0.000000 
    2488     0.000000 
    2489     0.000000 
