       0     0.000000 
       1     0.000000 
       2     0.850410 
       3    -2.236637 
       4    -0.707394 
       5    -0.070827 
       6    -0.241182 
       7    -0.173271 
       8    -0.101514 
       9    -0.108489 
      10    -0.088885 
      11    -0.052389 
      12    -0.059428 
      13    -0.047272 
      14    -0.038054 
      15    -0.047665 
      16    -0.038434 
      17    -0.026149 
      18    -0.033391 
      19    -0.028162 
      20    -0.034596 
      21    -0.004088 
      22    -0.026949 
      23    -0.008092 
      24    -0.025370 
      25    -0.015124 
      26    -0.015601 
      27    -0.017116 
      28    -0.036985 
      29    -0.018929 
      30    -0.016908 
      31    -0.018214 
      32    -0.014761 
      33    -0.031769 
      34    -0.011451 
      35    -0.011084 
      36    -0.013627 
      37    -0.016557 
      38    -0.016481 
      39    -0.011351 
      40    -0.013981 
      41    -0.012534 
      42    -0.011522 
      43    -0.007530 
      44    -0.011223 
      45    -0.013186 
      46    -0.012596 
      47    -0.012444 
      48    -0.014389 
      49    -0.013111 
      50    -0.017544 
      51    -0.017618 
      52    -0.013778 
      53    -0.016233 
      54    -0.018114 
      55    -0.017098 
      56    -0.015300 
      57    -0.020259 
      58    -0.020683 
      59    -0.018160 
      60    -0.016987 
      61    -0.016610 
      62    -0.017064 
      63    -0.019076 
      64    -0.014317 
      65    -0.015094 
      66    -0.014744 
      67    -0.009968 
      68    -0.011340 
      69    -0.028693 
      70    -0.008172 
      71    -0.019084 
      72    -0.020422 
      73    -0.023906 
      74    -0.003345 
      75    -0.024413 
      76    -0.020766 
      77    -0.024840 
      78    -0.016963 
      79    -0.020478 
      80    -0.016851 
      81    -0.015656 
      82    -0.018804 
      83    -0.020352 
      84    -0.020533 
      85    -0.015631 
      86    -0.022167 
      87    -0.021410 
      88    -0.020649 
      89    -0.021067 
      90    -0.019349 
      91    -0.019442 
      92    -0.021448 
      93    -0.022702 
      94    -0.019660 
      95    -0.025363 
      96    -0.023967 
      97    -0.019713 
      98    -0.022258 
      99    -0.020864 
     100    -0.025275 
     101    -0.018751 
     102    -0.019308 
     103    -0.022933 
     104    -0.019223 
     105    -0.024602 
     106    -0.021720 
     107    -0.022357 
     108    -0.025042 
     109    -0.024548 
     110    -0.022914 
     111    -0.027946 
     112    -0.026907 
     113    -0.024247 
     114    -0.021442 
     115    -0.022315 
     116    -0.023801 
     117    -0.027558 
     118    -0.033931 
     119    -0.026132 
     120    -0.025233 
     121    -0.022881 
     122    -0.026356 
     123    -0.028141 
     124    -0.022300 
     125    -0.022800 
     126    -0.023684 
     127    -0.023295 
     128    -0.025976 
     129    -0.023273 
     130    -0.026329 
     131    -0.028518 
     132    -0.028917 
     133    -0.023014 
     134    -0.026189 
     135    -0.018938 
     136    -0.028238 
     137    -0.003263 
     138    -0.011503 
     139    -0.006058 
     140    -0.007011 
     141    -0.005647 
     142    -0.004889 
     143    -0.004461 
     144    -0.005207 
     145    -0.002515 
     146    -0.001030 
     147    -0.005781 
     148    -0.008219 
     149    -0.008848 
     150    -0.006493 
     151    -0.006948 
     152    -0.009279 
     153    -0.011504 
     154    -0.018067 
     155     0.001938 
     156    -0.007640 
     157    -0.004315 
     158    -0.003607 
     159    -0.015650 
     160    -0.016418 
     161    -0.011024 
     162    -0.003212 
     163    -0.005892 
     164    -0.014289 
     165    -0.013489 
     166    -0.006991 
     167    -0.004734 
     168    -0.014174 
     169    -0.006841 
     170    -0.006221 
     171    -0.006193 
     172    -0.005866 
     173    -0.007167 
     174     0.001795 
     175    -0.001878 
     176    -0.009708 
     177    -0.009955 
     178    -0.006045 
     179    -0.001744 
     180     0.011290 
     181     0.006341 
     182     0.004974 
     183    -0.012893 
     184    -0.009209 
     185    -0.007997 
     186    -0.037362 
     187    -0.018772 
     188    -0.035784 
     189    -0.022793 
     190    -0.014896 
     191    -0.007271 
     192    -0.022884 
     193    -0.027599 
     194    -0.014932 
     195    -0.024466 
     196    -0.018104 
     197    -0.019472 
     198    -0.028122 
     199    -0.016905 
     200    -0.023260 
     201    -0.030855 
     202    -0.017494 
     203    -0.029430 
     204    -0.016679 
     205    -0.028301 
     206    -0.027588 
     207    -0.016114 
     208    -0.032853 
     209    -0.014136 
     210    -0.030227 
     211    -0.012389 
     212    -0.021320 
     213    -0.031060 
     214    -0.029398 
     215    -0.009096 
     216    -0.032714 
     217    -0.025737 
     218    -0.022650 
     219    -0.018380 
     220    -0.024151 
     221    -0.038994 
     222    -0.031134 
     223    -0.023734 
     224    -0.022798 
     225    -0.021366 
     226    -0.015027 
     227    -0.010336 
     228    -0.016705 
     229    -0.012801 
     230    -0.016638 
     231    -0.015134 
     232    -0.024790 
     233    -0.016854 
     234    -0.006025 
     235    -0.023377 
     236    -0.019328 
     237    -0.012328 
     238    -0.031001 
     239     0.004139 
     240     0.001927 
     241    -0.003226 
     242     0.002886 
     243     0.004744 
     244    -0.003809 
     245     0.000351 
     246     0.004693 
     247     0.004902 
     248    -0.004934 
     249    -0.000710 
     250     0.002382 
     251    -0.001787 
     252    -0.001567 
     253    -0.001185 
     254    -0.007651 
     255    -0.004850 
     256     0.001754 
     257     0.003952 
     258    -0.008398 
     259    -0.015335 
     260     0.007011 
     261    -0.003811 
     262    -0.000178 
     263    -0.004848 
     264    -0.002628 
     265    -0.000436 
     266    -0.005143 
     267     0.006379 
     268     0.005120 
     269     0.008511 
     270     0.001655 
     271    -0.019370 
     272    -0.023028 
     273    -0.016683 
     274    -0.014375 
     275    -0.018143 
     276    -0.024263 
     277    -0.023058 
     278    -0.012849 
     279    -0.017117 
     280    -0.011038 
     281    -0.022075 
     282    -0.014541 
     283    -0.014549 
     284    -0.021413 
     285    -0.017358 
     286    -0.021662 
     287    -0.017779 
     288    -0.019177 
     289    -0.021870 
     290    -0.012156 
     291    -0.011379 
     292    -0.009546 
     293    -0.017240 
     294    -0.014239 
     295    -0.014083 
     296    -0.022116 
     297    -0.014626 
     298    -0.015526 
     299    -0.013007 
     300    -0.014725 
     301    -0.018955 
     302    -0.019609 
     303    -0.025990 
     304    -0.024606 
     305    -0.028260 
     306    -0.019906 
     307    -0.017471 
     308    -0.022870 
     309    -0.018482 
     310    -0.025374 
     311    -0.016296 
     312    -0.015061 
     313    -0.020676 
     314    -0.014704 
     315    -0.008277 
     316    -0.014352 
     317    -0.026293 
     318    -0.012889 
     319    -0.016558 
     320    -0.026578 
     321    -0.020146 
     322    -0.016753 
     323    -0.023197 
     324    -0.017761 
     325    -0.012173 
     326    -0.018262 
     327    -0.020840 
     328    -0.019691 
     329    -0.015606 
     330    -0.019051 
     331    -0.014515 
     332    -0.023574 
     333    -0.017527 
     334    -0.018331 
     335    -0.009287 
     336    -0.014876 
     337    -0.018391 
     338    -0.027192 
     339    -0.010319 
     340    -0.022115 
     341    -0.014328 
     342    -0.021930 
     343    -0.015962 
     344    -0.012397 
     345    -0.009039 
     346    -0.007366 
     347    -0.011160 
     348    -0.008362 
     349    -0.009945 
     350    -0.006834 
     351    -0.012807 
     352    -0.010648 
     353    -0.021757 
     354    -0.011117 
     355    -0.011126 
     356    -0.007293 
     357    -0.019660 
     358    -0.017235 
     359    -0.016657 
     360    -0.016167 
     361    -0.007636 
     362    -0.018287 
     363    -0.017711 
     364    -0.021136 
     365    -0.015180 
     366    -0.016205 
     367    -0.015375 
     368    -0.014099 
     369    -0.009573 
     370    -0.009862 
     371    -0.020060 
     372    -0.008983 
     373    -0.012291 
     374    -0.013255 
     375    -0.013998 
     376     0.007265 
     377     0.002759 
     378    -0.004643 
     379    -0.006078 
     380    -0.011314 
     381    -0.013050 
     382    -0.015309 
     383    -0.028499 
     384    -0.021333 
     385    -0.010018 
     386    -0.015604 
     387    -0.011836 
     388    -0.013722 
     389    -0.019824 
     390    -0.008581 
     391    -0.009166 
     392    -0.014745 
     393    -0.008669 
     394    -0.005650 
     395    -0.009226 
     396    -0.001489 
     397    -0.017543 
     398    -0.027444 
     399    -0.018458 
     400    -0.009825 
     401    -0.006854 
     402    -0.024325 
     403    -0.013081 
     404    -0.010270 
     405    -0.001072 
     406    -0.012444 
     407    -0.003756 
     408    -0.018361 
     409     0.004250 
     410    -0.016585 
     411    -0.017501 
     412    -0.001487 
     413    -0.008893 
     414    -0.003913 
     415    -0.020386 
     416    -0.013234 
     417    -0.005652 
     418    -0.004188 
     419    -0.017567 
     420    -0.018458 
     421    -0.013895 
     422    -0.019468 
     423    -0.017912 
     424    -0.014418 
     425    -0.011178 
     426    -0.021421 
     427    -0.019107 
     428    -0.017891 
     429    -0.020613 
     430    -0.012972 
     431    -0.020572 
     432    -0.022461 
     433    -0.015497 
     434    -0.024211 
     435    -0.026367 
     436    -0.029563 
     437    -0.015846 
     438    -0.007283 
     439     0.004365 
     440    -0.000660 
     441    -0.018633 
     442    -0.009046 
     443     0.015434 
     444    -0.020225 
     445    -0.011745 
     446    -0.025792 
     447    -0.015538 
     448    -0.025212 
     449    -0.009983 
     450    -0.022948 
     451    -0.015177 
     452    -0.021069 
     453    -0.014001 
     454    -0.016063 
     455    -0.024993 
     456    -0.020659 
     457    -0.014214 
     458    -0.012299 
     459    -0.013496 
     460    -0.009639 
     461    -0.007839 
     462    -0.006832 
     463    -0.008594 
     464    -0.014361 
     465    -0.020274 
     466    -0.011898 
     467    -0.011057 
     468    -0.015587 
     469    -0.004724 
     470    -0.020698 
     471    -0.010709 
     472    -0.014197 
     473    -0.000465 
     474    -0.001664 
     475    -0.008539 
     476    -0.008392 
     477    -0.013099 
     478    -0.019785 
     479    -0.007701 
     480     0.003375 
     481    -0.014803 
     482    -0.012307 
     483    -0.005026 
     484    -0.010773 
     485    -0.020597 
     486    -0.012861 
     487    -0.006707 
     488    -0.008056 
     489    -0.002462 
     490    -0.002434 
     491    -0.026919 
     492    -0.003345 
     493    -0.007060 
     494    -0.004766 
     495    -0.015935 
     496    -0.011255 
     497    -0.017888 
     498    -0.013994 
     499     0.000926 
     500    -0.023875 
     501    -0.009164 
     502    -0.018979 
     503    -0.021727 
     504    -0.015458 
     505    -0.015145 
     506    -0.016334 
     507    -0.016702 
     508     0.000186 
     509    -0.035204 
     510    -0.004110 
     511    -0.009987 
     512    -0.015011 
     513    -0.020368 
     514    -0.013562 
     515    -0.006462 
     516    -0.015884 
     517    -0.016718 
     518    -0.011399 
     519    -0.014659 
     520    -0.017001 
     521    -0.017350 
     522    -0.008029 
     523    -0.020336 
     524    -0.003266 
     525    -0.019323 
     526    -0.021006 
     527    -0.013668 
     528    -0.018299 
     529    -0.022828 
     530    -0.018162 
     531    -0.029242 
     532    -0.016675 
     533    -0.011712 
     534    -0.017834 
     535    -0.012626 
     536    -0.023251 
     537    -0.018469 
     538    -0.015852 
     539    -0.016805 
     540    -0.020821 
     541    -0.014413 
     542    -0.027100 
     543    -0.011749 
     544    -0.010356 
     545    -0.024827 
     546    -0.032888 
     547    -0.033097 
     548    -0.012638 
     549    -0.016008 
     550    -0.018695 
     551    -0.025668 
     552    -0.024595 
     553    -0.018912 
     554    -0.018431 
     555    -0.029451 
     556    -0.021680 
     557    -0.017706 
     558    -0.017182 
     559    -0.022848 
     560    -0.025159 
     561    -0.021753 
     562    -0.025465 
     563    -0.018867 
     564    -0.014801 
     565    -0.021204 
     566    -0.020724 
     567    -0.014561 
     568    -0.015683 
     569    -0.020714 
     570    -0.024571 
     571    -0.018203 
     572    -0.023702 
     573    -0.016254 
     574    -0.020321 
     575    -0.013048 
     576    -0.011872 
     577    -0.001399 
     578     0.003339 
     579    -0.003079 
     580    -0.006823 
     581    -0.003646 
     582    -0.003416 
     583     0.012870 
     584     0.015222 
     585     0.008614 
     586    -0.004460 
     587     0.002196 
     588    -0.003329 
     589    -0.005603 
     590    -0.025139 
     591     0.000998 
     592     0.009805 
     593     0.004402 
     594     0.001389 
     595     0.000911 
     596     0.006534 
     597    -0.005931 
     598    -0.001714 
     599    -0.005143 
     600    -0.009074 
     601     0.003718 
     602    -0.005257 
     603    -0.002619 
     604    -0.012125 
     605    -0.013857 
     606    -0.005827 
     607    -0.007273 
     608    -0.014148 
     609    -0.003793 
     610    -0.013806 
     611    -0.012044 
     612    -0.016507 
     613    -0.009681 
     614    -0.008764 
     615    -0.004697 
     616    -0.015784 
     617    -0.022103 
     618    -0.001843 
     619    -0.009655 
     620    -0.015442 
     621    -0.008089 
     622    -0.020877 
     623    -0.017139 
     624    -0.012388 
     625    -0.006422 
     626    -0.000855 
     627    -0.021416 
     628    -0.007322 
     629    -0.013752 
     630    -0.017202 
     631    -0.024184 
     632    -0.010855 
     633    -0.003963 
     634    -0.022749 
     635    -0.017623 
     636    -0.014581 
     637    -0.021127 
     638    -0.012014 
     639    -0.016559 
     640    -0.034454 
     641    -0.011438 
     642    -0.020468 
     643    -0.010105 
     644    -0.032093 
     645    -0.023689 
     646    -0.029915 
     647     0.008966 
     648     0.003749 
     649     0.014658 
     650     0.013197 
     651     0.005805 
     652     0.004927 
     653     0.003468 
     654     0.005929 
     655     0.005174 
     656     0.001431 
     657    -0.019345 
     658    -0.025736 
     659    -0.026760 
     660    -0.015096 
     661    -0.021082 
     662    -0.021254 
     663    -0.015319 
     664    -0.022003 
     665    -0.012584 
     666    -0.007810 
     667    -0.017763 
     668    -0.013894 
     669    -0.007405 
     670    -0.023403 
     671    -0.016042 
     672    -0.024032 
     673    -0.021933 
     674    -0.016644 
     675    -0.016492 
     676    -0.010723 
     677    -0.019976 
     678     0.002414 
     679    -0.027294 
     680    -0.030002 
     681    -0.001540 
     682    -0.018181 
     683    -0.009536 
     684    -0.018970 
     685    -0.030459 
     686    -0.023302 
     687    -0.013621 
     688    -0.009688 
     689    -0.013342 
     690    -0.026380 
     691    -0.019478 
     692    -0.009340 
     693    -0.023370 
     694    -0.016138 
     695    -0.033771 
     696    -0.013318 
     697    -0.015480 
     698    -0.030342 
     699    -0.021011 
     700    -0.026039 
     701    -0.016051 
     702    -0.022459 
     703    -0.026301 
     704    -0.022403 
     705    -0.014516 
     706    -0.011002 
     707    -0.014595 
     708    -0.015175 
     709    -0.017054 
     710    -0.012558 
     711    -0.027407 
     712    -0.024276 
     713    -0.011682 
     714    -0.023345 
     715    -0.008632 
     716    -0.011984 
     717    -0.021621 
     718    -0.021763 
     719    -0.015386 
     720    -0.020941 
     721    -0.008243 
     722    -0.023326 
     723    -0.015611 
     724    -0.018047 
     725    -0.014665 
     726    -0.034953 
     727    -0.013102 
     728    -0.019733 
     729    -0.007153 
     730    -0.027955 
     731    -0.007479 
     732    -0.026083 
     733    -0.021590 
     734    -0.011999 
     735    -0.014182 
     736    -0.022974 
     737    -0.026703 
     738    -0.035530 
     739    -0.017969 
     740    -0.000842 
     741     0.008666 
     742    -0.016075 
     743    -0.007958 
     744     0.004995 
     745     0.010248 
     746    -0.027058 
     747    -0.002743 
     748     0.007382 
     749     0.009069 
     750     0.006181 
     751     0.018626 
     752     0.011275 
     753     0.001794 
     754     0.004202 
     755     0.000809 
     756    -0.001447 
     757    -0.001279 
     758    -0.007229 
     759     0.011817 
     760    -0.015712 
     761     0.016156 
     762     0.001639 
     763    -0.024738 
     764    -0.013627 
     765    -0.014602 
     766    -0.016928 
     767    -0.016526 
     768    -0.012107 
     769     0.007429 
     770     0.001623 
     771    -0.004866 
     772     0.005811 
     773     0.001726 
     774    -0.005449 
     775     0.000739 
     776     0.002367 
     777    -0.009743 
     778     0.005882 
     779    -0.002876 
     780     0.011773 
     781    -0.002243 
     782     0.008686 
     783     0.000764 
     784     0.006535 
     785     0.003439 
     786    -0.007055 
     787     0.001969 
     788     0.010169 
     789    -0.003331 
     790    -0.033579 
     791     0.007783 
     792    -0.003783 
     793     0.001188 
     794     0.020435 
     795    -0.000161 
     796     0.005443 
     797     0.001632 
     798     0.003467 
     799     0.002747 
     800     0.007427 
     801    -0.011786 
     802     0.009529 
     803    -0.006639 
     804    -0.008629 
     805    -0.013684 
     806    -0.012578 
     807    -0.017342 
     808    -0.015897 
     809    -0.009313 
     810    -0.018400 
     811    -0.010434 
     812    -0.022341 
     813    -0.007046 
     814    -0.012906 
     815    -0.003148 
     816    -0.013303 
     817    -0.008903 
     818    -0.010540 
     819    -0.005279 
     820    -0.015004 
     821    -0.011321 
     822    -0.028163 
     823    -0.008919 
     824    -0.013785 
     825    -0.017488 
     826    -0.007125 
     827    -0.016526 
     828    -0.010050 
     829    -0.011607 
     830    -0.014645 
     831    -0.007555 
     832    -0.002352 
     833    -0.000126 
     834    -0.012571 
     835    -0.000824 
     836    -0.014499 
     837    -0.020353 
     838    -0.016934 
     839    -0.008881 
     840    -0.016077 
     841    -0.010503 
     842    -0.011006 
     843    -0.017516 
     844    -0.009774 
     845    -0.010498 
     846     0.002107 
     847     0.001626 
     848    -0.022024 
     849    -0.015100 
     850    -0.009837 
     851    -0.007513 
     852    -0.021756 
     853     0.003683 
     854    -0.017713 
     855     0.000937 
     856    -0.020680 
     857    -0.000759 
     858     0.000047 
     859    -0.030023 
     860    -0.009526 
     861     0.005545 
     862     0.007779 
     863    -0.012553 
     864     0.007219 
     865    -0.014242 
     866    -0.001134 
     867    -0.038869 
     868    -0.012120 
     869     0.001960 
     870     0.009361 
     871     0.014159 
     872    -0.011334 
     873     0.007342 
     874     0.006724 
     875     0.000673 
     876    -0.015864 
     877    -0.025636 
     878    -0.013384 
     879    -0.002505 
     880    -0.005678 
     881    -0.002903 
     882    -0.000872 
     883    -0.001056 
     884     0.002410 
     885     0.012405 
     886    -0.008591 
     887     0.005386 
     888     0.000154 
     889    -0.007084 
     890    -0.013416 
     891    -0.010122 
     892    -0.022197 
     893    -0.014931 
     894    -0.001044 
     895     0.005936 
     896    -0.005194 
     897    -0.002831 
     898    -0.010817 
     899    -0.014816 
     900    -0.008560 
     901    -0.005258 
     902     0.011249 
     903    -0.010933 
     904     0.012844 
     905    -0.004120 
     906    -0.009669 
     907    -0.002716 
     908     0.001084 
     909     0.003782 
     910     0.001520 
     911     0.000536 
     912     0.003852 
     913    -0.000861 
     914     0.001477 
     915     0.001276 
     916    -0.005616 
     917    -0.001364 
     918     0.001961 
     919    -0.004693 
     920    -0.002787 
     921    -0.002048 
     922     0.007278 
     923     0.002411 
     924     0.003003 
     925    -0.005724 
     926     0.002436 
     927     0.004699 
     928     0.007446 
     929    -0.001140 
     930     0.001464 
     931    -0.007068 
     932    -0.001464 
     933     0.008927 
     934    -0.024890 
     935     0.003226 
     936    -0.007979 
     937     0.008041 
     938     0.002529 
     939    -0.006694 
     940    -0.019415 
     941     0.004796 
     942    -0.023754 
     943    -0.001251 
     944    -0.013352 
     945    -0.017860 
     946    -0.010239 
     947    -0.002250 
     948    -0.015884 
     949    -0.012746 
     950    -0.024272 
     951    -0.019371 
     952    -0.016434 
     953    -0.017452 
     954    -0.018308 
     955    -0.019389 
     956    -0.021595 
     957    -0.026390 
     958    -0.016451 
     959     0.007836 
     960    -0.006272 
     961    -0.011958 
     962    -0.010667 
     963    -0.003053 
     964    -0.011835 
     965    -0.013880 
     966    -0.008572 
     967    -0.020208 
     968    -0.017817 
     969    -0.023678 
     970    -0.013899 
     971    -0.017993 
     972    -0.014405 
     973    -0.020059 
     974    -0.015306 
     975    -0.005537 
     976    -0.019518 
     977    -0.009772 
     978    -0.010445 
     979    -0.005522 
     980    -0.008069 
     981    -0.010779 
     982    -0.010858 
     983    -0.018585 
     984     0.002531 
     985    -0.006051 
     986    -0.007069 
     987    -0.007356 
     988    -0.002900 
     989    -0.008714 
     990    -0.014737 
     991    -0.009282 
     992    -0.008960 
     993    -0.023878 
     994    -0.006873 
     995     0.001761 
     996    -0.018400 
     997    -0.017324 
     998    -0.013836 
     999    -0.022011 
    1000    -0.047729 
    1001     0.000000 
    1002     0.000000 
    1003     0.000000 
    1004     0.000000 
    1005     0.000000 
    1006     0.000000 
    1007     0.000000 
    1008     0.000000 
    1009     0.000000 
    1010     0.000000 
    1011     0.000000 
    1012     0.000000 
    1013     0.000000 
    1014     0.000000 
    1015     0.000000 
    1016     0.000000 
    1017     0.000000 
    1018     0.000000 
    1019     0.000000 
    1020     0.000000 
    1021     0.000000 
    1022     0.000000 
    1023     0.000000 
    1024     0.000000 
    1025     0.000000 
    1026     0.000000 
    1027     0.000000 
    1028     0.000000 
    1029     0.000000 
    1030     0.000000 
    1031     0.000000 
    1032     0.000000 
    1033     0.000000 
    1034     0.000000 
    1035     0.000000 
    1036     0.000000 
    1037     0.000000 
    1038     0.000000 
    1039     0.000000 
    1040     0.000000 
    1041     0.000000 
    1042     0.000000 
    1043     0.000000 
    1044     0.000000 
    1045     0.000000 
    1046     0.000000 
    1047     0.000000 
    1048     0.000000 
    1049     0.000000 
    1050     0.000000 
    1051     0.000000 
    1052     0.000000 
    1053     0.000000 
    1054     0.000000 
    1055     0.000000 
    1056     0.000000 
    1057     0.000000 
    1058     0.000000 
    1059     0.000000 
    1060     0.000000 
    1061     0.000000 
    1062     0.000000 
    1063     0.000000 
    1064     0.000000 
    1065     0.000000 
    1066     0.000000 
    1067     0.000000 
    1068     0.000000 
    1069     0.000000 
    1070     0.000000 
    1071     0.000000 
    1072     0.000000 
    1073     0.000000 
    1074     0.000000 
    1075     0.000000 
    1076     0.000000 
    1077     0.000000 
    1078     0.000000 
    1079     0.000000 
    1080     0.000000 
    1081     0.000000 
    1082     0.000000 
    1083     0.000000 
    1084     0.000000 
    1085     0.000000 
    1086     0.000000 
    1087     0.000000 
    1088     0.000000 
    1089     0.000000 
    1090     0.000000 
    1091     0.000000 
    1092     0.000000 
    1093     0.000000 
    1094     0.000000 
    1095     0.000000 
    1096     0.000000 
    1097     0.000000 
    1098     0.000000 
    1099     0.000000 
    1100     0.000000 
    1101     0.000000 
    1102     0.000000 
    1103     0.000000 
    1104     0.000000 
    1105     0.000000 
    1106     0.000000 
    1107     0.000000 
    1108     0.000000 
    1109     0.000000 
    1110     0.000000 
    1111     0.000000 
    1112     0.000000 
    1113     0.000000 
    1114     0.000000 
    1115     0.000000 
    1116     0.000000 
    1117     0.000000 
    1118     0.000000 
    1119     0.000000 
    1120     0.000000 
    1121     0.000000 
    1122     0.000000 
    1123     0.000000 
    1124     0.000000 
    1125     0.000000 
    1126     0.000000 
    1127     0.000000 
    1128     0.000000 
    1129     0.000000 
    1130     0.000000 
    1131     0.000000 
    1132     0.000000 
    1133     0.000000 
    1134     0.000000 
    1135     0.000000 
    1136     0.000000 
    1137     0.000000 
    1138     0.000000 
    1139     0.000000 
    1140     0.000000 
    1141     0.000000 
    1142     0.000000 
    1143     0.000000 
    1144     0.000000 
    1145     0.000000 
    1146     0.000000 
    1147     0.000000 
    1148     0.000000 
    1149     0.000000 
    1150     0.000000 
    1151     0.000000 
    1152     0.000000 
    1153     0.000000 
    1154     0.000000 
    1155     0.000000 
    1156     0.000000 
    1157     0.000000 
    1158     0.000000 
    1159     0.000000 
    1160     0.000000 
    1161     0.000000 
    1162     0.000000 
    1163     0.000000 
    1164     0.000000 
    1165     0.000000 
    1166     0.000000 
    1167     0.000000 
    1168     0.000000 
    1169     0.000000 
    1170     0.000000 
    1171     0.000000 
    1172     0.000000 
    1173     0.000000 
    1174     0.000000 
    1175     0.000000 
    1176     0.000000 
    1177     0.000000 
    1178     0.000000 
    1179     0.000000 
    1180     0.000000 
    1181     0.000000 
    1182     0.000000 
    1183     0.000000 
    1184     0.000000 
    1185     0.000000 
    1186     0.000000 
    1187     0.000000 
    1188     0.000000 
    1189     0.000000 
    1190     0.000000 
    1191     0.000000 
    1192     0.000000 
    1193     0.000000 
    1194     0.000000 
    1195     0.000000 
    1196     0.000000 
    1197     0.000000 
    1198     0.000000 
    1199     0.000000 
    1200     0.000000 
    1201     0.000000 
    1202     0.000000 
    1203     0.000000 
    1204     0.000000 
    1205     0.000000 
    1206     0.000000 
    1207     0.000000 
    1208     0.000000 
    1209     0.000000 
    1210     0.000000 
    1211     0.000000 
    1212     0.000000 
    1213     0.000000 
    1214     0.000000 
    1215     0.000000 
    1216     0.000000 
    1217     0.000000 
    1218     0.000000 
    1219     0.000000 
    1220     0.000000 
    1221     0.000000 
    1222     0.000000 
    1223     0.000000 
    1224     0.000000 
    1225     0.000000 
    1226     0.000000 
    1227     0.000000 
    1228     0.000000 
    1229     0.000000 
    1230     0.000000 
    1231     0.000000 
    1232     0.000000 
    1233     0.000000 
    1234     0.000000 
    1235     0.000000 
    1236     0.000000 
    1237     0.000000 
    1238     0.000000 
    1239     0.000000 
    1240     0.000000 
    1241     0.000000 
    1242     0.000000 
    1243     0.000000 
    1244     0.000000 
    1245     0.000000 
    1246     0.000000 
    1247     0.000000 
    1248     0.000000 
    1249     0.000000 
    1250     0.000000 
    1251     0.000000 
    1252     0.000000 
    1253     0.000000 
    1254     0.000000 
    1255     0.000000 
    1256     0.000000 
    1257     0.000000 
    1258     0.000000 
    1259     0.000000 
    1260     0.000000 
    1261     0.000000 
    1262     0.000000 
    1263     0.000000 
    1264     0.000000 
    1265     0.000000 
    1266     0.000000 
    1267     0.000000 
    1268     0.000000 
    1269     0.000000 
    1270     0.000000 
    1271     0.000000 
    1272     0.000000 
    1273     0.000000 
    1274     0.000000 
    1275     0.000000 
    1276     0.000000 
    1277     0.000000 
    1278     0.000000 
    1279     0.000000 
    1280     0.000000 
    1281     0.000000 
    1282     0.000000 
    1283     0.000000 
    1284     0.000000 
    1285     0.000000 
    1286     0.000000 
    1287     0.000000 
    1288     0.000000 
    1289     0.000000 
    1290     0.000000 
    1291     0.000000 
    1292     0.000000 
    1293     0.000000 
    1294     0.000000 
    1295     0.000000 
    1296     0.000000 
    1297     0.000000 
    1298     0.000000 
    1299     0.000000 
    1300     0.000000 
    1301     0.000000 
    1302     0.000000 
    1303     0.000000 
    1304     0.000000 
    1305     0.000000 
    1306     0.000000 
    1307     0.000000 
    1308     0.000000 
    1309     0.000000 
    1310     0.000000 
    1311     0.000000 
    1312     0.000000 
    1313     0.000000 
    1314     0.000000 
    1315     0.000000 
    1316     0.000000 
    1317     0.000000 
    1318     0.000000 
    1319     0.000000 
    1320     0.000000 
    1321     0.000000 
    1322     0.000000 
    1323     0.000000 
    1324     0.000000 
    1325     0.000000 
    1326     0.000000 
    1327     0.000000 
    1328     0.000000 
    1329     0.000000 
    1330     0.000000 
    1331     0.000000 
    1332     0.000000 
    1333     0.000000 
    1334     0.000000 
    1335     0.000000 
    1336     0.000000 
    1337     0.000000 
    1338     0.000000 
    1339     0.000000 
    1340     0.000000 
    1341     0.000000 
    1342     0.000000 
    1343     0.000000 
    1344     0.000000 
    1345     0.000000 
    1346     0.000000 
    1347     0.000000 
    1348     0.000000 
    1349     0.000000 
    1350     0.000000 
    1351     0.000000 
    1352     0.000000 
    1353     0.000000 
    1354     0.000000 
    1355     0.000000 
    1356     0.000000 
    1357     0.000000 
    1358     0.000000 
    1359     0.000000 
    1360     0.000000 
    1361     0.000000 
    1362     0.000000 
    1363     0.000000 
    1364     0.000000 
    1365     0.000000 
    1366     0.000000 
    1367     0.000000 
    1368     0.000000 
    1369     0.000000 
    1370     0.000000 
    1371     0.000000 
    1372     0.000000 
    1373     0.000000 
    1374     0.000000 
    1375     0.000000 
    1376     0.000000 
    1377     0.000000 
    1378     0.000000 
    1379     0.000000 
    1380     0.000000 
    1381     0.000000 
    1382     0.000000 
    1383     0.000000 
    1384     0.000000 
    1385     0.000000 
    1386     0.000000 
    1387     0.000000 
    1388     0.000000 
    1389     0.000000 
    1390     0.000000 
    1391     0.000000 
    1392     0.000000 
    1393     0.000000 
    1394     0.000000 
    1395     0.000000 
    1396     0.000000 
    1397     0.000000 
    1398     0.000000 
    1399     0.000000 
    1400     0.000000 
    1401     0.000000 
    1402     0.000000 
    1403     0.000000 
    1404     0.000000 
    1405     0.000000 
    1406     0.000000 
    1407     0.000000 
    1408     0.000000 
    1409     0.000000 
    1410     0.000000 
    1411     0.000000 
    1412     0.000000 
    1413     0.000000 
    1414     0.000000 
    1415     0.000000 
    1416     0.000000 
    1417     0.000000 
    1418     0.000000 
    1419     0.000000 
    1420     0.000000 
    1421     0.000000 
    1422     0.000000 
    1423     0.000000 
    1424     0.000000 
    1425     0.000000 
    1426     0.000000 
    1427     0.000000 
    1428     0.000000 
    1429     0.000000 
    1430     0.000000 
    1431     0.000000 
    1432     0.000000 
    1433     0.000000 
    1434     0.000000 
    1435     0.000000 
    1436     0.000000 
    1437     0.000000 
    1438     0.000000 
    1439     0.000000 
    1440     0.000000 
    1441     0.000000 
    1442     0.000000 
    1443     0.000000 
    1444     0.000000 
    1445     0.000000 
    1446     0.000000 
    1447     0.000000 
    1448     0.000000 
    1449     0.000000 
    1450     0.000000 
    1451     0.000000 
    1452     0.000000 
    1453     0.000000 
    1454     0.000000 
    1455     0.000000 
    1456     0.000000 
    1457     0.000000 
    1458     0.000000 
    1459     0.000000 
    1460     0.000000 
    1461     0.000000 
    1462     0.000000 
    1463     0.000000 
    1464     0.000000 
    1465     0.000000 
    1466     0.000000 
    1467     0.000000 
    1468     0.000000 
    1469     0.000000 
    1470     0.000000 
    1471     0.000000 
    1472     0.000000 
    1473     0.000000 
    1474     0.000000 
    1475     0.000000 
    1476     0.000000 
    1477     0.000000 
    1478     0.000000 
    1479     0.000000 
    1480     0.000000 
    1481     0.000000 
    1482     0.000000 
    1483     0.000000 
    1484     0.000000 
    1485     0.000000 
    1486     0.000000 
    1487     0.000000 
    1488     0.000000 
    1489     0.000000 
    1490     0.000000 
    1491     0.000000 
    1492     0.000000 
    1493     0.000000 
    1494     0.000000 
    1495     0.000000 
    1496     0.000000 
    1497     0.000000 
    1498     0.000000 
    1499     0.000000 
    1500     0.000000 
    1501     0.000000 
    1502     0.000000 
    1503     0.000000 
    1504     0.000000 
    1505     0.000000 
    1506     0.000000 
    1507     0.000000 
    1508     0.000000 
    1509     0.000000 
    1510     0.000000 
    1511     0.000000 
    1512     0.000000 
    1513     0.000000 
    1514     0.000000 
    1515     0.000000 
    1516     0.000000 
    1517     0.000000 
    1518     0.000000 
    1519     0.000000 
    1520     0.000000 
    1521     0.000000 
    1522     0.000000 
    1523     0.000000 
    1524     0.000000 
    1525     0.000000 
    1526     0.000000 
    1527     0.000000 
    1528     0.000000 
    1529     0.000000 
    1530     0.000000 
    1531     0.000000 
    1532     0.000000 
    1533     0.000000 
    1534     0.000000 
    1535     0.000000 
    1536     0.000000 
    1537     0.000000 
    1538     0.000000 
    1539     0.000000 
    1540     0.000000 
    1541     0.000000 
    1542     0.000000 
    1543     0.000000 
    1544     0.000000 
    1545     0.000000 
    1546     0.000000 
    1547     0.000000 
    1548     0.000000 
    1549     0.000000 
    1550     0.000000 
    1551     0.000000 
    1552     0.000000 
    1553     0.000000 
    1554     0.000000 
    1555     0.000000 
    1556     0.000000 
    1557     0.000000 
    1558     0.000000 
    1559     0.000000 
    1560     0.000000 
    1561     0.000000 
    1562     0.000000 
    1563     0.000000 
    1564     0.000000 
    1565     0.000000 
    1566     0.000000 
    1567     0.000000 
    1568     0.000000 
    1569     0.000000 
    1570     0.000000 
    1571     0.000000 
    1572     0.000000 
    1573     0.000000 
    1574     0.000000 
    1575     0.000000 
    1576     0.000000 
    1577     0.000000 
    1578     0.000000 
    1579     0.000000 
    1580     0.000000 
    1581     0.000000 
    1582     0.000000 
    1583     0.000000 
    1584     0.000000 
    1585     0.000000 
    1586     0.000000 
    1587     0.000000 
    1588     0.000000 
    1589     0.000000 
    1590     0.000000 
    1591     0.000000 
    1592     0.000000 
    1593     0.000000 
    1594     0.000000 
    1595     0.000000 
    1596     0.000000 
    1597     0.000000 
    1598     0.000000 
    1599     0.000000 
    1600     0.000000 
    1601     0.000000 
    1602     0.000000 
    1603     0.000000 
    1604     0.000000 
    1605     0.000000 
    1606     0.000000 
    1607     0.000000 
    1608     0.000000 
    1609     0.000000 
    1610     0.000000 
    1611     0.000000 
    1612     0.000000 
    1613     0.000000 
    1614     0.000000 
    1615     0.000000 
    1616     0.000000 
    1617     0.000000 
    1618     0.000000 
    1619     0.000000 
    1620     0.000000 
    1621     0.000000 
    1622     0.000000 
    1623     0.000000 
    1624     0.000000 
    1625     0.000000 
    1626     0.000000 
    1627     0.000000 
    1628     0.000000 
    1629     0.000000 
    1630     0.000000 
    1631     0.000000 
    1632     0.000000 
    1633     0.000000 
    1634     0.000000 
    1635     0.000000 
    1636     0.000000 
    1637     0.000000 
    1638     0.000000 
    1639     0.000000 
    1640     0.000000 
    1641     0.000000 
    1642     0.000000 
    1643     0.000000 
    1644     0.000000 
    1645     0.000000 
    1646     0.000000 
    1647     0.000000 
    1648     0.000000 
    1649     0.000000 
    1650     0.000000 
    1651     0.000000 
    1652     0.000000 
    1653     0.000000 
    1654     0.000000 
    1655     0.000000 
    1656     0.000000 
    1657     0.000000 
    1658     0.000000 
    1659     0.000000 
    1660     0.000000 
    1661     0.000000 
    1662     0.000000 
    1663     0.000000 
    1664     0.000000 
    1665     0.000000 
    1666     0.000000 
    1667     0.000000 
    1668     0.000000 
    1669     0.000000 
    1670     0.000000 
    1671     0.000000 
    1672     0.000000 
    1673     0.000000 
    1674     0.000000 
    1675     0.000000 
    1676     0.000000 
    1677     0.000000 
    1678     0.000000 
    1679     0.000000 
    1680     0.000000 
    1681     0.000000 
    1682     0.000000 
    1683     0.000000 
    1684     0.000000 
    1685     0.000000 
    1686     0.000000 
    1687     0.000000 
    1688     0.000000 
    1689     0.000000 
    1690     0.000000 
    1691     0.000000 
    1692     0.000000 
    1693     0.000000 
    1694     0.000000 
    1695     0.000000 
    1696     0.000000 
    1697     0.000000 
    1698     0.000000 
    1699     0.000000 
    1700     0.000000 
    1701     0.000000 
    1702     0.000000 
    1703     0.000000 
    1704     0.000000 
    1705     0.000000 
    1706     0.000000 
    1707     0.000000 
    1708     0.000000 
    1709     0.000000 
    1710     0.000000 
    1711     0.000000 
    1712     0.000000 
    1713     0.000000 
    1714     0.000000 
    1715     0.000000 
    1716     0.000000 
    1717     0.000000 
    1718     0.000000 
    1719     0.000000 
    1720     0.000000 
    1721     0.000000 
    1722     0.000000 
    1723     0.000000 
    1724     0.000000 
    1725     0.000000 
    1726     0.000000 
    1727     0.000000 
    1728     0.000000 
    1729     0.000000 
    1730     0.000000 
    1731     0.000000 
    1732     0.000000 
    1733     0.000000 
    1734     0.000000 
    1735     0.000000 
    1736     0.000000 
    1737     0.000000 
    1738     0.000000 
    1739     0.000000 
    1740     0.000000 
    1741     0.000000 
    1742     0.000000 
    1743     0.000000 
    1744     0.000000 
    1745     0.000000 
    1746     0.000000 
    1747     0.000000 
    1748     0.000000 
    1749     0.000000 
    1750     0.000000 
    1751     0.000000 
    1752     0.000000 
    1753     0.000000 
    1754     0.000000 
    1755     0.000000 
    1756     0.000000 
    1757     0.000000 
    1758     0.000000 
    1759     0.000000 
    1760     0.000000 
    1761     0.000000 
    1762     0.000000 
    1763     0.000000 
    1764     0.000000 
    1765     0.000000 
    1766     0.000000 
    1767     0.000000 
    1768     0.000000 
    1769     0.000000 
    1770     0.000000 
    1771     0.000000 
    1772     0.000000 
    1773     0.000000 
    1774     0.000000 
    1775     0.000000 
    1776     0.000000 
    1777     0.000000 
    1778     0.000000 
    1779     0.000000 
    1780     0.000000 
    1781     0.000000 
    1782     0.000000 
    1783     0.000000 
    1784     0.000000 
    1785     0.000000 
    1786     0.000000 
    1787     0.000000 
    1788     0.000000 
    1789     0.000000 
    1790     0.000000 
    1791     0.000000 
    1792     0.000000 
    1793     0.000000 
    1794     0.000000 
    1795     0.000000 
    1796     0.000000 
    1797     0.000000 
    1798     0.000000 
    1799     0.000000 
    1800     0.000000 
    1801     0.000000 
    1802     0.000000 
    1803     0.000000 
    1804     0.000000 
    1805     0.000000 
    1806     0.000000 
    1807     0.000000 
    1808     0.000000 
    1809     0.000000 
    1810     0.000000 
    1811     0.000000 
    1812     0.000000 
    1813     0.000000 
    1814     0.000000 
    1815     0.000000 
    1816     0.000000 
    1817     0.000000 
    1818     0.000000 
    1819     0.000000 
    1820     0.000000 
    1821     0.000000 
    1822     0.000000 
    1823     0.000000 
    1824     0.000000 
    1825     0.000000 
    1826     0.000000 
    1827     0.000000 
    1828     0.000000 
    1829     0.000000 
    1830     0.000000 
    1831     0.000000 
    1832     0.000000 
    1833     0.000000 
    1834     0.000000 
    1835     0.000000 
    1836     0.000000 
    1837     0.000000 
    1838     0.000000 
    1839     0.000000 
    1840     0.000000 
    1841     0.000000 
    1842     0.000000 
    1843     0.000000 
    1844     0.000000 
    1845     0.000000 
    1846     0.000000 
    1847     0.000000 
    1848     0.000000 
    1849     0.000000 
    1850     0.000000 
    1851     0.000000 
    1852     0.000000 
    1853     0.000000 
    1854     0.000000 
    1855     0.000000 
    1856     0.000000 
    1857     0.000000 
    1858     0.000000 
    1859     0.000000 
    1860     0.000000 
    1861     0.000000 
    1862     0.000000 
    1863     0.000000 
    1864     0.000000 
    1865     0.000000 
    1866     0.000000 
    1867     0.000000 
    1868     0.000000 
    1869     0.000000 
    1870     0.000000 
    1871     0.000000 
    1872     0.000000 
    1873     0.000000 
    1874     0.000000 
    1875     0.000000 
    1876     0.000000 
    1877     0.000000 
    1878     0.000000 
    1879     0.000000 
    1880     0.000000 
    1881     0.000000 
    1882     0.000000 
    1883     0.000000 
    1884     0.000000 
    1885     0.000000 
    1886     0.000000 
    1887     0.000000 
    1888     0.000000 
    1889     0.000000 
    1890     0.000000 
    1891     0.000000 
    1892     0.000000 
    1893     0.000000 
    1894     0.000000 
    1895     0.000000 
    1896     0.000000 
    1897     0.000000 
    1898     0.000000 
    1899     0.000000 
    1900     0.000000 
    1901     0.000000 
    1902     0.000000 
    1903     0.000000 
    1904     0.000000 
    1905     0.000000 
    1906     0.000000 
    1907     0.000000 
    1908     0.000000 
    1909     0.000000 
    1910     0.000000 
    1911     0.000000 
    1912     0.000000 
    1913     0.000000 
    1914     0.000000 
    1915     0.000000 
    1916     0.000000 
    1917     0.000000 
    1918     0.000000 
    1919     0.000000 
    1920     0.000000 
    1921     0.000000 
    1922     0.000000 
    1923     0.000000 
    1924     0.000000 
    1925     0.000000 
    1926     0.000000 
    1927     0.000000 
    1928     0.000000 
    1929     0.000000 
    1930     0.000000 
    1931     0.000000 
    1932     0.000000 
    1933     0.000000 
    1934     0.000000 
    1935     0.000000 
    1936     0.000000 
    1937     0.000000 
    1938     0.000000 
    1939     0.000000 
    1940     0.000000 
    1941     0.000000 
    1942     0.000000 
    1943     0.000000 
    1944     0.000000 
    1945     0.000000 
    1946     0.000000 
    1947     0.000000 
    1948     0.000000 
    1949     0.000000 
    1950     0.000000 
    1951     0.000000 
    1952     0.000000 
    1953     0.000000 
    1954     0.000000 
    1955     0.000000 
    1956     0.000000 
    1957     0.000000 
    1958     0.000000 
    1959     0.000000 
    1960     0.000000 
    1961     0.000000 
    1962     0.000000 
    1963     0.000000 
    1964     0.000000 
    1965     0.000000 
    1966     0.000000 
    1967     0.000000 
    1968     0.000000 
    1969     0.000000 
    1970     0.000000 
    1971     0.000000 
    1972     0.000000 
    1973     0.000000 
    1974     0.000000 
    1975     0.000000 
    1976     0.000000 
    1977     0.000000 
    1978     0.000000 
    1979     0.000000 
    1980     0.000000 
    1981     0.000000 
    1982     0.000000 
    1983     0.000000 
    1984     0.000000 
    1985     0.000000 
    1986     0.000000 
    1987     0.000000 
    1988     0.000000 
    1989     0.000000 
    1990     0.000000 
    1991     0.000000 
    1992     0.000000 
    1993     0.000000 
    1994     0.000000 
    1995     0.000000 
    1996     0.000000 
    1997     0.000000 
    1998     0.000000 
    1999     0.000000 
    2000     0.000000 
    2001     0.000000 
    2002     0.000000 
    2003     0.000000 
    2004     0.000000 
    2005     0.000000 
    2006     0.000000 
    2007     0.000000 
    2008     0.000000 
    2009     0.000000 
    2010     0.000000 
    2011     0.000000 
    2012     0.000000 
    2013     0.000000 
    2014     0.000000 
    2015     0.000000 
    2016     0.000000 
    2017     0.000000 
    2018     0.000000 
    2019     0.000000 
    2020     0.000000 
    2021     0.000000 
    2022     0.000000 
    2023     0.000000 
    2024     0.000000 
    2025     0.000000 
    2026     0.000000 
    2027     0.000000 
    2028     0.000000 
    2029     0.000000 
    2030     0.000000 
    2031     0.000000 
    2032     0.000000 
    2033     0.000000 
    2034     0.000000 
    2035     0.000000 
    2036     0.000000 
    2037     0.000000 
    2038     0.000000 
    2039     0.000000 
    2040     0.000000 
    2041     0.000000 
    2042     0.000000 
    2043     0.000000 
    2044     0.000000 
    2045     0.000000 
    2046     0.000000 
    2047     0.000000 
    2048     0.000000 
    2049     0.000000 
    2050     0.000000 
    2051     0.000000 
    2052     0.000000 
    2053     0.000000 
    2054     0.000000 
    2055     0.000000 
    2056     0.000000 
    2057     0.000000 
    2058     0.000000 
    2059     0.000000 
    2060     0.000000 
    2061     0.000000 
    2062     0.000000 
    2063     0.000000 
    2064     0.000000 
    2065     0.000000 
    2066     0.000000 
    2067     0.000000 
    2068     0.000000 
    2069     0.000000 
    2070     0.000000 
    2071     0.000000 
    2072     0.000000 
    2073     0.000000 
    2074     0.000000 
    2075     0.000000 
    2076     0.000000 
    2077     0.000000 
    2078     0.000000 
    2079     0.000000 
    2080     0.000000 
    2081     0.000000 
    2082     0.000000 
    2083     0.000000 
    2084     0.000000 
    2085     0.000000 
    2086     0.000000 
    2087     0.000000 
    2088     0.000000 
    2089     0.000000 
    2090     0.000000 
    2091     0.000000 
    2092     0.000000 
    2093     0.000000 
    2094     0.000000 
    2095     0.000000 
    2096     0.000000 
    2097     0.000000 
    2098     0.000000 
    2099     0.000000 
    2100     0.000000 
    2101     0.000000 
    2102     0.000000 
    2103     0.000000 
    2104     0.000000 
    2105     0.000000 
    2106     0.000000 
    2107     0.000000 
    2108     0.000000 
    2109     0.000000 
    2110     0.000000 
    2111     0.000000 
    2112     0.000000 
    2113     0.000000 
    2114     0.000000 
    2115     0.000000 
    2116     0.000000 
    2117     0.000000 
    2118     0.000000 
    2119     0.000000 
    2120     0.000000 
    2121     0.000000 
    2122     0.000000 
    2123     0.000000 
    2124     0.000000 
    2125     0.000000 
    2126     0.000000 
    2127     0.000000 
    2128     0.000000 
    2129     0.000000 
    2130     0.000000 
    2131     0.000000 
    2132     0.000000 
    2133     0.000000 
    2134     0.000000 
    2135     0.000000 
    2136     0.000000 
    2137     0.000000 
    2138     0.000000 
    2139     0.000000 
    2140     0.000000 
    2141     0.000000 
    2142     0.000000 
    2143     0.000000 
    2144     0.000000 
    2145     0.000000 
    2146     0.000000 
    2147     0.000000 
    2148     0.000000 
    2149     0.000000 
    2150     0.000000 
    2151     0.000000 
    2152     0.000000 
    2153     0.000000 
    2154     0.000000 
    2155     0.000000 
    2156     0.000000 
    2157     0.000000 
    2158     0.000000 
    2159     0.000000 
    2160     0.000000 
    2161     0.000000 
    2162     0.000000 
    2163     0.000000 
    2164     0.000000 
    2165     0.000000 
    2166     0.000000 
    2167     0.000000 
    2168     0.000000 
    2169     0.000000 
    2170     0.000000 
    2171     0.000000 
    2172     0.000000 
    2173     0.000000 
    2174     0.000000 
    2175     0.000000 
    2176     0.000000 
    2177     0.000000 
    2178     0.000000 
    2179     0.000000 
    2180     0.000000 
    2181     0.000000 
    2182     0.000000 
    2183     0.000000 
    2184     0.000000 
    2185     0.000000 
    2186     0.000000 
    2187     0.000000 
    2188     0.000000 
    2189     0.000000 
    2190     0.000000 
    2191     0.000000 
    2192     0.000000 
    2193     0.000000 
    2194     0.000000 
    2195     0.000000 
    2196     0.000000 
    2197     0.000000 
    2198     0.000000 
    2199     0.000000 
    2200     0.000000 
    2201     0.000000 
    2202     0.000000 
    2203     0.000000 
    2204     0.000000 
    2205     0.000000 
    2206     0.000000 
    2207     0.000000 
    2208     0.000000 
    2209     0.000000 
    2210     0.000000 
    2211     0.000000 
    2212     0.000000 
    2213     0.000000 
    2214     0.000000 
    2215     0.000000 
    2216     0.000000 
    2217     0.000000 
    2218     0.000000 
    2219     0.000000 
    2220     0.000000 
    2221     0.000000 
    2222     0.000000 
    2223     0.000000 
    2224     0.000000 
    2225     0.000000 
    2226     0.000000 
    2227     0.000000 
    2228     0.000000 
    2229     0.000000 
    2230     0.000000 
    2231     0.000000 
    2232     0.000000 
    2233     0.000000 
    2234     0.000000 
    2235     0.000000 
    2236     0.000000 
    2237     0.000000 
    2238     0.000000 
    2239     0.000000 
    2240     0.000000 
    2241     0.000000 
    2242     0.000000 
    2243     0.000000 
    2244     0.000000 
    2245     0.000000 
    2246     0.000000 
    2247     0.000000 
    2248     0.000000 
    2249     0.000000 
    2250     0.000000 
    2251     0.000000 
    2252     0.000000 
    2253     0.000000 
    2254     0.000000 
    2255     0.000000 
    2256     0.000000 
    2257     0.000000 
    2258     0.000000 
    2259     0.000000 
    2260     0.000000 
    2261     0.000000 
    2262     0.000000 
    2263     0.000000 
    2264     0.000000 
    2265     0.000000 
    2266     0.000000 
    2267     0.000000 
    2268     0.000000 
    2269     0.000000 
    2270     0.000000 
    2271     0.000000 
    2272     0.000000 
    2273     0.000000 
    2274     0.000000 
    2275     0.000000 
    2276     0.000000 
    2277     0.000000 
    2278     0.000000 
    2279     0.000000 
    2280     0.000000 
    2281     0.000000 
    2282     0.000000 
    2283     0.000000 
    2284     0.000000 
    2285     0.000000 
    2286     0.000000 
    2287     0.000000 
    2288     0.000000 
    2289     0.000000 
    2290     0.000000 
    2291     0.000000 
    2292     0.000000 
    2293     0.000000 
    2294     0.000000 
    2295     0.000000 
    2296     0.000000 
    2297     0.000000 
    2298     0.000000 
    2299     0.000000 
    2300     0.000000 
    2301     0.000000 
    2302     0.000000 
    2303     0.000000 
    2304     0.000000 
    2305     0.000000 
    2306     0.000000 
    2307     0.000000 
    2308     0.000000 
    2309     0.000000 
    2310     0.000000 
    2311     0.000000 
    2312     0.000000 
    2313     0.000000 
    2314     0.000000 
    2315     0.000000 
    2316     0.000000 
    2317     0.000000 
    2318     0.000000 
    2319     0.000000 
    2320     0.000000 
    2321     0.000000 
    2322     0.000000 
    2323     0.000000 
    2324     0.000000 
    2325     0.000000 
    2326     0.000000 
    2327     0.000000 
    2328     0.000000 
    2329     0.000000 
    2330     0.000000 
    2331     0.000000 
    2332     0.000000 
    2333     0.000000 
    2334     0.000000 
    2335     0.000000 
    2336     0.000000 
    2337     0.000000 
    2338     0.000000 
    2339     0.000000 
    2340     0.000000 
    2341     0.000000 
    2342     0.000000 
    2343     0.000000 
    2344     0.000000 
    2345     0.000000 
    2346     0.000000 
    2347     0.000000 
    2348     0.000000 
    2349     0.000000 
    2350     0.000000 
    2351     0.000000 
    2352     0.000000 
    2353     0.000000 
    2354     0.000000 
    2355     0.000000 
    2356     0.000000 
    2357     0.000000 
    2358     0.000000 
    2359     0.000000 
    2360     0.000000 
    2361     0.000000 
    2362     0.000000 
    2363     0.000000 
    2364     0.000000 
    2365     0.000000 
    2366     0.000000 
    2367     0.000000 
    2368     0.000000 
    2369     0.000000 
    2370     0.000000 
    2371     0.000000 
    2372     0.000000 
    2373     0.000000 
    2374     0.000000 
    2375     0.000000 
    2376     0.000000 
    2377     0.000000 
    2378     0.000000 
    2379     0.000000 
    2380     0.000000 
    2381     0.000000 
    2382     0.000000 
    2383     0.000000 
    2384     0.000000 
    2385     0.000000 
    2386     0.000000 
    2387     0.000000 
    2388     0.000000 
    2389     0.000000 
    2390     0.000000 
    2391     0.000000 
    2392     0.000000 
    2393     0.000000 
    2394     0.000000 
    2395     0.000000 
    2396     0.000000 
    2397     0.000000 
    2398     0.000000 
    2399     0.000000 
    2400     0.000000 
    2401     0.000000 
    2402     0.000000 
    2403     0.000000 
    2404     0.000000 
    2405     0.000000 
    2406     0.000000 
    2407     0.000000 
    2408     0.000000 
    2409     0.000000 
    2410     0.000000 
    2411     0.000000 
    2412     0.000000 
    2413     0.000000 
    2414     0.000000 
    2415     0.000000 
    2416     0.000000 
    2417     0.000000 
    2418     0.000000 
    2419     0.000000 
    2420     0.000000 
    2421     0.000000 
    2422     0.000000 
    2423     0.000000 
    2424     0.000000 
    2425     0.000000 
    2426     0.000000 
    2427     0.000000 
    2428     0.000000 
    2429     0.000000 
    2430     0.000000 
    2431     0.000000 
    2432     0.000000 
    2433     0.000000 
    2434     0.000000 
    2435     0.000000 
    2436     0.000000 
    2437     0.000000 
    2438     0.000000 
    2439     0.000000 
    2440     0.000000 
    2441     0.000000 
    2442     0.000000 
    2443     0.000000 
    2444     0.000000 
    2445     0.000000 
    2446     0.000000 
    2447     0.000000 
    2448     0.000000 
    2449     0.000000 
    2450     0.000000 
    2451     0.000000 
    2452     0.000000 
    2453     0.000000 
    2454     0.000000 
    2455     0.000000 
    2456     0.000000 
    2457     0.000000 
    2458     0.000000 
    2459     0.000000 
    2460     0.000000 
    2461     0.000000 
    2462     0.000000 
    2463     0.000000 
    2464     0.000000 
    2465     0.000000 
    2466     0.000000 
    2467     0.000000 
    2468     0.000000 
    2469     0.000000 
    2470     0.000000 
    2471     0.000000 
    2472     0.000000 
    2473     0.000000 
    2474     0.000000 
    2475     0.000000 
    2476     0.000000 
    2477     0.000000 
    2478     0.000000 
    2479     0.000000 
    2480     0.000000 
    2481     0.000000 
    2482     0.000000 
    2483     0.000000 
    2484     0.000000 
    2485     0.000000 
    2486     0.000000 
    2487     0.000000 
    2488     0.000000 
    2489     0.000000 
