1 2    -0.012005
1 3    -0.011995
1 4    -0.011995
1 5    -0.011990
1 6    -0.012002
1 7    -0.011987
1 8    -0.011985
1 9    -0.012012
1 10    -0.011991
1 11    -0.011989
1 12    -0.012011
1 13    -0.011996
1 14    -0.012005
1 15    -0.012010
1 16    -0.011992
1 17    -0.011965
1 18    -0.011994
1 19    -0.011986
1 20    -0.012004
1 21    -0.011992
1 22    -0.012001
2 3    -0.011995
2 4    -0.012005
2 5    -0.012009
2 6    -0.012001
2 7    -0.011999
2 8    -0.011979
2 9    -0.011992
2 10    -0.012007
2 11    -0.011972
2 12    -0.011989
2 13    -0.011963
2 14    -0.012003
2 15    -0.011990
2 16    -0.011987
2 17    -0.011998
2 18    -0.011985
2 19    -0.011972
2 20    -0.011996
2 21    -0.011974
2 22    -0.011982
3 4    -0.012000
3 5    -0.011992
3 6    -0.011984
3 7    -0.012009
3 8    -0.011991
3 9    -0.011999
3 10    -0.011986
3 11    -0.012009
3 12    -0.012008
3 13    -0.011995
3 14    -0.012000
3 15    -0.011980
3 16    -0.011992
3 17    -0.011973
3 18    -0.011989
3 19    -0.011954
3 20    -0.011975
3 21    -0.011977
3 22    -0.011999
4 5    -0.011997
4 6    -0.012005
4 7    -0.011995
4 8    -0.012001
4 9    -0.011973
4 10    -0.012010
4 11    -0.011953
4 12    -0.011985
4 13    -0.011965
4 14    -0.012009
4 15    -0.011995
4 16    -0.012003
4 17    -0.011968
4 18    -0.011975
4 19    -0.012001
4 20    -0.011890
4 21    -0.012011
4 22    -0.012005
5 6    -0.012000
5 7    -0.011992
5 8    -0.012008
5 9    -0.012005
5 10    -0.011992
5 11    -0.012000
5 12    -0.012000
5 13    -0.012010
5 14    -0.011964
5 15    -0.012002
5 16    -0.011977
5 17    -0.012002
5 18    -0.012013
5 19    -0.011949
5 20    -0.012011
5 21    -0.011901
5 22    -0.011956
6 7    -0.011962
6 8    -0.012007
6 9    -0.011991
6 10    -0.012003
6 11    -0.012003
6 12    -0.011994
6 13    -0.012011
6 14    -0.011998
6 15    -0.011983
6 16    -0.012006
6 17    -0.012013
6 18    -0.011980
6 19    -0.012002
6 20    -0.011982
6 21    -0.011982
6 22    -0.012005
7 8    -0.012011
7 9    -0.011998
7 10    -0.011977
7 11    -0.012003
7 12    -0.011977
7 13    -0.011997
7 14    -0.012007
7 15    -0.012008
7 16    -0.012011
7 17    -0.011990
7 18    -0.012008
7 19    -0.011999
7 20    -0.011990
7 21    -0.011933
7 22    -0.011991
8 9    -0.012005
8 10    -0.012011
8 11    -0.012000
8 12    -0.012000
8 13    -0.012008
8 14    -0.012007
8 15    -0.011990
8 16    -0.012002
8 17    -0.012008
8 18    -0.011955
8 19    -0.011973
8 20    -0.012008
8 21    -0.012012
8 22    -0.012011
9 10    -0.011970
9 11    -0.012010
9 12    -0.012004
9 13    -0.011994
9 14    -0.011987
9 15    -0.011984
9 16    -0.012003
9 17    -0.011988
9 18    -0.012012
9 19    -0.011973
9 20    -0.011996
9 21    -0.011794
9 22    -0.011808
10 11    -0.012012
10 12    -0.011993
10 13    -0.012000
10 14    -0.011969
10 15    -0.012002
10 16    -0.011999
10 17    -0.011995
10 18    -0.012003
10 19    -0.011984
10 20    -0.012003
10 21    -0.012011
10 22    -0.012004
11 12    -0.011998
11 13    -0.011968
11 14    -0.011982
11 15    -0.012008
11 16    -0.011997
11 17    -0.011998
11 18    -0.012013
11 19    -0.012004
11 20    -0.012011
11 21    -0.011960
11 22    -0.011964
12 13    -0.011987
12 14    -0.011995
12 15    -0.012010
12 16    -0.011954
12 17    -0.011973
12 18    -0.012012
12 19    -0.012009
12 20    -0.012000
12 21    -0.011981
12 22    -0.012012
13 14    -0.012001
13 15    -0.012004
13 16    -0.011989
13 17    -0.011999
13 18    -0.011948
13 19    -0.011994
13 20    -0.011996
13 21    -0.012009
13 22    -0.012007
14 15    -0.012005
14 16    -0.011972
14 17    -0.012009
14 18    -0.011782
14 19    -0.012010
14 20    -0.012005
14 21    -0.011781
14 22    -0.012013
15 16    -0.011992
15 17    -0.011968
15 18    -0.012013
15 19    -0.011979
15 20    -0.011967
15 21    -0.012002
15 22    -0.011995
16 17    -0.012012
16 18    -0.012002
16 19    -0.011992
16 20    -0.012013
16 21    -0.011933
16 22    -0.012004
17 18    -0.012000
17 19    -0.012003
17 20    -0.012011
17 21    -0.011995
17 22    -0.011967
18 19    -0.012012
18 20    -0.011967
18 21    -0.012013
18 22    -0.011981
19 20    -0.011914
19 21    -0.011868
19 22    -0.011996
20 21    -0.011913
20 22    -0.011997
21 22    -0.011940
