0.93000000
0.43667438
0.29355279
0.21373524
0.16341947
0.12954961
0.10535517
0.08745029
0.07402849
0.06355765
0.05536445
0.04872628
0.04331346
0.03877084
0.03499993
0.03180443
0.02907298
0.02670759
0.02468559
0.02289813
0.02133948
0.01995614
0.01878389
0.01774089
0.01686421
0.01606142
0.01535557
0.01469431
0.01408317
0.01346692
0.01291863
0.01241826
0.01191977
0.01148178
0.01107668
0.01071862
0.01039995
0.01006540
0.00975167
0.00947766
0.00920663
0.00897257
0.00873531
0.00853173
0.00837083
0.00821542
0.00806018
0.00793029
0.00777952
0.00764212
0.00751634
0.00739032
0.00726730
0.00717508
0.00707472
0.00698640
0.00687788
0.00679171
0.00667423
0.00658386
0.00648588
0.00640568
0.00632025
0.00624097
0.00614832
0.00607966
0.00599219
0.00593829
0.00587146
0.00581776
0.00575047
0.00570929
0.00566615
0.00563524
0.00560852
0.00557882
0.00554139
0.00549632
0.00544429
0.00539589
0.00535710
0.00532245
0.00530266
0.00528673
0.00525201
0.00522029
0.00518407
0.00514199
0.00510117
0.00507130
0.00503940
0.00501966
0.00497747
0.00495190
0.00491231
0.00487456
0.00484556
0.00481702
0.00480251
0.00477643
0.00474843
0.00472982
0.00469175
0.00468251
0.00466252
0.00465137
0.00463424
0.00460969
0.00460601
0.00458971
0.00456508
0.00454583
0.00451195
0.00447936
0.00445106
0.00443022
0.00442205
0.00450558
0.00439649
0.00437213
0.00433636
0.00431448
0.00429944
0.00427751
0.00425777
0.00423250
0.00422981
0.00420631
0.00419371
0.00419050
0.00417433
0.00414581
0.00412815
0.00410927
0.00409617
0.00407340
0.00406565
0.00404668
0.00403592
0.00401847
0.00399572
0.00396749
0.00393951
0.00393301
0.00391751
0.00390233
0.00389721
0.00389033
0.00387605
0.00385717
0.00384642
0.00382570
0.00381964
0.00380352
0.00379369
0.00378407
0.00378199
0.00377333
0.00375812
0.00374162
0.00372839
0.00370672
0.00368341
0.00365703
0.00364330
0.00362261
0.00359714
0.00358012
0.00356380
0.00356132
0.00354777
0.00352642
0.00349727
0.00348488
0.00347078
0.00345696
0.00344527
0.00342835
0.00342091
0.00340736
0.00340013
0.00338418
0.00337653
0.00336638
0.00335964
0.00335862
0.00334788
0.00333637
0.00331858
0.00328366
0.00326348
0.00324922
0.00324109
0.00322009
0.00321165
0.00320764
0.00319011
0.00317887
0.00316570
0.00315737
0.00314654
0.00313663
0.00312772
0.00310718
0.00309793
0.00308219
0.00305462
0.00305956
0.00304535
0.00303002
0.00302323
0.00301996
0.00299868
0.00300874
0.00300072
0.00299399
0.00299611
0.00299344
0.00300266
0.00298304
0.00298535
0.00297727
0.00295783
0.00293920
0.00292527
0.00291277
0.00289934
0.00289245
0.00288093
0.00285928
0.00285444
0.00284319
0.00283207
0.00280365
0.00279501
0.00279312
0.00278268
0.00277939
0.00275899
0.00275949
0.00274446
0.00273086
0.00270934
0.00271481
0.00271088
0.00270831
0.00269709
0.00269169
0.00268664
0.00267128
0.00267122
0.00265345
0.00264956
0.00264668
0.00263421
0.00262529
0.00263016
0.00261646
0.00262603
0.00261069
0.00262426
0.00261613
0.00260946
0.00259818
0.00257465
0.00256693
0.00255312
0.00254173
0.00253113
0.00252747
0.00252941
0.00252874
0.00252958
0.00251818
0.00252096
0.00251038
0.00251039
0.00250680
0.00248703
0.00247206
0.00246114
0.00245079
0.00244934
0.00243370
0.00242144
0.00240911
0.00239222
0.00237215
0.00235210
0.00233889
0.00232281
0.00230959
0.00230589
0.00229999
0.00229137
0.00228746
0.00227662
0.00227273
0.00226409
0.00225615
0.00225431
0.00224700
0.00225334
0.00224852
0.00224559
0.00223876
0.00224496
0.00222705
0.00221307
0.00220374
0.00219104
0.00217245
0.00214936
0.00214530
0.00213839
0.00212610
0.00212866
0.00211605
0.00211475
0.00210720
0.00210479
0.00210146
0.00209422
0.00207835
0.00206852
0.00205442
0.00204646
0.00203572
0.00203728
0.00202733
0.00201461
0.00200650
0.00202077
0.00200675
0.00200581
0.00198831
0.00198874
0.00199259
0.00199212
0.00197627
0.00196549
0.00194765
0.00194237
0.00192335
0.00191433
0.00189775
0.00188676
0.00188318
0.00187077
0.00186723
0.00186422
0.00186344
0.00186296
0.00185940
0.00185569
0.00185240
0.00184899
0.00183712
0.00183115
0.00182545
0.00181169
0.00180261
0.00180098
0.00179085
0.00178468
0.00176947
0.00176212
0.00175543
0.00174728
0.00174853
0.00174001
0.00173282
0.00173037
0.00173028
0.00171949
0.00171175
0.00171159
0.00170730
0.00170280
0.00170495
0.00170484
0.00170056
0.00169816
0.00168801
0.00168894
0.00167775
0.00167153
0.00166154
0.00165068
0.00165058
0.00164009
0.00163784
0.00162877
0.00162769
0.00162018
0.00161524
0.00162264
0.00161457
0.00160755
0.00160348
0.00159827
0.00159736
0.00159361
0.00157764
0.00158381
0.00157080
0.00156897
0.00156216
0.00155664
0.00156259
0.00155004
0.00155394
0.00155293
0.00154728
0.00154047
0.00153136
0.00152531
0.00151502
0.00151767
0.00151337
0.00151973
0.00150768
0.00150723
0.00149992
0.00149900
0.00150288
0.00148817
0.00148952
0.00148430
0.00147529
0.00147358
0.00147366
0.00146993
0.00146692
0.00146658
0.00146322
0.00145658
0.00145104
0.00144701
0.00144245
0.00145068
0.00144699
0.00144125
0.00143701
0.00143210
0.00142895
0.00142985
0.00142879
0.00142101
0.00142478
0.00141454
0.00141803
0.00140752
0.00140604
0.00140451
0.00139862
0.00139456
0.00138732
0.00138158
0.00137549
0.00136701
0.00135649
0.00135525
0.00135279
0.00135110
0.00133923
0.00133944
0.00133716
0.00132907
0.00132607
0.00131049
0.00130093
0.00129539
0.00129036
0.00128743
0.00127708
0.00127076
0.00126829
0.00126786
0.00126218
0.00125956
0.00125654
0.00125093
0.00125703
0.00124450
0.00123707
0.00122663
0.00122419
0.00122026
0.00121457
0.00122081
0.00121496
0.00120915
0.00120749
0.00120671
0.00120034
0.00120040
0.00120408
0.00120135
0.00119568
0.00119458
0.00119933
0.00119058
0.00118784
0.00119456
0.00118612
0.00118113
0.00117376
0.00117215
0.00116386
0.00115819
0.00114750
0.00115231
0.00114626
0.00114584
0.00114586
0.00113504
0.00113716
0.00113170
0.00113717
0.00112872
0.00112644
0.00112509
0.00112025
0.00111788
0.00112021
0.00111700
0.00110651
0.00111713
0.00111737
0.00111320
0.00110484
0.00110304
0.00110150
0.00109891
0.00109120
0.00108294
0.00108131
0.00107760
0.00107883
0.00107908
0.00107992
0.00107671
0.00107616
0.00108101
0.00108002
0.00107480
0.00106899
0.00107020
0.00106524
0.00106117
0.00106537
0.00106128
0.00106249
0.00105367
0.00105016
0.00105303
0.00105506
0.00105676
0.00104409
0.00104772
0.00104064
0.00104205
0.00104304
0.00103571
0.00102873
0.00103563
0.00103045
0.00102972
0.00103320
0.00102973
0.00102776
0.00102703
0.00102726
0.00102580
0.00102652
0.00102494
0.00102436
0.00102268
0.00102654
0.00102086
0.00102221
0.00101149
0.00100901
0.00100940
0.00101230
0.00100478
0.00100768
0.00101094
0.00102736
0.00100123
0.00099788
0.00099433
0.00099113
0.00098856
0.00097872
0.00098217
0.00097908
0.00097605
0.00097400
0.00097235
0.00096473
0.00096484
0.00096970
0.00096181
0.00095549
0.00095920
0.00095969
0.00095652
0.00095613
0.00095446
0.00094762
0.00094446
0.00093601
0.00093672
0.00093651
0.00093775
0.00092879
0.00093183
0.00092663
0.00092376
0.00092081
0.00092057
0.00091473
0.00091835
0.00091604
0.00091663
0.00090989
0.00091148
0.00091122
0.00091750
0.00090866
0.00090500
0.00090894
0.00090203
0.00090473
0.00091354
0.00090857
0.00090826
0.00090280
0.00090145
0.00089544
0.00089676
0.00089306
0.00089095
0.00089408
0.00088483
0.00088515
0.00088248
0.00088418
0.00087564
0.00087229
0.00087262
0.00086317
0.00086904
0.00085999
0.00086184
0.00086666
0.00086415
0.00085976
0.00085798
0.00086112
0.00085389
0.00085647
0.00085283
0.00083920
0.00084802
0.00084146
0.00083921
0.00084546
0.00084659
0.00084529
0.00083972
0.00083902
0.00084159
0.00083718
0.00083828
0.00083150
0.00083291
0.00083384
0.00083118
0.00082668
0.00083891
0.00083304
0.00083380
0.00083584
0.00082647
0.00083385
0.00082856
0.00083573
0.00083438
0.00083164
0.00083124
0.00082451
0.00082690
0.00082195
0.00082647
0.00082146
0.00083044
0.00082465
0.00082240
0.00082085
0.00082296
0.00081528
0.00081261
0.00080254
0.00080234
0.00080420
0.00080479
0.00080739
0.00080270
0.00080606
0.00079455
0.00079746
0.00079058
0.00079601
0.00079013
0.00078547
0.00079133
0.00078692
0.00079072
0.00078405
0.00079064
0.00078820
0.00079475
0.00078473
0.00078364
0.00078442
0.00077989
0.00078446
0.00078392
0.00078761
0.00078449
0.00078158
0.00078234
0.00078344
0.00078036
0.00078037
0.00078096
0.00077500
0.00077747
0.00077479
0.00077520
0.00077447
0.00076556
0.00076928
0.00075840
0.00075535
0.00075930
0.00075230
0.00074917
0.00075092
0.00074867
0.00074859
0.00074958
0.00074904
0.00074991
0.00074793
0.00073978
0.00074007
0.00074158
0.00073492
0.00073878
0.00074152
0.00074107
0.00073342
0.00073208
0.00073442
0.00072853
0.00072558
0.00072470
0.00072765
0.00071906
0.00071307
0.00072372
0.00071833
0.00071626
0.00071183
0.00070568
0.00070627
0.00070634
0.00070478
0.00069834
0.00069352
0.00069122
0.00068700
0.00068838
0.00068911
0.00068480
0.00067650
0.00067954
0.00068539
0.00068462
0.00067410
0.00067184
0.00067443
0.00067344
0.00067560
0.00067166
0.00066996
0.00067324
0.00066664
0.00066923
0.00067158
0.00067252
0.00067432
0.00067370
0.00066790
0.00067429
0.00067176
0.00067396
0.00067178
0.00067156
0.00066914
0.00066917
0.00066756
0.00066584
0.00066806
0.00067012
0.00066430
0.00066770
0.00066851
0.00066965
0.00067153
0.00067027
0.00066404
0.00066641
0.00066456
0.00066300
0.00066534
0.00066481
0.00066281
0.00065911
0.00066534
0.00065934
0.00066673
0.00066852
0.00066191
0.00066629
0.00066486
0.00066673
0.00066859
0.00066833
0.00066812
0.00066613
0.00066483
0.00065803
0.00066212
0.00066348
0.00066169
0.00065603
0.00065732
0.00065261
0.00065605
0.00065014
0.00065249
0.00064622
0.00064906
0.00065084
0.00064932
0.00064093
0.00064271
0.00064261
0.00063946
0.00064085
0.00063966
0.00063230
0.00063702
0.00062875
0.00062652
0.00062451
0.00062081
0.00061860
0.00062364
0.00062338
0.00062591
0.00063009
0.00062942
0.00062764
0.00063020
0.00063062
0.00063126
0.00063430
0.00063275
0.00063388
0.00063010
0.00062715
0.00062618
0.00062841
0.00062719
0.00062453
0.00062678
0.00063185
0.00063353
0.00062350
0.00062041
0.00062167
0.00062392
0.00062611
0.00061898
0.00060827
0.00061017
0.00060296
0.00060606
0.00060339
0.00061124
0.00060774
0.00060143
0.00060302
0.00059763
0.00059435
0.00060107
0.00060118
0.00060422
0.00060516
0.00059855
0.00060578
0.00060493
0.00060699
0.00060015
0.00060401
0.00061234
0.00060560
0.00060626
0.00060638
0.00060816
0.00060072
0.00060278
0.00059977
0.00060066
0.00059832
0.00060160
0.00060198
0.00060379
0.00059844
0.00059849
0.00059723
0.00059885
0.00060143
0.00060505
0.00059999
0.00060622
0.00059811
0.00060180
0.00060077
0.00059659
0.00059593
0.00060035
0.00059582
0.00059872
0.00060354
0.00059669
0.00059733
0.00060464
0.00060754
0.00060579
0.00060356
0.00059980
0.00059487
0.00059492
0.00059881
0.00059807
0.00059081
0.00059455
0.00059821
0.00059145
0.00059322
0.00059380
0.00059053
0.00058874
0.00059118
0.00058964
0.00058763
0.00058701
0.00058703
0.00058811
0.00058787
0.00058772
0.00058543
0.00058282
0.00058395
0.00058480
0.00058566
0.00058347
0.00058715
0.00059206
0.00058797
0.00058674
0.00058540
0.00058822
0.00059294
0.00057995
0.00058691
0.00059243
0.00058718
0.00058727
0.00058106
0.00058692
0.00058142
0.00058182
0.00058139
0.00057952
0.00058179
0.00057376
0.00057222
0.00056793
0.00057521
0.00056688
0.00057062
0.00057102
0.00056839
0.00056993
0.00057134
0.00057321
0.00056609
0.00057393
0.00056864
0.00056925
0.00057367
0.00057267
0.00057239
0.00057105
0.00057194
0.00057659
0.00057705
0.00057532
0.00057970
0.00057014
0.00057176
0.00056922
0.00056998
0.00057050
0.00057083
0.00057229
0.00056774
0.00056646
0.00056316
0.00057064
0.00056843
0.00056625
0.00056732
0.00056345
0.00056997
0.00057474
0.00057725
0.00056929
0.00057138
0.00057528
0.00057987
0.00058488
0.00059084
0.00058423
0.00058745
0.00057934
0.00057977
0.00057444
0.00057397
0.00057236
0.00057460
0.00057239
0.00057600
0.00057181
0.00057246
0.00057455
0.00057077
0.00057434
0.00057325
0.00057118
0.00056916
0.00056728
0.00056763
0.00056805
0.00057255
0.00057542
0.00057074
0.00057245
0.00057327
0.00056796
0.00057027
0.00056895
0.00057098
0.00057062
0.00057289
0.00056534
0.00057143
0.00056921
0.00056167
0.00056742
0.00056805
0.00056894
0.00056769
0.00056955
0.00056674
0.00056225
0.00056877
0.00056687
0.00056163
0.00057001
0.00056377
0.00057573
0.00057161
0.00057534
0.00057314
0.00056699
0.00057160
0.00057272
0.00057692
0.00056836
0.00057080
0.00056838
0.00056580
0.00056818
0.00056834
0.00057162
0.00056479
0.00056787
0.00057109
0.00056135
0.00055588
0.00056643
0.00055989
0.00056149
0.00056156
0.00055551
0.00056276
0.00055713
0.00055992
0.00056583
0.00056275
0.00055994
0.00055907
0.00055951
0.00056091
0.00056010
0.00056020
0.00055801
0.00056654
0.00056470
0.00057066
0.00056257
0.00055998
0.00055910
0.00055762
0.00056272
0.00055667
0.00055680
0.00055534
0.00055416
0.00055857
0.00055860
0.00055760
0.00055719
0.00056053
0.00056447
0.00056596
0.00056795
0.00056239
0.00056113
0.00056160
0.00056304
0.00056191
0.00056424
0.00056020
0.00056320
0.00057069
0.00056720
0.00056751
0.00056619
0.00056775
0.00056556
0.00056898
0.00056897
0.00056075
0.00056862
0.00056990
0.00056434
0.00056914
0.00057317
0.00057207
0.00057463
0.00058220
0.00057950
0.00058221
0.00057935
0.00057997
0.00056962
0.00057215
0.00057001
0.00056228
0.00056652
0.00056314
0.00056157
0.00056232
0.00055415
0.00055770
0.00055298
0.00055266
0.00055897
0.00055925
0.00055438
0.00055069
0.00055804
0.00055277
0.00055189
0.00055215
0.00054721
0.00055572
0.00055394
0.00055548
0.00055241
0.00056143
0.00055600
0.00055841
0.00055835
0.00056749
0.00056221
0.00055451
0.00054764
0.00055113
0.00055374
0.00055149
0.00054935
0.00054590
0.00054662
0.00055178
0.00053838
0.00054415
0.00053761
0.00053869
0.00053697
0.00053315
0.00053860
0.00053437
0.00053194
0.00053367
0.00053217
0.00053446
0.00053513
0.00053438
0.00054664
0.00053929
0.00054261
0.00054074
0.00054724
0.00054150
0.00054539
0.00054052
0.00053769
0.00053677
0.00053977
0.00054116
0.00054146
0.00053919
0.00053812
0.00054052
0.00053613
0.00053879
0.00054118
0.00053935
0.00055476
0.00055477
0.00055607
0.00055571
0.00055976
0.00055786
0.00055453
0.00056175
0.00055970
0.00055847
0.00055807
0.00055882
0.00056541
0.00055299
0.00056017
0.00056150
0.00056236
0.00055980
0.00056182
0.00056245
0.00056125
0.00055625
0.00056230
0.00056466
0.00055899
0.00056160
0.00056526
0.00056637
0.00056912
0.00056587
0.00057058
0.00056191
0.00056120
0.00056628
0.00055945
0.00055898
0.00055428
0.00055347
0.00055756
0.00055495
0.00055589
0.00055012
0.00055556
0.00054800
0.00055426
0.00055786
0.00054960
0.00055683
0.00055217
0.00055479
0.00054510
0.00055105
0.00055364
0.00055388
0.00056078
0.00055993
0.00056785
0.00057380
0.00057146
0.00057695
0.00058236
0.00058207
0.00057633
0.00058143
0.00058205
0.00058710
0.00057935
0.00058069
0.00057704
0.00057524
0.00057597
0.00056514
0.00057554
0.00056992
0.00056780
0.00056846
0.00056374
0.00056229
0.00056392
0.00056117
0.00056057
0.00055830
0.00055147
0.00056181
0.00056827
0.00057032
0.00056627
0.00056523
0.00056503
0.00055772
0.00055745
0.00056198
0.00054878
0.00055197
0.00055288
0.00054606
0.00054285
0.00053699
0.00054172
0.00053535
0.00054373
0.00053995
0.00053765
0.00053973
0.00053858
0.00053530
0.00054106
0.00054057
0.00054763
0.00054928
0.00054589
0.00054286
0.00054465
0.00054300
0.00054852
0.00055080
0.00054721
0.00056008
0.00055110
0.00055922
0.00054693
0.00055303
0.00054439
0.00054377
0.00055006
0.00055175
0.00055354
0.00055266
0.00055383
0.00055812
0.00055930
0.00056588
0.00055994
0.00057317
0.00055781
0.00056699
0.00056309
0.00056148
0.00056286
0.00056343
0.00056093
0.00056316
0.00055835
0.00056065
0.00056173
0.00056728
0.00056096
0.00056178
0.00055315
0.00056788
0.00055252
0.00055765
0.00055340
0.00055022
0.00054756
0.00054738
0.00054471
0.00054229
0.00054649
0.00053967
0.00053773
0.00054084
0.00054810
0.00054354
0.00054141
0.00054195
0.00054052
0.00053037
0.00054834
0.00055096
0.00054919
0.00055275
0.00054690
0.00055111
0.00055479
0.00055175
0.00054656
0.00055143
0.00055781
0.00056267
0.00056188
0.00056900
0.00057079
0.00056621
0.00057539
0.00057413
0.00056705
0.00058239
0.00057676
0.00057046
0.00057957
0.00057579
0.00057022
0.00057275
0.00057154
0.00056090
0.00056900
0.00057166
0.00055818
0.00057234
0.00056221
0.00056018
0.00056507
0.00056463
0.00056736
0.00056563
0.00056341
0.00055944
0.00056046
0.00057027
0.00056752
0.00056915
0.00057075
0.00056956
0.00057911
0.00057636
0.00057717
0.00057739
0.00057484
0.00057327
0.00057318
0.00056792
0.00057483
0.00057907
0.00057428
0.00057261
0.00057675
0.00058192
0.00057825
0.00057495
0.00057646
0.00057185
0.00057596
0.00057506
0.00057001
0.00058157
0.00057471
0.00057653
0.00057244
0.00057433
0.00058146
0.00058363
0.00058322
0.00057817
0.00057428
0.00056725
0.00056876
0.00056977
0.00057278
0.00057378
0.00057635
0.00057128
0.00057033
0.00056364
0.00055893
0.00056868
0.00056523
0.00055600
0.00056587
0.00056693
0.00056417
0.00056809
0.00056475
0.00056170
0.00057368
0.00057222
0.00056365
0.00056700
0.00056242
0.00057037
0.00056726
0.00056148
0.00056867
0.00056453
0.00056637
0.00057618
0.00056803
0.00057686
0.00058232
0.00057365
0.00057475
0.00057622
0.00058364
0.00057357
0.00057655
0.00058886
0.00058174
0.00057329
0.00057087
0.00056603
0.00057357
0.00056041
0.00055964
0.00055293
0.00056434
0.00057066
0.00057857
0.00055846
0.00056090
0.00056961
0.00056391
0.00056344
0.00056635
0.00056665
0.00057008
0.00056558
0.00056042
0.00056467
0.00056305
0.00057154
0.00057631
0.00057204
0.00057402
0.00057526
0.00057910
0.00058286
0.00057666
0.00057569
0.00058281
0.00057480
0.00057139
0.00056467
0.00056999
0.00057087
0.00056903
0.00057468
0.00057386
0.00057398
0.00057729
0.00057877
0.00058352
0.00057313
0.00058154
0.00058043
0.00057936
0.00058399
0.00057914
0.00057704
0.00057920
0.00057598
0.00056590
0.00057399
0.00057635
0.00057919
0.00057706
0.00058903
0.00059041
0.00059445
0.00059219
0.00059637
0.00059477
0.00059684
0.00058812
0.00061071
0.00060100
0.00061307
0.00060814
0.00061956
0.00062324
0.00062733
0.00063112
0.00062858
0.00062915
0.00063217
0.00061764
0.00062111
0.00063559
0.00062958
0.00063058
0.00061606
0.00061396
0.00061752
0.00062163
0.00061750
0.00061119
0.00061138
0.00061363
0.00060880
0.00060248
0.00060710
0.00060358
0.00059953
0.00060122
0.00059910
0.00059697
0.00059605
0.00059532
0.00059256
0.00058718
0.00058785
0.00058431
0.00058293
0.00058753
0.00059174
0.00058361
0.00057729
0.00057173
0.00057757
0.00058160
0.00058227
0.00057947
0.00058559
0.00059255
0.00057693
0.00058492
0.00058539
0.00059544
0.00059620
0.00060065
0.00059826
0.00060535
0.00060343
0.00059784
0.00062408
0.00062138
0.00061452
0.00062007
0.00061668
0.00062687
0.00061793
0.00061742
0.00061721
0.00063160
0.00061608
0.00062925
0.00062120
0.00062777
0.00063456
0.00063219
0.00063464
0.00063824
0.00062603
0.00062912
0.00063658
0.00063761
0.00062972
0.00063250
0.00064519
0.00064505
0.00063807
0.00063964
0.00065278
0.00065397
0.00065254
0.00065946
0.00066443
0.00064350
0.00065337
0.00064081
0.00064765
0.00064326
0.00065491
0.00064623
0.00065920
0.00065697
0.00065061
0.00064217
0.00064950
0.00065099
0.00064700
0.00064029
0.00064823
0.00065379
0.00064813
0.00065367
0.00065356
0.00065715
0.00066140
0.00065187
0.00065503
0.00066849
0.00066802
0.00066079
0.00064661
0.00065137
0.00065769
0.00066579
0.00065923
0.00066047
0.00065015
0.00064774
0.00066616
0.00067436
0.00067059
0.00068435
0.00067255
0.00067770
0.00067437
0.00068204
0.00068949
0.00068058
0.00068518
0.00068038
0.00068973
0.00067960
0.00069088
0.00070170
0.00069482
0.00070031
0.00069912
0.00070606
0.00071348
0.00070594
0.00070622
0.00069481
0.00070966
0.00071804
0.00072189
0.00072079
0.00072899
0.00071804
0.00070790
0.00071157
0.00069618
0.00070574
0.00069789
0.00069337
0.00068940
0.00069398
0.00067862
0.00069783
0.00069685
0.00069912
0.00070228
0.00070130
0.00072123
0.00073055
0.00073355
0.00073283
0.00072765
0.00073908
0.00073012
0.00073983
0.00073864
0.00074656
0.00075416
0.00075738
0.00073831
0.00073355
0.00074534
0.00074495
0.00075249
0.00074482
0.00075232
0.00072782
0.00074617
0.00074890
0.00075279
0.00075463
0.00075609
0.00075337
0.00074879
0.00073741
0.00074113
0.00073097
0.00073838
0.00072751
0.00072706
0.00072441
0.00073241
0.00072368
0.00072361
0.00071403
0.00071525
0.00070527
0.00071400
0.00071967
0.00070829
0.00071258
0.00069850
0.00070687
0.00069627
0.00071236
0.00070448
0.00070992
0.00070706
0.00070549
0.00071984
0.00071401
0.00070534
0.00069448
0.00070207
0.00070020
0.00070541
0.00072237
0.00070431
0.00070608
0.00072192
0.00071612
0.00073025
0.00073395
0.00073334
0.00073086
0.00072916
0.00072048
0.00071290
0.00071944
0.00071565
0.00072572
0.00074380
0.00071907
0.00072162
0.00073242
0.00071613
0.00072580
0.00071459
0.00073519
0.00073544
0.00071464
0.00072197
0.00070515
0.00071348
0.00070343
0.00069559
0.00069504
0.00068437
0.00069784
0.00068712
0.00069782
0.00068276
0.00067429
0.00068217
0.00068485
0.00068715
0.00068309
0.00067773
0.00066940
0.00067335
0.00068796
0.00069224
0.00069880
0.00070275
0.00071142
0.00071965
0.00073377
0.00073445
0.00073005
0.00074367
0.00074150
0.00074799
0.00075241
0.00075543
0.00077433
0.00078370
0.00079648
0.00078821
0.00081819
0.00079436
0.00079239
0.00082415
0.00081802
0.00083313
0.00083261
0.00085055
0.00085661
0.00084439
0.00085740
0.00085120
0.00085506
0.00086786
0.00085752
0.00084484
0.00085252
0.00086677
0.00083923
0.00082823
0.00084618
0.00082933
0.00082376
0.00082515
0.00083190
0.00079625
0.00081447
0.00083043
0.00080573
0.00081671
0.00080723
0.00080998
0.00083604
0.00082579
0.00081183
0.00082001
0.00081628
0.00080936
0.00080722
0.00081736
0.00081127
0.00080509
0.00079798
0.00078940
0.00080250
0.00078137
0.00078235
0.00079238
0.00078201
0.00076985
0.00079215
0.00078208
0.00077079
0.00078213
0.00074706
0.00075051
0.00074729
0.00073656
0.00070899
0.00073365
0.00072714
0.00073650
0.00074832
0.00075046
0.00075028
0.00074474
0.00075897
0.00076851
0.00077105
0.00076314
0.00076969
0.00078155
0.00078075
0.00078482
0.00079862
0.00079012
0.00079089
0.00079786
0.00080012
0.00081316
0.00080024
0.00080750
0.00078878
0.00081595
0.00081487
0.00082009
0.00083358
0.00082341
0.00082535
0.00082471
0.00083920
0.00079915
0.00078911
0.00079720
0.00079278
0.00079129
0.00081094
0.00080619
0.00078195
0.00080193
0.00078950
0.00078056
0.00076114
0.00076690
0.00075996
0.00074472
0.00075037
0.00074942
0.00074362
0.00075901
0.00076067
0.00075463
0.00074936
0.00076275
0.00078008
0.00078044
0.00077735
0.00080773
0.00081784
0.00080627
0.00082211
0.00081421
0.00080825
0.00081429
0.00081731
0.00080147
0.00084326
0.00082387
0.00084738
0.00082181
0.00084291
0.00086661
0.00088723
0.00086563
0.00086646
0.00088916
0.00088234
0.00087802
0.00085261
0.00086349
0.00087868
0.00084052
0.00084195
0.00084221
0.00085885
0.00085044
0.00087732
0.00086520
0.00086121
0.00083869
0.00087177
0.00086990
0.00088730
0.00086199
0.00089694
0.00089083
0.00088241
0.00088574
0.00088108
0.00088748
0.00089825
0.00089564
0.00089208
0.00088804
0.00087413
0.00088680
0.00087843
0.00086129
0.00086427
0.00086503
0.00085309
0.00086342
0.00086169
0.00087541
0.00085541
0.00084660
0.00083374
0.00086410
0.00081518
0.00085708
0.00083724
0.00084944
0.00084030
0.00084728
0.00082010
0.00081531
0.00081927
0.00079975
0.00080492
0.00082878
0.00079442
0.00080671
0.00080625
0.00080495
0.00078835
0.00079782
0.00079450
0.00080503
0.00080569
0.00083793
0.00081772
0.00085207
0.00085990
0.00084593
0.00085595
0.00085892
0.00085453
0.00083991
0.00085063
0.00086728
0.00085727
0.00085269
0.00087479
0.00085967
0.00090557
0.00091977
0.00092067
0.00091977
0.00093981
0.00094593
0.00095329
0.00090335
0.00091521
0.00094872
0.00093868
0.00092426
0.00096198
0.00094770
0.00095821
0.00099969
0.00096489
0.00101419
0.00101182
0.00101671
0.00101798
0.00100844
0.00103635
0.00099606
0.00101913
0.00102479
0.00100330
0.00099644
0.00097488
0.00096674
0.00097739
0.00098006
0.00099694
0.00097649
0.00098465
0.00098471
0.00099061
0.00095983
0.00095424
0.00095183
0.00094787
0.00093741
0.00091475
0.00094098
0.00093262
0.00090693
0.00088452
0.00089919
0.00087606
0.00088765
0.00088701
0.00090790
0.00091831
0.00089537
0.00090706
0.00094822
0.00095966
0.00098201
0.00100000
0.00094793
0.00132021
0.00120722
0.00096077
0.00102019
0.00096961
0.00096479
0.00097617
0.00094752
0.00099976
0.00101009
0.00102050
0.00102242
0.00101213
0.00100386
0.00103754
0.00104497
0.00101110
0.00101615
0.00099187
0.00099354
0.00096956
0.00097928
0.00097694
0.00096899
0.00097743
0.00099278
0.00101535
0.00100397
0.00097637
0.00099096
0.00101411
0.00101741
0.00101897
0.00095968
0.00096676
0.00101997
0.00099062
0.00097694
0.00099445
0.00101490
0.00101619
0.00105182
0.00101034
0.00101859
0.00099869
0.00102411
0.00098992
0.00099823
0.00103916
0.00102248
0.00098651
0.00102051
0.00104986
0.00100093
0.00103463
0.00108320
0.00104589
0.00102330
0.00098767
0.00098074
0.00099046
0.00100926
0.00103822
0.00099701
0.00101372
0.00101202
0.00106728
0.00108046
0.00111262
0.00107767
0.00104335
0.00105443
0.00106013
0.00102292
0.00104064
0.00100395
0.00102661
0.00104463
0.00104097
0.00104338
0.00104614
0.00101773
0.00101786
0.00103796
0.00111583
0.00107803
0.00105338
0.00107117
0.00115160
0.00114223
0.00112697
0.00111014
0.00111654
0.00115610
0.00114705
0.00115122
0.00117913
0.00120048
0.00118649
0.00125703
0.00125294
0.00128956
0.00129211
0.00132289
0.00131673
0.00130177
0.00126849
0.00129685
0.00127016
0.00124744
0.00129947
0.00125605
0.00126797
0.00126330
0.00124074
0.00120732
0.00117860
0.00118132
0.00115370
0.00114747
0.00109605
0.00106877
0.00106547
0.00101610
0.00103245
0.00103806
0.00108728
0.00109232
0.00115211
0.00111003
0.00116940
0.00117090
0.00119733
0.00114450
0.00112386
0.00111841
0.00109315
0.00113173
0.00110365
0.00111859
0.00108287
0.00113208
0.00114144
0.00117614
0.00119823
0.00114422
0.00116846
0.00114716
0.00119217
0.00116251
0.00117906
0.00120132
0.00124709
0.00128561
0.00125333
0.00133621
0.00133866
0.00134423
0.00130021
0.00137271
0.00137333
0.00131693
0.00132671
0.00129342
0.00124399
0.00128179
0.00124563
0.00124793
0.00120093
0.00120825
0.00120325
0.00118253
0.00117258
0.00117827
0.00122416
0.00120768
0.00128337
0.00125973
0.00124525
0.00124356
0.00118206
0.00117516
0.00117254
0.00118393
0.00123029
0.00123573
0.00129316
0.00130834
0.00136748
0.00134467
0.00140516
0.00143310
0.00142156
0.00138362
0.00137047
0.00136350
0.00143187
0.00141414
0.00138773
0.00141446
0.00140692
0.00143686
0.00139550
0.00149506
0.00145778
0.00137400
0.00134897
0.00129583
0.00126633
0.00117296
0.00121088
0.00123592
0.00120584
0.00125156
0.00118110
0.00119670
0.00115448
0.00119342
0.00113905
0.00118505
0.00120134
0.00117800
0.00122776
0.00111094
0.00115981
0.00107732
0.00099551
0.00103303
0.00098273
0.00100609
0.00098847
0.00096484
0.00104060
0.00116893
0.00125346
0.00119643
0.00123269
0.00131202
0.00147293
0.00153009
0.00150112
0.00148391
0.00156717
0.00159356
0.00172160
0.00171210
0.00176686
0.00188455
0.00194047
0.00195993
0.00199796
0.00207384
0.00183187
0.00185697
0.00184019
0.00181605
0.00177730
0.00161692
0.00176962
0.00158410
0.00173882
0.00170057
0.00165241
0.00169831
0.00175789
0.00164741
0.00155662
0.00159619
0.00148853
0.00151558
0.00137436
0.00126452
0.00135793
0.00137667
0.00119569
0.00121730
0.00107254
0.00110370
0.00084427
0.00073245
0.00061098
0.00055356
0.00051594
0.00077960
0.00067717
0.00062558
0.00057352
0.00052090
0.00047563
0.00041334
0.00047402
0.00035471
0.00033859
0.00029022
0.00032246
0.00021283
0.00079810
0.00074167
0.00103188
0.00207989
0.00367608
0.00087065
0.00058043
0.00000000
0.00000000
0.00000000
0.00000000
0.00000000
0.00000000
0.00000000
0.01082949
0.00270924
0.00216056
0.00870394
0.00257124
0.06679827
0.00011984
0.00012020
0.00011197
0.00011701
0.00012352
0.00012268
0.00012015
0.00013352
0.00012887
0.00012817
0.00013203
0.00011589
0.00012645
0.00013794
0.00014046
0.00015598
0.00011681
0.00015792
0.00013620
0.00012130
0.00014631
0.00011219
0.00010445
0.00010937
0.00011509
0.00011426
0.00011248
0.00012382
0.00012027
0.00012003
0.00012347
0.00010806
0.00011746
0.00012875
0.00013109
0.00014557
0.00011003
0.00014633
0.00012764
0.00011541
0.00013607
0.00010410
0.00010925
0.00011511
0.00011430
0.00011212
0.00012354
0.00012034
0.00012053
0.00012374
0.00010786
0.00011772
0.00012916
0.00013116
0.00014673
0.00010926
0.00014735
0.00012707
0.00011539
0.00013628
0.00010162
0.00010667
0.00010682
0.00010449
0.00011539
0.00011255
0.00011311
0.00011660
0.00010166
0.00011145
0.00012395
0.00012398
0.00014090
0.00010400
0.00014145
0.00012061
0.00011275
0.00013245
0.00011247
0.00011239
0.00011088
0.00012217
0.00011938
0.00011948
0.00012330
0.00010749
0.00011796
0.00013037
0.00013239
0.00014918
0.00011188
0.00015166
0.00013051
0.00012143
0.00014164
0.00011820
0.00011594
0.00012768
0.00012453
0.00012474
0.00012832
0.00011167
0.00012259
0.00013526
0.00013797
0.00015395
0.00011430
0.00015458
0.00013322
0.00012174
0.00014315
0.00011608
0.00012907
0.00012459
0.00012486
0.00012927
0.00011451
0.00012502
0.00013680
0.00013878
0.00015527
0.00011770
0.00015842
0.00013609
0.00012599
0.00014784
0.00012666
0.00012362
0.00012466
0.00012827
0.00011185
0.00012306
0.00013693
0.00013987
0.00015757
0.00011805
0.00016044
0.00013877
0.00013009
0.00015137
0.00013680
0.00013769
0.00014285
0.00012569
0.00013936
0.00015620
0.00015611
0.00017936
0.00013066
0.00018430
0.00015450
0.00014394
0.00017483
0.00013329
0.00013733
0.00012003
0.00013212
0.00014607
0.00014926
0.00016678
0.00012693
0.00016890
0.00014899
0.00013798
0.00016056
0.00013794
0.00012107
0.00013294
0.00014722
0.00015128
0.00016897
0.00012866
0.00017353
0.00015219
0.00014113
0.00016429
0.00012693
0.00013913
0.00015353
0.00015792
0.00017795
0.00013593
0.00018471
0.00016018
0.00015043
0.00017348
0.00012917
0.00014309
0.00013624
0.00015583
0.00012411
0.00015597
0.00013792
0.00013931
0.00015555
0.00015488
0.00015220
0.00017065
0.00013763
0.00017619
0.00015659
0.00015383
0.00017298
0.00017035
0.00019305
0.00015345
0.00019704
0.00017774
0.00017143
0.00019734
0.00020406
0.00015162
0.00022218
0.00018722
0.00017553
0.00020804
0.00017515
0.00024980
0.00021534
0.00020300
0.00023562
0.00018298
0.00016179
0.00016949
0.00018433
0.00023493
0.00022489
0.00026568
0.00020203
0.00023285
0.00024336
