     51620
     51394
     51234
     51102
     51002
     50922
     50824
     50752
     50668
     50586
     50512
     50440
     50372
     50312
     50248
     50178
     50116
     50064
     49990
     49908
     49812
     49726
     49644
     49550
     49466
     49406
     49334
     49256
     49200
     49130
     49068
     49014
     48948
     48882
     48824
     48774
     48714
     48664
     48594
     48526
     48458
     48396
     48330
     48264
     48202
     48150
     48088
     48026
     47968
     47908
     47856
     47798
     47742
     47684
     47616
     47562
     47506
     47454
     47402
     47346
     47290
     47244
     47196
     47140
     47086
     47036
     46970
     46916
     46874
     46824
     46766
     46712
     46670
     46620
     46570
     46524
     46472
     46424
     46372
     46322
     46270
     46214
     46162
     46114
     46066
     46012
     45956
     45904
     45854
     45808
     45766
     45722
     45678
     45630
     45592
     45550
     45508
     45454
     45388
     45342
     45294
     45250
     45198
     45144
     45094
     45042
     44992
     44950
     44898
     44856
     44812
     44770
     44716
     44670
     44626
     44576
     44528
     44484
     44438
     44396
     44344
     44300
     44250
     44208
     44162
     44112
     44070
     44022
     43976
     43932
     43880
     43832
     43784
     43736
     43690
     43634
     43578
     43532
     43484
     43434
     43390
     43346
     43302
     43256
     43208
     43162
     43106
     43056
     43012
     42968
     42930
     42892
     42852
     42812
     42776
     42738
     42696
     42660
     42628
     42582
     42538
     42484
     42440
     42398
     42348
     42298
     42262
     42216
     42174
     42124
     42086
     42040
     41998
     41948
     41910
     41870
     41826
     41776
     41722
     41668
     41630
     41590
     41544
     41502
     41456
     41412
     41370
     41320
     41270
     41228
     41186
     41138
     41090
     41050
     41018
     40966
     40926
     40882
     40838
     40796
     40756
     40708
     40670
     40626
     40588
     40548
     40502
     40458
     40414
     40364
     40312
     40270
     40224
     40174
     40130
     40078
     40030
     39996
     39960
     39908
     39866
     39820
     39770
     39716
     39670
     39626
     39586
     39536
     39486
     39432
     39386
     39338
     39288
     39244
     39200
     39154
     39104
     39056
     39004
     38962
     38918
     38874
     38826
     38782
     38730
     38688
     38638
     38596
     38550
     38502
     38454
     38410
     38364
     38314
     38278
     38234
     38202
     38162
     38116
     38084
     38038
     37990
     37946
     37908
     37864
     37818
     37778
     37734
     37696
     37648
     37612
     37572
     37530
     37488
     37444
     37400
     37352
     37312
     37264
     37210
     37160
     37116
     37068
     37036
     36988
     36936
     36890
     36846
     36800
     36752
     36712
     36664
     36620
     36578
     36536
     36490
     36442
     36394
     36346
     36302
     36252
     36212
     36176
     36132
     36094
     36050
     36010
     35966
     35922
     35882
     35840
     35800
     35760
     35718
     35674
     35636
     35598
     35556
     35512
     35476
     35436
     35402
     35360
     35320
     35282
     35242
     35200
     35168
     35130
     35096
     35062
     35022
     34986
     34954
     34914
     34874
     34840
     34798
     34770
     34744
     34706
     34670
     34628
     34594
     34566
     34540
     34504
     34466
     34426
     34392
     34358
     34324
     34286
     34248
     34212
     34182
     34150
     34128
     34100
     34072
     34042
     34010
     33976
     33946
     33910
     33882
     33854
     33824
     33790
     33758
     33728
     33694
     33660
     33628
     33594
     33562
     33528
     33492
     33458
     33426
     33394
     33354
     33320
     33284
     33250
     33210
     33172
     33136
     33098
     33064
     33030
     32998
     32960
     32926
     32892
     32856
     32824
     32792
     32752
     32724
     32688
     32660
     32632
     32596
     32568
     32530
     32492
     32458
     32426
     32400
     32360
     32322
     32292
     32260
     32224
     32188
     32142
     32100
     32060
     32022
     31986
     31952
     31916
     31882
     31850
     31816
     31784
     31750
     31708
     31674
     31636
     31596
     31556
     31518
     31488
     31454
     31414
     31380
     31346
     31314
     31284
     31256
     31230
     31196
     31166
     31132
     31100
     31070
     31038
     31004
     30978
     30950
     30918
     30888
     30862
     30830
     30800
     30766
     30738
     30706
     30680
     30660
     30630
     30598
     30564
     30532
     30504
     30478
     30448
     30418
     30386
     30352
     30318
     30288
     30262
     30226
     30192
     30162
     30128
     30096
     30062
     30032
     30002
     29968
     29934
     29906
     29874
     29840
     29800
     29768
     29736
     29704
     29676
     29646
     29618
     29588
     29554
     29524
     29496
     29468
     29440
     29410
     29378
     29340
     29312
     29280
     29248
     29214
     29180
     29146
     29112
     29082
     29054
     29024
     28994
     28962
     28936
     28904
     28870
     28832
     28800
     28768
     28736
     28698
     28666
     28628
     28594
     28560
     28522
     28486
     28450
     28416
     28384
     28346
     28312
     28284
     28254
     28222
     28184
     28148
     28114
     28076
     28040
     28006
     27970
     27938
     27898
     27862
     27824
     27784
     27752
     27716
     27678
     27642
     27612
     27578
     27548
     27512
     27474
     27434
     27402
     27364
     27326
     27292
     27262
     27230
     27198
     27166
     27134
     27100
     27064
     27032
     27000
     26968
     26936
     26904
     26878
     26850
     26816
     26784
     26756
     26726
     26698
     26668
     26634
     26604
     26574
     26550
     26520
     26490
     26460
     26430
     26400
     26378
     26352
     26328
     26300
     26270
     26242
     26212
     26182
     26154
     26126
     26096
     26068
     26046
     26020
     25994
     25968
     25940
     25912
     25880
     25850
     25824
     25796
     25764
     25736
     25710
     25678
     25646
     25614
     25584
     25556
     25522
     25490
     25458
     25428
     25402
     25374
     25340
     25308
     25276
     25246
     25212
     25184
     25152
     25118
     25080
     25040
     25008
     24978
     24948
     24918
     24888
     24858
     24832
     24802
     24776
     24740
     24706
     24680
     24652
     24618
     24582
     24552
     24518
     24492
     24462
     24430
     24396
     24362
     24328
     24296
     24264
     24230
     24196
     24164
     24130
     24096
     24062
     24026
     23994
     23962
     23932
     23898
     23864
     23832
     23798
     23760
     23728
     23702
     23668
     23638
     23604
     23566
     23528
     23492
     23462
     23428
     23392
     23354
     23314
     23278
     23244
     23210
     23176
     23146
     23118
     23088
     23056
     23028
     22998
     22968
     22936
     22904
     22872
     22838
     22804
     22774
     22746
     22716
     22688
     22654
     22626
     22596
     22568
     22540
     22510
     22478
     22446
     22412
     22378
     22344
     22310
     22276
     22240
     22206
     22174
     22144
     22116
     22086
     22056
     22026
     21998
     21966
     21934
     21898
     21862
     21828
     21794
     21762
     21728
     21694
     21660
     21628
     21596
     21564
     21536
     21504
     21476
     21442
     21412
     21380
     21348
     21314
     21280
     21248
     21212
     21182
     21146
     21106
     21074
     21038
     21006
     20974
     20940
     20910
     20878
     20846
     20818
     20784
     20750
     20714
     20680
     20648
     20612
     20582
     20550
     20516
     20482
     20450
     20422
     20386
     20350
     20314
     20282
     20256
     20216
     20178
     20142
     20112
     20082
     20050
     20016
     19988
     19956
     19922
     19894
     19866
     19840
     19814
     19784
     19756
     19730
     19700
     19674
     19644
     19620
     19594
     19566
     19536
     19504
     19482
     19456
     19430
     19400
     19370
     19344
     19320
     19292
     19262
     19236
     19210
     19186
     19162
     19134
     19108
     19084
     19058
     19032
     19004
     18980
     18956
     18932
     18906
     18880
     18854
     18830
     18806
     18782
     18758
     18734
     18710
     18688
     18664
     18642
     18614
     18586
     18556
     18530
     18504
     18472
     18444
     18424
     18400
     18380
     18358
     18328
     18302
     18276
     18250
     18228
     18204
     18182
     18160
     18132
     18106
     18076
     18048
     18024
     17996
     17978
     17962
     17942
     17920
     17892
     17872
     17852
     17830
     17806
     17778
     17750
     17726
     17704
     17678
     17648
     17620
     17596
     17572
     17544
     17520
     17496
     17472
     17448
     17424
     17402
     17380
     17358
     17334
     17310
     17286
     17264
     17244
     17226
     17208
     17188
     17168
     17146
     17122
     17102
     17084
     17064
     17046
     17030
     17012
     16994
     16976
     16956
     16938
     16918
     16900
     16884
     16868
     16846
     16826
     16806
     16786
     16768
     16754
     16740
     16726
     16708
     16688
     16668
     16648
     16630
     16614
     16598
     16578
     16558
     16538
     16522
     16502
     16482
     16462
     16442
     16420
     16398
     16380
     16362
     16342
     16320
     16296
     16272
     16252
     16232
     16216
     16198
     16182
     16166
     16148
     16130
     16110
     16092
     16076
     16058
     16040
     16024
     16004
     15988
     15970
     15950
     15934
     15918
     15904
     15888
     15870
     15854
     15838
     15820
     15800
     15780
     15762
     15744
     15726
     15708
     15692
     15678
     15658
     15640
     15624
     15608
     15594
     15570
     15554
     15542
     15522
     15502
     15484
     15468
     15452
     15432
     15414
     15400
     15382
     15362
     15342
     15322
     15306
     15288
     15266
     15246
     15226
     15206
     15186
     15166
     15146
     15122
     15100
     15078
     15056
     15034
     15014
     14994
     14976
     14956
     14932
     14910
     14892
     14870
     14846
     14826
     14806
     14784
     14764
     14742
     14720
     14700
     14678
     14652
     14630
     14608
     14586
     14566
     14546
     14528
     14510
     14490
     14470
     14450
     14432
     14412
     14388
     14366
     14350
     14330
     14308
     14286
     14266
     14246
     14226
     14206
     14186
     14168
     14150
     14128
     14108
     14088
     14070
     14052
     14034
     14014
     13994
     13974
     13956
     13936
     13918
     13900
     13882
     13860
     13838
     13816
     13792
     13770
     13748
     13724
     13702
     13678
     13656
     13634
     13616
     13596
     13576
     13552
     13530
     13508
     13488
     13470
     13454
     13438
     13424
     13408
     13396
     13382
     13364
     13348
     13330
     13312
     13296
     13278
     13262
     13242
     13226
     13210
     13194
     13180
     13164
     13148
     13130
     13110
     13092
     13072
     13052
     13034
     13014
     12996
     12976
     12954
     12934
     12914
     12894
     12874
     12854
     12834
     12814
     12794
     12772
     12748
     12726
     12704
     12682
     12660
     12638
     12616
     12596
     12574
     12552
     12532
     12510
     12488
     12466
     12442
     12420
     12398
     12378
     12356
     12334
     12310
     12288
     12266
     12244
     12222
     12200
     12178
     12156
     12134
     12112
     12090
     12068
     12046
     12024
     12002
     11982
     11960
     11938
     11916
     11894
     11872
     11850
     11828
     11806
     11784
     11762
     11742
     11720
     11700
     11678
     11656
     11636
     11612
     11590
     11568
     11548
     11526
     11506
     11486
     11466
     11446
     11426
     11406
     11388
     11370
     11350
     11326
     11306
     11286
     11266
     11246
     11226
     11206
     11186
     11166
     11146
     11126
     11106
     11086
     11066
     11046
     11026
     11008
     10988
     10968
     10948
     10930
     10912
     10894
     10872
     10852
     10832
     10812
     10790
     10766
     10744
     10724
     10704
     10684
     10664
     10646
     10628
     10608
     10590
     10572
     10552
     10532
     10510
     10490
     10470
     10452
     10434
     10414
     10394
     10374
     10354
     10334
     10314
     10294
     10276
     10258
     10238
     10220
     10200
     10180
     10158
     10136
     10120
     10098
     10078
     10058
     10040
     10020
      9998
      9980
      9960
      9940
      9922
      9904
      9884
      9864
      9844
      9824
      9802
      9782
      9764
      9744
      9726
      9706
      9686
      9666
      9644
      9622
      9600
      9578
      9556
      9534
      9514
      9492
      9470
      9450
      9428
      9404
      9382
      9356
      9336
      9314
      9292
      9274
      9256
      9242
      9220
      9198
      9180
      9162
      9144
      9126
      9104
      9090
      9072
      9058
      9046
      9026
      9010
      8994
      8978
      8960
      8940
      8918
      8898
      8880
      8864
      8848
      8832
      8814
      8794
      8774
      8756
      8740
      8724
      8706
      8688
      8670
      8652
      8636
      8622
      8606
      8590
      8578
      8566
      8552
      8534
      8520
      8504
      8490
      8476
      8462
      8448
      8432
      8418
      8402
      8386
      8370
      8354
      8338
      8322
      8306
      8290
      8274
      8256
      8240
      8222
      8206
      8192
      8176
      8162
      8148
      8136
      8124
      8108
      8094
      8082
      8068
      8056
      8042
      8032
      8020
      8006
      7994
      7982
      7970
      7958
      7946
      7934
      7922
      7912
      7902
      7888
      7874
      7862
      7850
      7838
      7826
      7816
      7806
      7794
      7780
      7768
      7758
      7748
      7736
      7720
      7708
      7694
      7680
      7666
      7652
      7638
      7626
      7614
      7598
      7584
      7570
      7554
      7540
      7526
      7512
      7496
      7484
      7470
      7458
      7444
      7430
      7414
      7402
      7390
      7378
      7366
      7350
      7338
      7328
      7320
      7308
      7294
      7280
      7266
      7252
      7238
      7226
      7216
      7206
      7194
      7182
      7172
      7160
      7150
      7136
      7122
      7108
      7098
      7086
      7074
      7062
      7050
      7040
      7028
      7016
      7004
      6990
      6978
      6964
      6950
      6938
      6926
      6912
      6902
      6888
      6878
      6866
      6858
      6846
      6836
      6826
      6818
      6806
      6798
      6790
      6780
      6770
      6758
      6746
      6736
      6726
      6716
      6704
      6694
      6682
      6670
      6658
      6646
      6634
      6622
      6612
      6602
      6592
      6582
      6570
      6558
      6546
      6534
      6522
      6510
      6498
      6486
      6474
      6462
      6450
      6438
      6426
      6414
      6402
      6390
      6378
      6366
      6354
      6340
      6328
      6316
      6306
      6294
      6282
      6270
      6258
      6246
      6232
      6218
      6206
      6192
      6178
      6164
      6150
      6136
      6122
      6110
      6098
      6086
      6076
      6064
      6052
      6042
      6026
      6016
      6002
      5992
      5982
      5966
      5952
      5938
      5922
      5908
      5894
      5880
      5866
      5852
      5840
      5826
      5812
      5798
      5782
      5768
      5754
      5742
      5730
      5714
      5698
      5684
      5670
      5656
      5642
      5628
      5614
      5600
      5586
      5572
      5558
      5544
      5532
      5518
      5502
      5490
      5476
      5462
      5446
      5432
      5418
      5404
      5392
      5380
      5370
      5360
      5350
      5338
      5326
      5312
      5302
      5290
      5276
      5266
      5256
      5244
      5234
      5222
      5210
      5200
      5188
      5176
      5164
      5152
      5140
      5128
      5116
      5104
      5092
      5080
      5068
      5056
      5044
      5032
      5020
      5008
      4996
      4986
      4974
      4962
      4950
      4938
      4926
      4914
      4902
      4890
      4880
      4868
      4856
      4844
      4832
      4820
      4808
      4796
      4784
      4772
      4760
      4748
      4736
      4726
      4716
      4704
      4692
      4680
      4668
      4658
      4648
      4636
      4624
      4612
      4600
      4588
      4576
      4564
      4552
      4540
      4528
      4516
      4504
      4492
      4480
      4468
      4456
      4444
      4432
      4420
      4408
      4396
      4384
      4372
      4360
      4348
      4336
      4324
      4312
      4300
      4288
      4276
      4264
      4252
      4240
      4228
      4216
      4204
      4192
      4180
      4168
      4156
      4144
      4132
      4120
      4108
      4096
      4084
      4074
      4064
      4054
      4044
      4034
      4024
      4014
      4004
      3994
      3984
      3974
      3964
      3954
      3944
      3934
      3924
      3914
      3904
      3894
      3884
      3874
      3864
      3854
      3844
      3834
      3824
      3814
      3804
      3794
      3784
      3774
      3764
      3754
      3744
      3734
      3724
      3714
      3704
      3694
      3684
      3674
      3664
      3654
      3644
      3634
      3624
      3616
      3606
      3594
      3586
      3574
      3564
      3554
      3544
      3536
      3528
      3518
      3510
      3500
      3490
      3480
      3470
      3460
      3450
      3442
      3432
      3420
      3410
      3400
      3390
      3380
      3370
      3362
      3354
      3344
      3334
      3324
      3314
      3304
      3294
      3284
      3274
      3264
      3254
      3244
      3234
      3224
      3214
      3204
      3194
      3184
      3174
      3164
      3156
      3146
      3134
      3126
      3118
      3106
      3096
      3086
      3078
      3070
      3062
      3052
      3042
      3032
      3022
      3014
      3006
      2998
      2990
      2982
      2974
      2966
      2958
      2950
      2942
      2934
      2926
      2918
      2910
      2902
      2894
      2886
      2878
      2870
      2862
      2854
      2848
      2842
      2834
      2826
      2816
      2806
      2798
      2790
      2782
      2774
      2766
      2758
      2750
      2742
      2734
      2726
      2718
      2710
      2702
      2694
      2686
      2678
      2670
      2662
      2654
      2646
      2638
      2630
      2622
      2614
      2606
      2598
      2590
      2582
      2574
      2566
      2558
      2550
      2542
      2534
      2526
      2518
      2510
      2502
      2494
      2486
      2478
      2470
      2462
      2454
      2446
      2438
      2430
      2422
      2414
      2406
      2398
      2390
      2382
      2376
      2368
      2360
      2354
      2346
      2336
      2330
      2324
      2318
      2312
      2306
      2300
      2294
      2290
      2282
      2276
      2272
      2264
      2258
      2252
      2246
      2240
      2234
      2228
      2222
      2216
      2210
      2204
      2198
      2192
      2186
      2180
      2174
      2168
      2162
      2156
      2152
      2148
      2142
      2136
      2128
      2120
      2114
      2108
      2102
      2096
      2092
      2086
      2078
      2074
      2068
      2062
      2056
      2048
      2042
      2036
      2030
      2024
      2018
      2012
      2006
      2000
      1994
      1990
      1984
      1978
      1974
      1968
      1962
      1958
      1952
      1946
      1940
      1934
      1928
      1922
      1916
      1910
      1904
      1898
      1892
      1886
      1880
      1874
      1868
      1862
      1856
      1850
      1846
      1842
      1838
      1834
      1830
      1826
      1822
      1818
      1814
      1810
      1806
      1802
      1798
      1794
      1790
      1786
      1782
      1778
      1774
      1770
      1766
      1762
      1758
      1754
      1750
      1746
      1742
      1738
      1734
      1730
      1726
      1722
      1718
      1714
      1710
      1706
      1702
      1698
      1694
      1690
      1686
      1682
      1678
      1674
      1670
      1666
      1662
      1658
      1654
      1650
      1646
      1642
      1638
      1636
      1632
      1626
      1622
      1618
      1614
      1610
      1606
      1602
      1598
      1594
      1590
      1586
      1584
      1578
      1574
      1570
      1566
      1562
      1558
      1556
      1552
      1548
      1546
      1542
      1538
      1534
      1530
      1526
      1522
      1518
      1514
      1510
      1508
      1502
      1500
      1498
      1492
      1488
      1486
      1480
      1476
      1472
      1468
      1464
      1460
      1456
      1452
      1448
      1444
      1440
      1436
      1432
      1428
      1424
      1420
      1416
      1412
      1408
      1404
      1400
      1396
      1392
      1388
      1384
      1380
      1376
      1372
      1368
      1364
      1360
      1356
      1354
      1350
      1346
      1342
      1336
      1332
      1328
      1324
      1320
      1316
      1314
      1308
      1304
      1302
      1296
      1292
      1288
      1284
      1280
      1276
      1272
      1268
      1264
      1260
      1256
      1252
      1248
      1244
      1240
      1236
      1232
      1228
      1224
      1220
      1216
      1212
      1208
      1204
      1200
      1196
      1192
      1188
      1184
      1180
      1176
      1172
      1170
      1166
      1162
      1158
      1152
      1148
      1144
      1140
      1136
      1132
      1128
      1124
      1120
      1116
      1112
      1108
      1104
      1100
      1096
      1092
      1088
      1084
      1080
      1076
      1072
      1068
      1064
      1060
      1056
      1052
      1048
      1044
      1040
      1036
      1032
      1028
      1024
      1020
      1016
      1012
      1008
      1004
      1000
       996
       992
       988
       984
       980
       976
       972
       968
       964
       960
       956
       952
       948
       944
       940
       936
       934
       928
       924
       920
       916
       912
       908
       904
       900
       896
       892
       888
       884
       880
       876
       872
       868
       864
       860
       856
       854
       848
       846
       842
       838
       834
       830
       826
       822
       818
       814
       810
       806
       802
       798
       794
       790
       786
       782
       778
       774
       770
       766
       762
       758
       754
       752
       746
       742
       738
       736
       732
       726
       724
       720
       714
       710
       706
       702
       698
       694
       690
       686
       682
       678
       674
       672
       666
       664
       660
       656
       652
       648
       644
       640
       636
       632
       628
       624
       620
       616
       612
       608
       604
       600
       596
       594
       592
       588
       584
       578
       572
       568
       564
       560
       556
       552
       548
       544
       540
       536
       532
       528
       524
       520
       518
       514
       508
       506
       504
       498
       494
       492
       488
       484
       480
       476
       472
       468
       464
       460
       456
       452
       448
       444
       440
       436
       432
       428
       424
       420
       416
       412
       408
       404
       400
       396
       392
       388
       384
       380
       378
       376
       372
       368
       364
       360
       358
       356
       352
       348
       344
       340
       336
       332
       328
       324
       320
       316
       312
       308
       304
       300
       296
       292
       288
       284
       280
       276
       272
       268
       264
       260
       256
       252
       248
       244
       240
       236
       232
       228
       224
       220
       216
       212
       208
       204
       200
       196
       192
       188
       186
       182
       176
       172
       168
       164
       160
       156
       152
       148
       144
       140
       136
       132
       128
       124
       120
       116
       112
       110
       110
       108
       106
       106
       104
       102
       100
        98
        96
        94
        92
        90
        88
        86
        84
        82
        80
        78
        76
        74
        72
        70
        68
        66
        64
        62
        60
        58
        56
        54
        52
        50
        48
        46
        44
        44
        42
        38
        36
        36
        34
        32
        30
        28
        26
        24
        22
        20
        18
        16
        14
        12
        10
         8
         6
         6
         4
         2
         2
         2
         0
         0
         0
         0
         0
         0
         0
   7669058
  16942002
   1736240
   9591050
   1940800
    115240
  20067588
  16866144
  16146036
  15044184
  14410836
  12935916
  12129048
   9404784
  10983816
  11027196
  11218068
   8216172
   7522092
   6628464
   6255396
   6533028
   6385536
   4676364
   5118840
   2828376
   2871756
  17985888
  17217972
  16042968
  15367572
  13794732
  12934296
  10029168
  11713032
  11759292
  11962836
   8761644
   8021484
   7068528
   6670692
   6966756
   6809472
   4986828
   5458680
   3016152
   3062412
  14471136
  13483584
  12915936
  11594016
  10870848
   8429184
   9844416
   9883296
  10054368
   7363872
   6741792
   5940864
   5606496
   5855328
   5723136
   4191264
   4587840
   2534976
   2573856
  12907896
  12364484
  11099004
  10406712
   8069296
   9424104
   9461324
   9625092
   7049468
   6453948
   5687216
   5367124
   5605332
   5478784
   4012316
   4391960
   2426744
   2463964
  11520696
  10341576
   9696528
   7518624
   8780976
   8815656
   8968248
   6568392
   6013512
   5299104
   5000856
   5222808
   5104896
   3738504
   4092240
   2261136
   2295816
   9906204
   9288312
   7202096
   8411304
   8444524
   8590692
   6291868
   5760348
   5076016
   4790324
   5002932
   4889984
   3581116
   3919960
   2165944
   2199164
   8337672
   6464976
   7550424
   7580244
   7711452
   5647908
   5170788
   4556496
   4300044
   4490892
   4389504
   3214596
   3518760
   1944264
   1974084
   6061728
   7079472
   7107432
   7230456
   5295624
   4848264
   4272288
   4031832
   4210776
   4115712
   3014088
   3299280
   1822992
   1850952
   5489376
   5511056
   5606448
   4106192
   3759312
   3312704
   3126256
   3265008
   3191296
   2337104
   2558240
   1413536
   1435216
   6436344
   6547752
   4795608
   4390488
   3868896
   3651144
   3813192
   3727104
   2729496
   2987760
   1650864
   1676184
   6573612
   4814548
   4407828
   3884176
   3665564
   3828252
   3741824
   2740276
   2999560
   1657384
   1682804
   4897884
   4484124
   3951408
   3729012
   3894516
   3806592
   2787708
   3051480
   1686072
   1711932
   3284196
   2894032
   2731148
   2852364
   2787968
   2041732
   2234920
   1234888
   1253828
   2649552
   2500428
   2611404
   2552448
   1869252
   2046120
   1130568
   1147908
   2203376
   2301168
   2249216
   1647184
   1803040
    996256
   1011536
   2171652
   2122624
   1554476
   1701560
    940184
    954604
   2216832
   1623468
   1777080
    981912
    996972
   1586816
   1736960
    959744
    974464
   1272040
    702856
    713636
    769360
    781160
    431624
