0.9206410000
0.4856089762
0.3416919503
0.2577279777
0.2020482826
0.1631915552
0.1345905061
0.1131050520
0.0963074864
0.0833687127
0.0730334819
0.0642728980
0.0573793740
0.0514927619
0.0466334267
0.0424220988
0.0389460307
0.0359283100
0.0331312968
0.0309182888
0.0288531820
0.0270981724
0.0255235794
0.0241152051
0.0230241637
0.0218859161
0.0209158984
0.0200487452
0.0191957359
0.0183543375
0.0176666977
0.0169764818
0.0163517646
0.0157442533
0.0151526560
0.0146892966
0.0142848839
0.0138841088
0.0134098798
0.0130681054
0.0127185701
0.0123869422
0.0120370757
0.0118159545
0.0115899543
0.0113509508
0.0111145738
0.0109246764
0.0107173608
0.0106181448
0.0104305501
0.0101745891
0.0100680547
0.0099255686
0.0097507217
0.0095805272
0.0095349724
0.0093902556
0.0092338486
0.0090861958
0.0089736599
0.0088556009
0.0087871806
0.0086020290
0.0085333315
0.0084423226
0.0083039060
0.0082809037
0.0081979041
0.0081437571
0.0079825361
0.0079418566
0.0079365964
0.0078643693
0.0078232904
0.0077445437
0.0077369878
0.0075954120
0.0075939188
0.0074902520
0.0074284341
0.0074132395
0.0073746577
0.0073317799
0.0072127387
0.0072494135
0.0072143614
0.0071669644
0.0071202367
0.0070678852
0.0070174334
0.0069954709
0.0069783874
0.0068956901
0.0069177496
0.0068793046
0.0067825425
0.0067826936
0.0067364623
0.0067453891
0.0066321839
0.0066105021
0.0066080554
0.0065319208
0.0065607484
0.0065049283
0.0064743234
0.0064800406
0.0064435169
0.0063932379
0.0064175607
0.0063924715
0.0063211512
0.0062704440
0.0062370253
0.0062222985
0.0062461572
0.0062450418
0.0061829792
0.0061411556
0.0060739441
0.0061047686
0.0060901174
0.0060037607
0.0059688705
0.0059674853
0.0059342070
0.0059324007
0.0058986475
0.0059027385
0.0059085961
0.0058845432
0.0058003527
0.0058103695
0.0057162844
0.0057934084
0.0057308601
0.0057760191
0.0056954913
0.0056881405
0.0056512246
0.0056298990
0.0055990745
0.0055746763
0.0055339644
0.0054982250
0.0055111564
0.0055102533
0.0054943032
0.0054551997
0.0054328199
0.0054185429
0.0054133508
0.0054181759
0.0053695195
0.0053862072
0.0053372559
0.0053081765
0.0053551381
0.0053239971
0.0052671876
0.0052065534
0.0051918375
0.0052080466
0.0051791867
0.0051245289
0.0050909771
0.0051017281
0.0050470342
0.0050146266
0.0049903327
0.0049646823
0.0049459940
0.0048964310
0.0048868171
0.0048989964
0.0048808767
0.0048518261
0.0048322600
0.0048519412
0.0048431799
0.0048281545
0.0048003345
0.0047752418
0.0047583850
0.0048228690
0.0047592269
0.0047754972
0.0047097934
0.0046651920
0.0046218285
0.0046463959
0.0046367568
0.0045816887
0.0045795443
0.0045323487
0.0045237278
0.0045231018
0.0044765108
0.0044731646
0.0044742512
0.0044194350
0.0044294592
0.0043895281
0.0043991709
0.0043855379
0.0043504605
0.0043686415
0.0043066976
0.0043337981
0.0042768518
0.0042885022
0.0043151242
0.0042976305
0.0042299441
0.0042918593
0.0042664535
0.0042452394
0.0042202079
0.0042434692
0.0042873833
0.0042596172
0.0042280696
0.0042228812
0.0042027357
0.0041573896
0.0041358661
0.0041743040
0.0040669456
0.0040768187
0.0040490058
0.0040717130
0.0040171776
0.0039673663
0.0040213548
0.0039879578
0.0039396973
0.0040005223
0.0039275288
0.0039231787
0.0039323573
0.0038952039
0.0038723743
0.0038911849
0.0038621235
0.0038287697
0.0038177021
0.0038437160
0.0038191665
0.0038020146
0.0037963765
0.0037987765
0.0037834200
0.0037935701
0.0037886624
0.0037473244
0.0037281181
0.0037805559
0.0037958584
0.0036939223
0.0037159747
0.0036893960
0.0037090664
0.0036835491
0.0036643644
0.0036816242
0.0036144307
0.0036125598
0.0035849492
0.0036095410
0.0036114048
0.0036076772
0.0035788587
0.0035663559
0.0035661472
0.0035834236
0.0035713223
0.0035035730
0.0035181332
0.0034851384
0.0035256959
0.0034826669
0.0034619932
0.0034837200
0.0034574694
0.0034653102
0.0034336360
0.0034312332
0.0034294176
0.0033538933
0.0033444938
0.0033232754
0.0033459438
0.0033144387
0.0033077283
0.0033311876
0.0032900961
0.0032864801
0.0032707678
0.0032619432
0.0032778717
0.0032737725
0.0033038007
0.0032855802
0.0032891775
0.0032454185
0.0032045238
0.0032237122
0.0031948642
0.0032144250
0.0031542599
0.0031396569
0.0031551742
0.0031152788
0.0030743424
0.0030919092
0.0031343344
0.0030589928
0.0030674216
0.0030937524
0.0030608991
0.0030247794
0.0030509605
0.0030118735
0.0029685676
0.0029943176
0.0030048393
0.0029939467
0.0029616600
0.0029727791
0.0029510307
0.0029898935
0.0029481667
0.0029497232
0.0028996280
0.0029287200
0.0029358764
0.0029666767
0.0028849325
0.0029332125
0.0028888141
0.0029115400
0.0028739855
0.0028449194
0.0028176178
0.0028048526
0.0028090811
0.0027811830
0.0027745539
0.0027636530
0.0027751052
0.0027684006
0.0027957838
0.0027430599
0.0027364618
0.0027073188
0.0027494698
0.0027361762
0.0027245156
0.0027110776
0.0026687409
0.0027016353
0.0026825938
0.0026926114
0.0026530728
0.0026493719
0.0026328360
0.0026180514
0.0025889223
0.0025762932
0.0026123301
0.0025546664
0.0025562089
0.0025378586
0.0025442908
0.0025330325
0.0025226478
0.0025320668
0.0025255385
0.0025358714
0.0025306776
0.0025349099
0.0025506806
0.0025378413
0.0024935944
0.0025062181
0.0024881710
0.0024878612
0.0024926783
0.0024525144
0.0024429480
0.0024516711
0.0024307190
0.0024144289
0.0024240579
0.0024011887
0.0024283194
0.0024548938
0.0024278657
0.0023969927
0.0023851245
0.0024166686
0.0023812628
0.0023780731
0.0023456295
0.0023666314
0.0023457389
0.0023783405
0.0023286525
0.0023639551
0.0023781386
0.0023254885
0.0023494461
0.0023421823
0.0023341101
0.0023123714
0.0022825998
0.0022829427
0.0023125726
0.0023193700
0.0022860849
0.0023046098
0.0022876579
0.0022816423
0.0022533715
0.0022559365
0.0022746988
0.0022510349
0.0022529145
0.0022305891
0.0022381600
0.0022266161
0.0021914714
0.0022180301
0.0022088871
0.0022039743
0.0022145673
0.0021916726
0.0021438845
0.0021822634
0.0022070151
0.0021919029
0.0021401792
0.0021793162
0.0021649161
0.0022089713
0.0021600401
0.0021854228
0.0021608165
0.0021664065
0.0021498540
0.0021479280
0.0021412709
0.0021334919
0.0021559938
0.0021375055
0.0021078202
0.0020927884
0.0020847882
0.0020703780
0.0020639972
0.0020643667
0.0020644329
0.0020742599
0.0020772203
0.0020581425
0.0020351567
0.0020431170
0.0020036504
0.0020459983
0.0020157884
0.0020152505
0.0019646566
0.0019530875
0.0019651579
0.0019607273
0.0019700447
0.0019776316
0.0019304868
0.0018985365
0.0019302418
0.0019190382
0.0019016561
0.0018973172
0.0019264883
0.0018997483
0.0018859085
0.0018798602
0.0018589312
0.0018649543
0.0019104410
0.0018464524
0.0018582878
0.0018455187
0.0018700170
0.0018607776
0.0018730531
0.0018494248
0.0018149624
0.0018732678
0.0018343540
0.0018470881
0.0018589560
0.0018303976
0.0018219274
0.0018225549
0.0018143082
0.0017718207
0.0018542911
0.0017769824
0.0017794007
0.0017989165
0.0017882793
0.0017712080
0.0017461818
0.0017627619
0.0017664161
0.0017476466
0.0017545461
0.0017556468
0.0017558641
0.0017284913
0.0017569954
0.0017175742
0.0017534491
0.0017545562
0.0017332483
0.0017503437
0.0017358735
0.0017184402
0.0017448286
0.0017040517
0.0017351678
0.0016931143
0.0016796313
0.0017095336
0.0017028679
0.0016846340
0.0016821230
0.0016839199
0.0016571911
0.0016777478
0.0016779435
0.0016641166
0.0016962425
0.0017199844
0.0016585699
0.0016494254
0.0016421688
0.0016472284
0.0016667557
0.0016507293
0.0016284668
0.0016230029
0.0016638169
0.0016352769
0.0016136814
0.0016032730
0.0016156657
0.0016414949
0.0016199110
0.0016389439
0.0016088885
0.0015891262
0.0016161446
0.0016272100
0.0015861754
0.0015944754
0.0016062907
0.0016064638
0.0015920000
0.0016160449
0.0015922608
0.0015967419
0.0015982681
0.0015972002
0.0015721862
0.0015624845
0.0016013247
0.0015825497
0.0015821535
0.0015560987
0.0015337973
0.0015909310
0.0015414187
0.0015673627
0.0015681928
0.0015754392
0.0015625388
0.0015850378
0.0015360850
0.0015026977
0.0015187762
0.0015187180
0.0015147226
0.0015083297
0.0015277777
0.0015143200
0.0015210721
0.0015262411
0.0014822302
0.0015080576
0.0014899933
0.0015005057
0.0015157135
0.0015018528
0.0014878133
0.0014969833
0.0014636874
0.0014864363
0.0014795658
0.0014977906
0.0014748103
0.0014732023
0.0014550624
0.0014779895
0.0014883260
0.0014323585
0.0014407530
0.0014536459
0.0014336340
0.0014669248
0.0014497798
0.0014376281
0.0014135821
0.0013982994
0.0014474580
0.0014165137
0.0014310617
0.0014373159
0.0014409084
0.0014150828
0.0014043071
0.0014469888
0.0014400741
0.0014272193
0.0014297473
0.0014104172
0.0014160593
0.0014645814
0.0013965911
0.0014158787
0.0013855295
0.0014403529
0.0014145788
0.0014146525
0.0013330363
0.0013848068
0.0013581690
0.0013580176
0.0013776524
0.0013784072
0.0013766612
0.0013758339
0.0013701954
0.0013818685
0.0013788516
0.0013829915
0.0013825551
0.0013544025
0.0013640791
0.0013602401
0.0013523747
0.0013607420
0.0013430788
0.0013377450
0.0013492264
0.0013426456
0.0013292094
0.0013543234
0.0013378609
0.0013544166
0.0013535170
0.0013399866
0.0013345820
0.0013226772
0.0013359742
0.0012959297
0.0013484262
0.0013502450
0.0012957027
0.0013268815
0.0012981548
0.0013199045
0.0013377083
0.0013197124
0.0013083476
0.0012917222
0.0012999893
0.0013192760
0.0013047496
0.0012851482
0.0013120119
0.0013031927
0.0013334922
0.0012958160
0.0012957699
0.0013251951
0.0013011875
0.0013116538
0.0012915710
0.0013025893
0.0013051601
0.0012980575
0.0012796015
0.0012768082
0.0012793651
0.0012771130
0.0012772609
0.0012647875
0.0012963445
0.0012873833
0.0012637539
0.0012827475
0.0012546259
0.0012541917
0.0012785616
0.0012824831
0.0012636553
0.0012756871
0.0012457708
0.0012820172
0.0012631904
0.0012675767
0.0012544972
0.0012978284
0.0012575522
0.0012649956
0.0012403335
0.0012759872
0.0012320633
0.0012663311
0.0012578570
0.0012358575
0.0012403849
0.0012560778
0.0012636139
0.0012739151
0.0012372496
0.0012396376
0.0012221918
0.0012606343
0.0012428208
0.0012203417
0.0012101452
0.0012632545
0.0012255430
0.0012055793
0.0011927483
0.0011975578
0.0011633703
0.0011794550
0.0011998994
0.0011937475
0.0012001020
0.0012034269
0.0012010105
0.0012108148
0.0011722297
0.0012183710
0.0011501971
0.0011943452
0.0012030329
0.0011711197
0.0011724305
0.0011802940
0.0011757803
0.0011591713
0.0011609510
0.0011754612
0.0011862708
0.0011571802
0.0011705181
0.0011837877
0.0011558853
0.0011540291
0.0011763272
0.0011373485
0.0011596722
0.0011145582
0.0011419335
0.0011100106
0.0011276428
0.0011100131
0.0011144376
0.0011346558
0.0011117139
0.0010852694
0.0011179907
0.0011588997
0.0010921226
0.0011131434
0.0010994834
0.0010477300
0.0011051414
0.0010864013
0.0010962740
0.0010867759
0.0010900667
0.0010804243
0.0011188776
0.0010802022
0.0011178669
0.0010737970
0.0010883558
0.0010872566
0.0011013691
0.0011022075
0.0010787026
0.0011029534
0.0010803721
0.0011079950
0.0010682485
0.0010822485
0.0010515813
0.0010833139
0.0010715903
0.0010763855
0.0010586022
0.0010950712
0.0010820046
0.0011218748
0.0010734995
0.0010839489
0.0010928613
0.0010694146
0.0010928148
0.0010779711
0.0010797039
0.0010832772
0.0010604440
0.0010410067
0.0010410081
0.0010750240
0.0010440250
0.0010790427
0.0010932395
0.0010930422
0.0010668309
0.0010846729
0.0010668996
0.0010653352
0.0010811094
0.0011072243
0.0011065086
0.0010724672
0.0010743487
0.0010748927
0.0010524185
0.0010342290
0.0010799260
0.0010634199
0.0010517720
0.0010480369
0.0010526593
0.0010548911
0.0010528924
0.0010464448
0.0010651150
0.0010155520
0.0010350523
0.0010237036
0.0010642676
0.0010238224
0.0010234137
0.0010382089
0.0010766449
0.0010113232
0.0010250623
0.0010034395
0.0009839187
0.0010434926
0.0010066248
0.0010016261
0.0010162273
0.0010055411
0.0010237047
0.0009971681
0.0010199566
0.0010232942
0.0010181666
0.0010130228
0.0010101703
0.0010012746
0.0009711201
0.0010194436
0.0009986818
0.0010139454
0.0010190233
0.0010317468
0.0010277465
0.0010459903
0.0010308558
0.0010053795
0.0009938719
0.0010114797
0.0010041433
0.0010189327
0.0010240872
0.0010122410
0.0010098922
0.0009730105
0.0010181418
0.0009653042
0.0010028660
0.0010089704
0.0009973520
0.0009916440
0.0009825381
0.0009924439
0.0009964114
0.0009823672
0.0009945329
0.0009855008
0.0009868371
0.0010081511
0.0009930466
0.0009847970
0.0010005794
0.0010002869
0.0009933772
0.0009703695
0.0009798723
0.0009793740
0.0010021960
0.0009808139
0.0009793060
0.0009788688
0.0009930947
0.0009840845
0.0010043081
0.0009868659
0.0009647159
0.0009895334
0.0009805271
0.0009962974
0.0009633037
0.0009777664
0.0009891844
0.0009774152
0.0009683344
0.0009901199
0.0009885972
0.0009607210
0.0009755341
0.0009539499
0.0009914063
0.0009699043
0.0009639607
0.0009958357
0.0009775044
0.0009714810
0.0009716865
0.0009669838
0.0009669453
0.0009749024
0.0009891016
0.0009612312
0.0009461403
0.0009903081
0.0009422588
0.0009974700
0.0009841446
0.0010016869
0.0009505156
0.0009975902
0.0009747459
0.0009654384
0.0009850484
0.0009548108
0.0009662022
0.0009564596
0.0009787238
0.0009662224
0.0009322321
0.0009859563
0.0009556190
0.0009606768
0.0009452574
0.0009621102
0.0009747023
0.0009765704
0.0010004888
0.0009198278
0.0009561162
0.0009565761
0.0009620052
0.0009453519
0.0009679200
0.0009818013
0.0009613996
0.0009671828
0.0009856576
0.0009442143
0.0009615539
0.0009879920
0.0009783302
0.0009573730
0.0009542946
0.0009665772
0.0009808240
0.0009604217
0.0010017020
0.0009607966
0.0009411505
0.0009560241
0.0009471837
0.0009217039
0.0009422361
0.0009381210
0.0009528801
0.0009204050
0.0009521048
0.0009543421
0.0009417924
0.0009519216
0.0009488939
0.0009586529
0.0009785630
0.0009280116
0.0009807596
0.0009679167
0.0009492566
0.0009551840
0.0009646652
0.0009128843
0.0009507922
0.0009478425
0.0009248529
0.0009154786
0.0009657148
0.0009498456
0.0009133668
0.0009363364
0.0009430147
0.0009308771
0.0009349813
0.0009056901
0.0009509206
0.0008936661
0.0009322025
0.0009226713
0.0009521271
0.0009373265
0.0009643543
0.0009514611
0.0009543619
0.0009387978
0.0009707995
0.0009379419
0.0009553689
0.0009366048
0.0009600251
0.0009257045
0.0009622196
0.0009600791
0.0009584150
0.0009532519
0.0009391917
0.0009356045
0.0009386744
0.0009399959
0.0009346352
0.0009132726
0.0009123177
0.0009183318
0.0009472330
0.0009503497
0.0009263748
0.0009531396
0.0009714360
0.0009329262
0.0009082187
0.0009205927
0.0009153418
0.0009213120
0.0009174823
0.0009402187
0.0009486298
0.0009414913
0.0009321658
0.0009123324
0.0009240545
0.0009476450
0.0009676796
0.0009249953
0.0009261165
0.0009124126
0.0009526312
0.0008842353
0.0009198671
0.0009270948
0.0009225775
0.0009326833
0.0009249759
0.0009213088
0.0009274863
0.0009446615
0.0009149884
0.0009342804
0.0009657482
0.0009278076
0.0009841633
0.0009736290
0.0009446835
0.0009473118
0.0009302410
0.0009382487
0.0009450095
0.0009124544
0.0009256002
0.0009503713
0.0009247226
0.0009813932
0.0009333975
0.0009419641
0.0009586568
0.0008990751
0.0009200779
0.0009348086
0.0009338062
0.0009379080
0.0008991859
0.0009230247
0.0009244431
0.0009241872
0.0009475399
0.0009306519
0.0009023719
0.0009115005
0.0009415640
0.0009131693
0.0009538146
0.0009218499
0.0009143286
0.0009372179
0.0009130358
0.0009315934
0.0009618393
0.0009359985
0.0009667510
0.0009246622
0.0009555017
0.0009306569
0.0009246046
0.0009234432
0.0009091536
0.0009424717
0.0009018308
0.0009353991
0.0009290410
0.0009248147
0.0009111792
0.0009192385
0.0009122546
0.0009041825
0.0009365552
0.0009363537
0.0009266547
0.0009083749
0.0009165306
0.0009394195
0.0009267922
0.0009141192
0.0008804566
0.0009869615
0.0009516604
0.0009372891
0.0009476846
0.0009655773
0.0009553041
0.0009129663
0.0009540697
0.0009616680
0.0009241333
0.0009358938
0.0009623876
0.0009439880
0.0009748077
0.0009403248
0.0009441913
0.0009400233
0.0009591825
0.0009255297
0.0009336562
0.0009395189
0.0009477008
0.0009280756
0.0009331029
0.0008993496
0.0009126861
0.0009325466
0.0009216254
0.0009255498
0.0009128415
0.0009526769
0.0009182026
0.0009394332
0.0009214171
0.0009164680
0.0009350123
0.0009057591
0.0009042764
0.0009291119
0.0009378199
0.0009076351
0.0009407065
0.0009246240
0.0008826925
0.0009461889
0.0009188729
0.0009339311
0.0009047035
0.0009206874
0.0009281890
0.0009177053
0.0009265817
0.0009142497
0.0009430730
0.0009545917
0.0009381566
0.0008788785
0.0009333770
0.0009120777
0.0008943681
0.0009091348
0.0009077604
0.0008993133
0.0009544331
0.0009054105
0.0008915264
0.0008823855
0.0008930203
0.0008779279
0.0008618465
0.0008844854
0.0008856763
0.0009087434
0.0009243737
0.0009261165
0.0009569164
0.0009283257
0.0008761534
0.0008820829
0.0008725302
0.0009051259
0.0009216355
0.0008821480
0.0008616619
0.0008906398
0.0008659385
0.0008801191
0.0009266573
0.0008443974
0.0009321871
0.0008918084
0.0008991999
0.0009270567
0.0009254545
0.0008738431
0.0009572882
0.0009287658
0.0009469945
0.0008687723
0.0009031956
0.0009496552
0.0009609513
0.0009117409
0.0009397279
0.0009690048
0.0009177119
0.0009198671
0.0009076805
0.0009336131
0.0009604630
0.0009440632
0.0009131449
0.0009327092
0.0009290259
0.0009207544
0.0009309696
0.0009435897
0.0008926691
0.0009078215
0.0009095015
0.0009005747
0.0009519113
0.0009435519
0.0009705501
0.0009338584
0.0009344388
0.0009438819
0.0009094871
0.0009335771
0.0008841191
0.0009692628
0.0008961340
0.0008879938
0.0009403669
0.0009077316
0.0009263547
0.0009396002
0.0008785180
0.0008693380
0.0008617259
0.0009285300
0.0008710100
0.0009285041
0.0008641237
0.0008640197
0.0009195490
0.0009164518
0.0009286287
0.0009167849
0.0008608775
0.0009341451
0.0008914274
0.0009837388
0.0009094410
0.0009269423
0.0009457639
0.0009163643
0.0009424625
0.0009359985
0.0009420015
0.0009784709
0.0009391544
0.0009000203
0.0009703523
0.0009202013
0.0009393901
0.0009605649
0.0009406109
0.0009171520
0.0009407023
0.0009846905
0.0009281307
0.0009799353
0.0008716450
0.0009287294
0.0009872052
0.0009323857
0.0009113195
0.0009652193
0.0009269185
0.0009456736
0.0008659936
0.0009415442
0.0009505494
0.0008982072
0.0009268998
0.0009484201
0.0009111151
0.0009244214
0.0009052716
0.0008945567
0.0008907071
0.0009131985
0.0009060118
0.0008958152
0.0009178479
0.0009028454
0.0008811871
0.0009117330
0.0008460497
0.0009200858
0.0009269289
0.0008948028
0.0008779398
0.0008741766
0.0008896863
0.0009005859
0.0009284300
0.0008816246
0.0009510311
0.0008848437
0.0009118330
0.0009220446
0.0008912950
0.0009225412
0.0009332101
0.0009875976
0.0008962218
0.0008969403
0.0009128502
0.0009235875
0.0009412365
0.0009038202
0.0009076920
0.0009442442
0.0009651772
0.0009515158
0.0009060290
0.0009122295
0.0008853701
0.0009294210
0.0009365544
0.0009360780
0.0009031189
0.0008917462
0.0009133251
0.0009477497
0.0009255106
0.0009252511
0.0008611316
0.0009111450
0.0009426027
0.0009188984
0.0008800652
0.0009241793
0.0008979618
0.0009411988
0.0008719383
0.0009041954
0.0008816703
0.0008843670
0.0009237875
0.0009277039
0.0008853151
0.0008493642
0.0008934571
0.0009136540
0.0008855051
0.0009283566
0.0008697362
0.0009138202
0.0008640758
0.0009062963
0.0008670938
0.0008774620
0.0008854155
0.0008618975
0.0009146359
0.0008755270
0.0009155829
0.0008842958
0.0008823406
0.0009019377
0.0009240641
0.0009201168
0.0009499431
0.0009387417
0.0009144430
0.0009499380
0.0009297051
0.0009229592
0.0009353070
0.0009102801
0.0009090229
0.0009571115
0.0009292123
0.0009175225
0.0009132204
0.0009248057
0.0009224181
0.0009214257
0.0008981086
0.0009334450
0.0009392623
0.0009408584
0.0009389194
0.0009296170
0.0009269423
0.0009249702
0.0009258423
0.0008827043
0.0008784993
0.0009540985
0.0009790052
0.0010209915
0.0009679826
0.0009807765
0.0009467574
0.0009378105
0.0009275615
0.0009626273
0.0009208036
0.0009924194
0.0009339904
0.0009236576
0.0009423138
0.0009447087
0.0009237904
0.0009373773
0.0009188801
0.0009202373
0.0009048819
0.0009227714
0.0009537847
0.0009589137
0.0009603417
0.0009106813
0.0009687180
0.0008875318
0.0009272981
0.0009537120
0.0009787192
0.0009646872
0.0009498506
0.0009935668
0.0008884569
0.0009367559
0.0009889941
0.0009505303
0.0009697773
0.0009570654
0.0009901473
0.0009246132
0.0009247838
0.0009264918
0.0009058858
0.0009330107
0.0010027245
0.0008915933
0.0009529604
0.0009772684
0.0009876581
0.0009310278
0.0009444946
0.0009556636
0.0008884587
0.0009584877
0.0008684809
0.0009064158
0.0009120899
0.0008660389
0.0009890397
0.0009098746
0.0008590688
0.0008990056
0.0009071264
0.0009043581
0.0009232539
0.0009177996
0.0009263241
0.0009163028
0.0009305320
0.0009164162
0.0009575580
0.0009222385
0.0009371222
0.0009618879
0.0008710970
0.0009292206
0.0009458773
0.0009007362
0.0009674983
0.0009443862
0.0008828925
0.0009290331
0.0009355823
0.0009079385
0.0009446799
0.0009619987
0.0009121443
0.0008867910
0.0009505742
0.0009740061
0.0009084070
0.0009224889
0.0009468750
0.0009684809
0.0009048308
0.0008511811
0.0009126444
0.0009324372
0.0009537408
0.0009577962
0.0009797939
0.0009295735
0.0009339239
0.0008936176
0.0009564181
0.0009094759
0.0008931926
0.0009449573
0.0009180371
0.0009265508
0.0009663074
0.0009615799
0.0009039699
0.0009215157
0.0009193407
0.0009032872
0.0009101024
0.0009027684
0.0009820315
0.0009535472
0.0009395401
0.0009175513
0.0009787321
0.0009480916
0.0009644044
0.0009239631
0.0009380865
0.0009463407
0.0009108525
0.0009041573
0.0008762642
0.0009419738
0.0009491551
0.0009500039
0.0009776379
0.0009423854
0.0009868334
0.0009564189
0.0009547998
0.0009871443
0.0009397030
0.0009466581
0.0009513585
0.0009574079
0.0009557697
0.0009724913
0.0009408433
0.0009721761
0.0009910000
0.0009894215
0.0009467574
0.0010313387
0.0009581089
0.0010007626
0.0010218975
0.0009807822
0.0009910576
0.0010182872
0.0010197303
0.0009542341
0.0010262320
0.0009905704
0.0010020205
0.0009167115
0.0010260982
0.0009434724
0.0010219669
0.0009368898
0.0009810439
0.0009718019
0.0009690703
0.0009365126
0.0009934520
0.0009442636
0.0009548998
0.0009572831
0.0009180436
0.0009422595
0.0009404446
0.0009826676
0.0009525582
0.0009180799
0.0008936154
0.0009738409
0.0008935499
0.0009766942
0.0009983986
0.0009271761
0.0009302384
0.0009773479
0.0009755705
0.0009586698
0.0010001304
0.0009115815
0.0009019970
0.0009392713
0.0009318971
0.0009442236
0.0009434205
0.0009933272
0.0009296425
0.0010828547
0.0008890458
0.0009783413
0.0009865553
0.0009757688
0.0009379645
0.0009495150
0.0009893633
0.0009852618
0.0010015782
0.0010566991
0.0010276288
0.0009880938
0.0010068947
0.0009889581
0.0009870846
0.0010071970
0.0009751801
0.0010396106
0.0010168444
0.0010384376
0.0009779704
0.0010819909
0.0010378339
0.0010549965
0.0010366339
0.0010765176
0.0010222839
0.0010431925
0.0010413999
0.0010227322
0.0010426161
0.0010383829
0.0009672896
0.0010676236
0.0010304237
0.0010966701
0.0010158412
0.0010343545
0.0010998677
0.0010308206
0.0010606746
0.0010794841
0.0010360503
0.0010186466
0.0010299743
0.0009835758
0.0011157682
0.0010037010
0.0010973778
0.0011103186
0.0010864327
0.0010726280
0.0010536379
0.0010063467
0.0009780913
0.0010373140
0.0010787562
0.0010932128
0.0010090474
0.0010585525
0.0010299901
0.0010994425
0.0010878974
0.0010276086
0.0010276856
0.0010079223
0.0010132524
0.0010997278
0.0010733318
0.0010601633
0.0010308385
0.0010363022
0.0010579682
0.0010311019
0.0010826824
0.0011562836
0.0011812385
0.0009768129
0.0010438800
0.0010440052
0.0011391771
0.0010036446
0.0011254825
0.0010792373
0.0011331518
0.0010782928
0.0011023284
0.0011321177
0.0010353034
0.0010997631
0.0010739576
0.0011181609
0.0011107540
0.0011010911
0.0010713475
0.0011375432
0.0011408214
0.0011599892
0.0010808751
0.0011515522
0.0011447256
0.0010991143
0.0011169768
0.0010409775
0.0010543561
0.0011209832
0.0010724636
0.0010794701
0.0011534868
0.0010703526
0.0010765574
0.0010527639
0.0011418015
0.0011482794
0.0011396412
0.0011218302
0.0010734156
0.0010736456
0.0011275705
0.0011018085
0.0011160208
0.0011969015
0.0011136460
0.0011186801
0.0011581298
0.0011915563
0.0011355448
0.0010870681
0.0010882417
0.0011345439
0.0011882663
0.0011402058
0.0010902973
0.0011925494
0.0012109130
0.0010951327
0.0012196163
0.0011219788
0.0011917527
0.0011842080
0.0010732292
0.0010833545
0.0010852877
0.0011875445
0.0010644936
0.0011639103
0.0011636855
0.0011768514
0.0011984811
0.0011377569
0.0012134017
0.0011456200
0.0009620868
0.0010923176
0.0010748311
0.0010965960
0.0011270581
0.0012144546
0.0011505390
0.0011260525
0.0012193784
0.0011845113
0.0011128203
0.0011439253
0.0011568524
0.0011065994
0.0011361453
0.0011075654
0.0011097256
0.0010798788
0.0011400586
0.0010717577
0.0011196994
0.0011319263
0.0010864715
0.0011946031
0.0011327286
0.0010905193
0.0010937104
0.0011170638
0.0011111684
0.0011052382
0.0011713263
0.0010673303
0.0010760847
0.0010904840
0.0011105784
0.0011551718
0.0012414150
0.0011678171
0.0011145884
0.0010838129
0.0012184880
0.0011611064
0.0011435994
0.0011509639
0.0011583737
0.0011426290
0.0011306652
0.0010777725
0.0011084645
0.0010845351
0.0011390068
0.0010224325
0.0011225066
0.0010665973
0.0010560749
0.0011831542
0.0010668532
0.0010963910
0.0011180613
0.0010549879
0.0010908579
0.0010557636
0.0011061571
0.0010770256
0.0011401464
0.0011212405
0.0010629180
0.0011017240
0.0011740968
0.0011132769
0.0011756961
0.0011828670
0.0011636739
0.0011020460
0.0011684742
0.0011235177
0.0011133683
0.0010819556
0.0011857059
0.0012447677
0.0012393617
0.0012014552
0.0012848956
0.0011576897
0.0012861466
0.0011790905
0.0012611583
0.0013095192
0.0012413834
0.0012999519
0.0012989823
0.0012379965
0.0012903408
0.0011843134
0.0013801919
0.0013322466
0.0013921712
0.0013688451
0.0013906913
0.0013195397
0.0012479984
0.0012582744
0.0013006662
0.0012744048
0.0012572087
0.0013553654
0.0013313525
0.0013059906
0.0012782104
0.0012724686
0.0013134364
0.0012644192
0.0012032585
0.0013011296
0.0011816908
0.0012586853
0.0013099217
0.0012837917
0.0012491947
0.0013765215
0.0012179115
0.0012745512
0.0012177364
0.0012067220
0.0013357481
0.0012369974
0.0012381908
0.0012393915
0.0012134687
0.0011725492
0.0011909327
0.0013238984
0.0012954221
0.0012667744
0.0012567779
0.0012454823
0.0013148777
0.0011607520
0.0012175593
0.0011907507
0.0012135795
0.0011508182
0.0011415399
0.0011991075
0.0011434605
0.0012195170
0.0012441024
0.0011281487
0.0011996465
0.0012453764
0.0012466833
0.0011424592
0.0012043250
0.0013435897
0.0013265807
0.0012346363
0.0012386146
0.0012237915
0.0012817278
0.0012060826
0.0012981350
0.0012792322
0.0012820222
0.0011156969
0.0012548329
0.0012986854
0.0012219126
0.0012961571
0.0012907475
0.0012714932
0.0012798562
0.0012715976
0.0012299114
0.0012298707
0.0012242402
0.0011821668
0.0011932492
0.0012916149
0.0012042829
0.0013059460
0.0011559213
0.0012664556
0.0012095763
0.0013663797
0.0011579365
0.0012637592
0.0012379455
0.0012033755
0.0012003866
0.0011655697
0.0012117614
0.0011419403
0.0011591674
0.0011735564
0.0012260521
0.0012318666
0.0011994896
0.0012966216
0.0012199369
0.0012998131
0.0012168354
0.0012762603
0.0013389515
0.0012016653
0.0011626010
0.0012134568
0.0012344493
0.0012887430
0.0012767399
0.0012282851
0.0012039155
0.0013348551
0.0012541010
0.0012602335
0.0012587436
0.0014711299
0.0013822082
0.0014196559
0.0013673721
0.0013023943
0.0014084775
0.0013526489
0.0012777499
0.0011679380
0.0013188179
0.0014276342
0.0012780514
0.0013320440
0.0013831319
0.0013420364
0.0012495962
0.0013617440
0.0014180339
0.0011804520
0.0013253934
0.0015079306
0.0013596866
0.0013047993
0.0012854220
0.0012953079
0.0013150598
0.0013447551
0.0013351444
0.0013815358
0.0015207397
0.0012910327
0.0013261022
0.0012579822
0.0012763239
0.0013818318
0.0012748369
0.0014478797
0.0012817278
0.0013629900
0.0013259982
0.0012990064
0.0013434735
0.0013266394
0.0012822837
0.0012858164
0.0013272909
0.0012860258
0.0013658648
0.0013835748
0.0013281768
0.0012445025
0.0013671889
0.0013745559
0.0012127440
0.0013363832
0.0013224526
0.0012622204
0.0012729584
0.0013302446
0.0013161360
0.0012228225
0.0011975013
0.0013565200
0.0012516263
0.0013316830
0.0011823140
0.0012919161
0.0013874804
0.0013437149
0.0012572155
0.0012905225
0.0013166101
0.0013688922
0.0012741540
0.0013416917
0.0013720463
0.0012216057
0.0013538892
0.0013390374
0.0013790664
0.0014159248
0.0013245626
0.0013534357
0.0014637017
0.0013252736
0.0013565200
0.0013490821
0.0013649980
0.0014044869
0.0014991676
0.0014251588
0.0014099222
0.0013668554
0.0014586476
0.0014353973
0.0015079979
0.0013964737
0.0014855206
0.0013247360
0.0016450887
0.0015691445
0.0013703509
0.0014771389
0.0014737874
0.0013839187
0.0015414017
0.0013060445
0.0013727979
0.0013481722
0.0013694477
0.0014959172
0.0014419440
0.0013410693
0.0015111815
0.0014694859
0.0014890647
0.0012801080
0.0014993162
0.0015001844
0.0013649980
0.0014001930
0.0014530890
0.0012874088
0.0013974063
0.0014552629
0.0016330191
0.0014833859
0.0012702839
0.0014224494
0.0013916527
0.0013200848
0.0012615633
0.0014068342
0.0014119687
0.0014582838
0.0014498802
0.0013769429
0.0014143981
0.0015310017
0.0014202964
0.0015004025
0.0014215920
0.0017848729
0.0016592704
0.0014852601
0.0015385626
0.0014201359
0.0014543979
0.0014744688
0.0013108817
0.0015199355
0.0015892478
0.0015416450
0.0014592736
0.0016919504
0.0014361885
0.0015015754
0.0014576621
0.0014735402
0.0014090302
0.0014804189
0.0015016564
0.0015689120
0.0016520632
0.0015047881
0.0015213200
0.0013878155
0.0015651978
0.0016552949
0.0014787207
0.0014691625
0.0013749131
0.0015188402
0.0013813314
0.0014323919
0.0014577912
0.0014965173
0.0014053544
0.0014986880
0.0015435768
0.0015503767
0.0014523164
0.0014587713
0.0015488551
0.0016061680
0.0015290789
0.0015642332
0.0014238527
0.0015386281
0.0015285114
0.0017138408
0.0015137757
0.0015498395
0.0014346148
0.0014905834
0.0016718466
0.0014456716
0.0014110382
0.0014058595
0.0013288039
0.0014133956
0.0014444144
0.0014878813
0.0015012595
0.0015883612
0.0012695687
0.0016165138
0.0016681471
0.0015639076
0.0016535189
0.0014028132
0.0015941351
0.0017810306
0.0015976946
0.0015737032
0.0016078108
0.0015836219
0.0014609114
0.0016596072
0.0015955840
0.0015400831
0.0014922446
0.0017559436
0.0014272499
0.0015396499
0.0016571781
0.0015883612
0.0016341194
0.0015807978
0.0014332752
0.0015257219
0.0017889154
0.0017493308
0.0016091669
0.0013810702
0.0017363455
0.0015427150
0.0016030006
0.0016198207
0.0016812797
0.0015377120
0.0018288982
0.0017968167
0.0018757793
0.0016360954
0.0017686353
0.0017564419
0.0019146309
0.0019343972
0.0018052804
0.0018088075
0.0017646855
0.0017679974
0.0017633006
0.0018801012
0.0017945071
0.0015764190
0.0017686861
0.0016473576
0.0015244007
0.0015631494
0.0015431328
0.0015706099
0.0014873405
0.0013905032
0.0016058161
0.0014413500
0.0013542108
0.0014708550
0.0015173503
0.0016368672
0.0015212826
0.0015324686
0.0016085312
0.0016019083
0.0015764190
0.0018152703
0.0014766392
0.0015071977
0.0013684615
0.0012042941
0.0014740137
0.0014206461
0.0015253311
0.0016639975
0.0015764190
0.0015219490
0.0013298340
0.0016502458
0.0013831980
0.0016884682
0.0017027771
0.0015146643
0.0016998596
0.0017580496
0.0017515763
0.0016566348
0.0017048546
0.0018663759
0.0017585429
0.0018319238
0.0020337751
0.0017845207
0.0021663367
0.0018898260
0.0018239974
0.0016478423
0.0015661152
0.0017546113
0.0019718373
0.0018026642
0.0016682424
0.0016468432
0.0017159975
0.0015501450
0.0018752989
0.0018188910
0.0018250297
0.0016413888
0.0016594262
0.0015669310
0.0016872380
0.0018088964
0.0015741795
0.0015205497
0.0016107886
0.0014682331
0.0015154264
0.0017291541
0.0017806806
0.0014791089
0.0016691977
0.0018483011
0.0019839972
0.0020583868
0.0017406290
0.0018636773
0.0014166465
0.0019489289
0.0016639975
0.0017928988
0.0023711966
0.0020076494
0.0017802330
0.0016950425
0.0017018158
0.0015551977
0.0020669972
0.0018224736
0.0017713522
0.0015344241
0.0017055977
0.0015018283
0.0016353081
0.0014231557
0.0017382834
0.0014068342
0.0012711094
0.0013421869
0.0012479984
0.0014927037
0.0011980785
0.0017319159
0.0015339977
0.0011683388
0.0011272243
0.0013165695
0.0009927260
0.0015092072
0.0013668554
0.0016437049
0.0013103981
0.0012799983
0.0013465243
0.0012817278
0.0013519980
0.0013193123
0.0018352917
0.0014370887
0.0016379977
0.0012479984
0.0017887974
0.0017213769
0.0014708550
0.0018152703
0.0019060338
0.0019413306
0.0018366765
0.0024959965
0.0030719958
0.0022023498
0.0024460765
0.0031072609
0.0019239974
0.0024428900
0.0019533887
0.0023850634
0.0028363597
0.0027281824
0.0019017115
0.0028612642
0.0021839970
0.0025599962
0.0022989443
0.0022261591
0.0018026642
0.0018541687
0.0018352917
0.0024959965
0.0016379977
0.0013687724
0.0019135973
0.0017213769
0.0015154264
0.0017564419
0.0013439981
0.0007987189
0.0016639975
0.0019533887
0.0010210893
0.0007941807
0.0009508559
0.0009195778
0.0011093317
0.0004159994
0.0008809399
0.0004679995
0.0006655992
0.0007131420
0.0007679988
0.0004159994
0.0006807265
0.0004991991
0.0011093317
0.0003119995
0.0003565710
0.0020799969
0.0000000000
0.0000000000
0.0024959965
0.0000000000
0.0012479984
0.0024959965
0.0024959965
0.0000000000
0.0000000000
0.0000000000
0.0000000000
0.0000000000
0.0000000000
0.0000000000
0.0000000000
0.0121156174
0.0035822365
0.0030502466
0.0116158422
0.0037848520
0.0787231011
0.0002656826
0.0002648256
0.0002473836
0.0002603665
0.0002700439
0.0002698013
0.0002664876
0.0002869270
0.0002818478
0.0002820713
0.0002867251
0.0002541896
0.0002767045
0.0002952224
0.0003097657
0.0003301365
0.0002596103
0.0003388911
0.0003017709
0.0002643992
0.0003190349
0.0002459767
0.0002287011
0.0002426740
0.0002509722
0.0002497702
0.0002473103
0.0002663969
0.0002622129
0.0002623085
0.0002673117
0.0002353134
0.0002564514
0.0002756218
0.0002893439
0.0003073175
0.0002417969
0.0003152752
0.0002801752
0.0002481289
0.0002980888
0.0002257893
0.0002401758
0.0002492391
0.0002488014
0.0002449481
0.0002640967
0.0002612070
0.0002612194
0.0002660476
0.0002337607
0.0002553133
0.0002750147
0.0002884193
0.0003093711
0.0002386112
0.0003189041
0.0002804340
0.0002469002
0.0002986907
0.0002222596
0.0002310741
0.0002306044
0.0002266951
0.0002471667
0.0002433761
0.0002440121
0.0002484168
0.0002169712
0.0002408172
0.0002619876
0.0002713825
0.0002970011
0.0002240216
0.0003078755
0.0002643200
0.0002390238
0.0002906845
0.0002455713
0.0002458867
0.0002425577
0.0002619543
0.0002588618
0.0002592551
0.0002640818
0.0002317969
0.0002551079
0.0002766729
0.0002882463
0.0003129234
0.0002415186
0.0003227827
0.0002830447
0.0002540178
0.0003057928
0.0002541344
0.0002512998
0.0002716407
0.0002674717
0.0002680802
0.0002729848
0.0002404204
0.0002632346
0.0002846745
0.0002990043
0.0003208618
0.0002469411
0.0003293536
0.0002890979
0.0002571266
0.0003081118
0.0002515015
0.0002723090
0.0002678672
0.0002678546
0.0002745901
0.0002419521
0.0002645305
0.0002842804
0.0002984264
0.0003207780
0.0002497666
0.0003327834
0.0002918820
0.0002616178
0.0003130332
0.0002702130
0.0002658758
0.0002672672
0.0002712732
0.0002385882
0.0002631753
0.0002866007
0.0003003034
0.0003260807
0.0002499834
0.0003373339
0.0002940366
0.0002661677
0.0003208147
0.0002876933
0.0002905336
0.0002947551
0.0002627495
0.0002879407
0.0003149290
0.0003273128
0.0003568953
0.0002742979
0.0003738167
0.0003220509
0.0002891220
0.0003568964
0.0002841879
0.0002889336
0.0002558137
0.0002807041
0.0003014695
0.0003183743
0.0003416365
0.0002678550
0.0003511262
0.0003133095
0.0002831610
0.0003387065
0.0002900554
0.0002564818
0.0002826373
0.0003054296
0.0003214634
0.0003460535
0.0002701726
0.0003605331
0.0003203898
0.0002871402
0.0003437193
0.0002630969
0.0002886292
0.0003113742
0.0003285120
0.0003555445
0.0002784878
0.0003714806
0.0003279964
0.0002957171
0.0003534804
0.0002612006
0.0002871675
0.0002894413
0.0003174656
0.0002500376
0.0003265735
0.0002872475
0.0002723531
0.0003227961
0.0003109313
0.0003200198
0.0003466041
0.0002789940
0.0003615409
0.0003222647
0.0003004112
0.0003528335
0.0003483739
0.0003756521
0.0003087259
0.0003869075
0.0003560460
0.0003278987
0.0003833703
0.0004044325
0.0003144901
0.0004330592
0.0003807980
0.0003460367
0.0004150197
0.0003519633
0.0004676144
0.0004176398
0.0003825369
0.0004468937
0.0003675598
0.0003230759
0.0003144806
0.0003694519
0.0004487629
0.0004250100
0.0004943684
0.0003775011
0.0004519287
0.0004518334
