0 0.000000
1 0.000000
2 0.851410
3 -2.237637
4 -0.706394
5 -0.069828
6 -0.242181
7 -0.172290
8 -0.100515
9 -0.107490
10 -0.087886
11 -0.051390
12 -0.058429
13 -0.046273
14 -0.037055
15 -0.046666
16 -0.037435
17 -0.025150
18 -0.032392
19 -0.027163
20 -0.033597
21 -0.003089
22 -0.025950
23 -0.007093
24 -0.024371
25 -0.014125
26 -0.014602
27 -0.016117
28 -0.035986
29 -0.017931
30 -0.015912
31 -0.017220
32 -0.013769
33 -0.030779
34 -0.012437
35 -0.012080
36 -0.014625
37 -0.017555
38 -0.017478
39 -0.012348
40 -0.014979
41 -0.013532
42 -0.012520
43 -0.008528
44 -0.012221
45 -0.014184
46 -0.013595
47 -0.013443
48 -0.015388
49 -0.014109
50 -0.018542
51 -0.018617
52 -0.014777
53 -0.017232
54 -0.019113
55 -0.018097
56 -0.016299
57 -0.021258
58 -0.021682
59 -0.019158
60 -0.017985
61 -0.017608
62 -0.018062
63 -0.020074
64 -0.015315
65 -0.016092
66 -0.015742
67 -0.010966
68 -0.012338
69 -0.029691
70 -0.009170
71 -0.020081
72 -0.021419
73 -0.024903
74 -0.004343
75 -0.025411
76 -0.021764
77 -0.025838
78 -0.017960
79 -0.021475
80 -0.017846
81 -0.016650
82 -0.019800
83 -0.021349
84 -0.021530
85 -0.016628
86 -0.023163
87 -0.022404
88 -0.021639
89 -0.022049
90 -0.020136
91 -0.018536
92 -0.022429
93 -0.023578
94 -0.018682
95 -0.024386
96 -0.024097
97 -0.020695
98 -0.023249
99 -0.021856
100 -0.026265
101 -0.019740
102 -0.020291
103 -0.023913
104 -0.020213
105 -0.025590
106 -0.022703
107 -0.023293
108 -0.025604
109 -0.023561
110 -0.021919
111 -0.026949
112 -0.025910
113 -0.023249
114 -0.020444
115 -0.021317
116 -0.022803
117 -0.026561
118 -0.032938
119 -0.025135
120 -0.024236
121 -0.021885
122 -0.025361
123 -0.027146
124 -0.021307
125 -0.021805
126 -0.022687
127 -0.022299
128 -0.024980
129 -0.022277
130 -0.025335
131 -0.027541
132 -0.027929
133 -0.022021
134 -0.025193
135 -0.017941
136 -0.027241
137 -0.002267
138 -0.010508
139 -0.005064
140 -0.006015
141 -0.004650
142 -0.003892
143 -0.003464
144 -0.004209
145 -0.001517
146 -0.000032
147 -0.004783
148 -0.007220
149 -0.007849
150 -0.005495
151 -0.005950
152 -0.008280
153 -0.010505
154 -0.017068
155 0.002937
156 -0.006641
157 -0.003316
158 -0.002608
159 -0.014651
160 -0.015419
161 -0.010025
162 -0.002213
163 -0.004893
164 -0.013290
165 -0.012490
166 -0.005992
167 -0.003735
168 -0.013175
169 -0.005842
170 -0.005222
171 -0.005194
172 -0.004867
173 -0.006168
174 0.002794
175 -0.000879
176 -0.008709
177 -0.008956
178 -0.005046
179 -0.000745
180 0.012289
181 0.007340
182 0.005973
183 -0.011893
184 -0.008209
185 -0.006997
186 -0.036362
187 -0.017772
188 -0.034784
189 -0.021793
190 -0.013896
191 -0.006271
192 -0.021884
193 -0.026599
194 -0.013932
195 -0.023466
196 -0.017104
197 -0.018472
198 -0.027122
199 -0.015905
200 -0.022260
201 -0.029855
202 -0.016494
203 -0.028430
204 -0.015679
205 -0.027301
206 -0.026588
207 -0.015114
208 -0.031853
209 -0.013136
210 -0.029227
211 -0.011389
212 -0.020320
213 -0.030060
214 -0.028398
215 -0.008096
216 -0.031714
217 -0.024737
218 -0.021650
219 -0.017380
220 -0.023151
221 -0.037994
222 -0.030134
223 -0.022734
224 -0.021798
225 -0.020366
226 -0.014027
227 -0.009336
228 -0.015705
229 -0.011801
230 -0.015638
231 -0.014134
232 -0.023790
233 -0.015854
234 -0.005025
235 -0.022377
236 -0.018328
237 -0.011328
238 -0.030001
239 0.005139
240 0.002926
241 -0.002227
242 0.003885
243 0.005743
244 -0.002810
245 0.001350
246 0.005692
247 0.005901
248 -0.003935
249 0.000289
250 0.003381
251 -0.000788
252 -0.000568
253 -0.000186
254 -0.006652
255 -0.003851
256 0.002753
257 0.004951
258 -0.007399
259 -0.014337
260 0.008009
261 -0.002813
262 0.000820
263 -0.003850
264 -0.001630
265 0.000562
266 -0.004145
267 0.007377
268 0.006118
269 0.009509
270 0.002653
271 -0.018372
272 -0.022029
273 -0.015684
274 -0.013376
275 -0.017144
276 -0.023264
277 -0.022059
278 -0.011850
279 -0.016118
280 -0.010039
281 -0.021076
282 -0.013542
283 -0.013550
284 -0.020414
285 -0.016359
286 -0.020663
287 -0.016780
288 -0.018178
289 -0.020871
290 -0.011157
291 -0.010380
292 -0.008547
293 -0.016241
294 -0.013240
295 -0.013085
296 -0.021118
297 -0.013629
298 -0.014529
299 -0.012009
300 -0.013727
301 -0.017957
302 -0.018611
303 -0.024992
304 -0.023608
305 -0.027262
306 -0.018908
307 -0.016472
308 -0.021871
309 -0.017483
310 -0.024375
311 -0.015297
312 -0.014062
313 -0.019677
314 -0.013706
315 -0.007279
316 -0.013353
317 -0.025294
318 -0.011890
319 -0.015559
320 -0.025579
321 -0.019148
322 -0.015755
323 -0.022198
324 -0.016762
325 -0.011175
326 -0.017264
327 -0.019842
328 -0.018693
329 -0.014609
330 -0.018056
331 -0.013523
332 -0.022588
333 -0.018511
334 -0.019320
335 -0.010279
336 -0.015864
337 -0.019382
338 -0.028186
339 -0.011315
340 -0.023111
341 -0.015323
342 -0.022925
343 -0.016956
344 -0.013387
345 -0.010028
346 -0.008355
347 -0.012144
348 -0.009334
349 -0.010915
350 -0.007819
351 -0.013612
352 -0.011405
353 -0.020812
354 -0.010544
355 -0.012090
356 -0.008280
357 -0.020653
358 -0.018228
359 -0.017651
360 -0.017162
361 -0.008630
362 -0.019281
363 -0.018706
364 -0.022132
365 -0.016176
366 -0.017201
367 -0.016372
368 -0.015096
369 -0.010570
370 -0.010859
371 -0.021057
372 -0.009979
373 -0.013288
374 -0.014252
375 -0.014995
376 0.006268
377 0.001762
378 -0.005640
379 -0.007076
380 -0.012312
381 -0.014048
382 -0.016307
383 -0.029497
384 -0.022331
385 -0.011017
386 -0.016603
387 -0.012835
388 -0.014721
389 -0.020822
390 -0.009580
391 -0.010165
392 -0.015744
393 -0.009668
394 -0.006649
395 -0.010224
396 -0.002487
397 -0.018541
398 -0.028442
399 -0.019456
400 -0.010823
401 -0.007852
402 -0.025323
403 -0.014079
404 -0.011268
405 -0.002070
406 -0.013441
407 -0.004753
408 -0.019358
409 0.003253
410 -0.017582
411 -0.018498
412 -0.002484
413 -0.009891
414 -0.004911
415 -0.021384
416 -0.014232
417 -0.006650
418 -0.005186
419 -0.018565
420 -0.019456
421 -0.014893
422 -0.020466
423 -0.018910
424 -0.015416
425 -0.012176
426 -0.022419
427 -0.020105
428 -0.018889
429 -0.021611
430 -0.013970
431 -0.021570
432 -0.023459
433 -0.016495
434 -0.025209
435 -0.027365
436 -0.030561
437 -0.016844
438 -0.008280
439 0.003368
440 -0.001657
441 -0.019631
442 -0.010044
443 0.014436
444 -0.021223
445 -0.012743
446 -0.026789
447 -0.016535
448 -0.026210
449 -0.010980
450 -0.023945
451 -0.016173
452 -0.022064
453 -0.014996
454 -0.017056
455 -0.025982
456 -0.021641
457 -0.015149
458 -0.011599
459 -0.012637
460 -0.008714
461 -0.006864
462 -0.005849
463 -0.007609
464 -0.013391
465 -0.021209
466 -0.012852
467 -0.011898
468 -0.016553
469 -0.005702
470 -0.021682
471 -0.011682
472 -0.015137
473 -0.001388
474 -0.002558
475 -0.009505
476 -0.009363
477 -0.014083
478 -0.020774
479 -0.008688
480 0.002392
481 -0.015788
482 -0.013292
483 -0.006001
484 -0.011736
485 -0.019616
486 -0.011870
487 -0.005715
488 -0.007067
489 -0.001483
490 -0.001460
491 -0.025945
492 -0.002357
493 -0.006072
494 -0.003782
495 -0.014947
496 -0.010267
497 -0.016900
498 -0.013010
499 0.001914
500 -0.022887
501 -0.008182
502 -0.017997
503 -0.020735
504 -0.014463
505 -0.014149
506 -0.015337
507 -0.015704
508 0.001184
509 -0.034206
510 -0.003112
511 -0.008989
512 -0.014013
513 -0.019370
514 -0.012564
515 -0.005463
516 -0.014885
517 -0.015719
518 -0.010400
519 -0.013660
520 -0.016002
521 -0.016351
522 -0.007030
523 -0.019337
524 -0.002267
525 -0.018324
526 -0.020007
527 -0.012669
528 -0.017300
529 -0.021829
530 -0.017163
531 -0.028244
532 -0.015677
533 -0.010714
534 -0.016836
535 -0.011628
536 -0.022253
537 -0.017471
538 -0.014854
539 -0.015807
540 -0.019824
541 -0.013416
542 -0.026104
543 -0.010753
544 -0.009360
545 -0.023832
546 -0.031894
547 -0.032103
548 -0.011644
549 -0.015015
550 -0.017703
551 -0.024675
552 -0.023601
553 -0.017918
554 -0.017438
555 -0.028458
556 -0.020686
557 -0.016712
558 -0.016188
559 -0.021854
560 -0.024163
561 -0.020757
562 -0.024469
563 -0.017871
564 -0.013805
565 -0.020208
566 -0.019729
567 -0.013567
568 -0.014689
569 -0.019724
570 -0.023592
571 -0.017220
572 -0.022711
573 -0.015262
574 -0.019332
575 -0.012073
576 -0.011223
577 -0.002375
578 0.002351
579 -0.004071
580 -0.007816
581 -0.004640
582 -0.004411
583 0.011876
584 0.014228
585 0.007621
586 -0.005452
587 0.001204
588 -0.004323
589 -0.006598
590 -0.026135
591 0.000003
592 0.008812
593 0.003421
594 0.002340
595 0.001847
596 0.007507
597 -0.004951
598 -0.000723
599 -0.004149
600 -0.008080
601 0.004713
602 -0.004261
603 -0.001623
604 -0.011128
605 -0.012860
606 -0.004830
607 -0.006276
608 -0.013152
609 -0.002798
610 -0.012810
611 -0.011048
612 -0.015512
613 -0.008686
614 -0.007770
615 -0.003708
616 -0.014803
617 -0.022617
618 -0.002831
619 -0.010648
620 -0.016434
621 -0.009080
622 -0.021868
623 -0.018129
624 -0.013375
625 -0.007409
626 -0.001833
627 -0.020623
628 -0.006341
629 -0.012767
630 -0.016213
631 -0.023195
632 -0.009863
633 -0.002972
634 -0.021759
635 -0.016632
636 -0.013592
637 -0.020143
638 -0.011030
639 -0.015590
640 -0.033484
641 -0.010936
642 -0.021431
643 -0.011088
644 -0.033081
645 -0.024673
646 -0.030895
647 0.007982
648 0.002759
649 0.013667
650 0.012209
651 0.004830
652 0.003946
653 0.002490
654 0.004958
655 0.004295
656 0.002412
657 -0.018362
658 -0.024751
659 -0.025769
660 -0.014102
661 -0.020087
662 -0.020258
663 -0.014323
664 -0.021007
665 -0.011587
666 -0.006813
667 -0.016766
668 -0.012897
669 -0.006408
670 -0.022406
671 -0.015045
672 -0.023035
673 -0.020936
674 -0.015647
675 -0.015495
676 -0.009727
677 -0.018980
678 0.003410
679 -0.026298
680 -0.029006
681 -0.000544
682 -0.017184
683 -0.008539
684 -0.017973
685 -0.029462
686 -0.022304
687 -0.012623
688 -0.008690
689 -0.012345
690 -0.025383
691 -0.018480
692 -0.008342
693 -0.022372
694 -0.015140
695 -0.032773
696 -0.012321
697 -0.014483
698 -0.029345
699 -0.020014
700 -0.025041
701 -0.015054
702 -0.021462
703 -0.025304
704 -0.021406
705 -0.013519
706 -0.010005
707 -0.013598
708 -0.014179
709 -0.016057
710 -0.011561
711 -0.026410
712 -0.023279
713 -0.010685
714 -0.022347
715 -0.007634
716 -0.010986
717 -0.020623
718 -0.020765
719 -0.014388
720 -0.019943
721 -0.007245
722 -0.022328
723 -0.014613
724 -0.017049
725 -0.013667
726 -0.033956
727 -0.012106
728 -0.018737
729 -0.006158
730 -0.026961
731 -0.006486
732 -0.025092
733 -0.020600
734 -0.011009
735 -0.013192
736 -0.021982
737 -0.025711
738 -0.034542
739 -0.016984
740 0.000147
741 0.009655
742 -0.015084
743 -0.006967
744 0.005988
745 0.011243
746 -0.026063
747 -0.001748
748 0.008377
749 0.010063
750 0.007174
751 0.019618
752 0.012266
753 0.002785
754 0.005191
755 0.001800
756 -0.000453
757 -0.000283
758 -0.006233
759 0.012813
760 -0.014716
761 0.017152
762 0.002635
763 -0.023741
764 -0.012630
765 -0.013605
766 -0.015932
767 -0.015530
768 -0.011112
769 0.008425
770 0.002618
771 -0.003871
772 0.006803
773 0.002718
774 -0.004459
775 0.001673
776 0.001404
777 -0.010721
778 0.004900
779 -0.003835
780 0.010811
781 -0.003229
782 0.007698
783 -0.000222
784 0.005571
785 0.004416
786 -0.006069
787 0.002956
788 0.011159
789 -0.002339
790 -0.032586
791 0.008774
792 -0.002794
793 0.002178
794 0.021425
795 0.000824
796 0.006405
797 0.002603
798 0.004434
799 0.003722
800 0.008412
801 -0.010800
802 0.010516
803 -0.005652
804 -0.007641
805 -0.012697
806 -0.011587
807 -0.016349
808 -0.014904
809 -0.008321
810 -0.017408
811 -0.009445
812 -0.021368
813 -0.006095
814 -0.011939
815 -0.002182
816 -0.012375
817 -0.007957
818 -0.009730
819 -0.006174
820 -0.015903
821 -0.012177
822 -0.027313
823 -0.007951
824 -0.012812
825 -0.016503
826 -0.006134
827 -0.015532
828 -0.009056
829 -0.010612
830 -0.013649
831 -0.006559
832 -0.001356
833 0.000870
834 -0.011574
835 0.000172
836 -0.013504
837 -0.019358
838 -0.015939
839 -0.007888
840 -0.015084
841 -0.009510
842 -0.010013
843 -0.016525
844 -0.008786
845 -0.009518
846 0.003066
847 0.002593
848 -0.022391
849 -0.016043
850 -0.010815
851 -0.008422
852 -0.022730
853 0.004626
854 -0.016745
855 0.001903
856 -0.019710
857 0.000225
858 0.001029
859 -0.029055
860 -0.008630
861 0.006464
862 0.008647
863 -0.011595
864 0.008199
865 -0.013261
866 -0.000145
867 -0.037879
868 -0.011133
869 0.002951
870 0.010354
871 0.015153
872 -0.010340
873 0.008335
874 0.007714
875 0.001657
876 -0.014951
877 -0.026599
878 -0.014362
879 -0.003479
880 -0.006628
881 -0.003497
882 0.000088
883 -0.001832
884 0.003372
885 0.013385
886 -0.007609
887 0.006366
888 0.001130
889 -0.006132
890 -0.012466
891 -0.009157
892 -0.021230
893 -0.015886
894 -0.002031
895 0.004944
896 -0.006188
897 -0.003826
898 -0.011812
899 -0.015812
900 -0.009556
901 -0.006254
902 0.010253
903 -0.011929
904 0.011848
905 -0.005116
906 -0.010665
907 -0.003712
908 0.000088
909 0.002787
910 0.000526
911 -0.000455
912 0.002859
913 -0.001854
914 0.000485
915 0.000285
916 -0.006604
917 -0.002353
918 0.000970
919 -0.005685
920 -0.003779
921 -0.003041
922 0.006285
923 0.001419
924 0.002010
925 -0.006716
926 0.001446
927 0.003716
928 0.006470
929 -0.002075
930 0.000486
931 -0.008032
932 -0.002372
933 0.009900
934 -0.023899
935 0.004222
936 -0.006982
937 0.009038
938 0.003526
939 -0.005696
940 -0.018417
941 0.005794
942 -0.022756
943 -0.000253
944 -0.012354
945 -0.016862
946 -0.009241
947 -0.001253
948 -0.014887
949 -0.011748
950 -0.023275
951 -0.018375
952 -0.015438
953 -0.016456
954 -0.017312
955 -0.018393
956 -0.020599
957 -0.025394
958 -0.015455
959 0.008832
960 -0.005275
961 -0.010961
962 -0.009670
963 -0.002057
964 -0.010839
965 -0.012884
966 -0.007575
967 -0.019211
968 -0.016820
969 -0.022682
970 -0.012903
971 -0.016997
972 -0.013409
973 -0.019063
974 -0.014311
975 -0.004543
976 -0.018523
977 -0.008776
978 -0.009449
979 -0.004525
980 -0.007072
981 -0.009783
982 -0.009862
983 -0.017589
984 0.003526
985 -0.005057
986 -0.006076
987 -0.006364
988 -0.001909
989 -0.007725
990 -0.013746
991 -0.008289
992 -0.007966
993 -0.022887
994 -0.005891
995 0.002747
996 -0.017409
997 -0.016331
998 -0.012842
999 -0.021016
1000 -0.046735
1001 0.000000
1002 0.000000
1003 0.000000
1004 0.000000
1005 0.000000
1006 0.000000
1007 0.000000
1008 0.000000
1009 0.000000
1010 0.000000
1011 0.000000
1012 0.000000
1013 0.000000
1014 0.000000
1015 0.000000
1016 0.000000
1017 0.000000
1018 0.000000
1019 0.000000
1020 0.000000
1021 0.000000
1022 0.000000
1023 0.000000
1024 0.000000
1025 0.000000
1026 0.000000
1027 0.000000
1028 0.000000
1029 0.000000
1030 0.000000
1031 0.000000
1032 0.000000
1033 0.000000
1034 0.000000
1035 0.000000
1036 0.000000
1037 0.000000
1038 0.000000
1039 0.000000
1040 0.000000
1041 0.000000
1042 0.000000
1043 0.000000
1044 0.000000
1045 0.000000
1046 0.000000
1047 0.000000
1048 0.000000
1049 0.000000
1050 0.000000
1051 0.000000
1052 0.000000
1053 0.000000
1054 0.000000
1055 0.000000
1056 0.000000
1057 0.000000
1058 0.000000
1059 0.000000
1060 0.000000
1061 0.000000
1062 0.000000
1063 0.000000
1064 0.000000
1065 0.000000
1066 0.000000
1067 0.000000
1068 0.000000
1069 0.000000
1070 0.000000
1071 0.000000
1072 0.000000
1073 0.000000
1074 0.000000
1075 0.000000
1076 0.000000
1077 0.000000
1078 0.000000
1079 0.000000
1080 0.000000
1081 0.000000
1082 0.000000
1083 0.000000
1084 0.000000
1085 0.000000
1086 0.000000
1087 0.000000
1088 0.000000
1089 0.000000
1090 0.000000
1091 0.000000
1092 0.000000
1093 0.000000
1094 0.000000
1095 0.000000
1096 0.000000
1097 0.000000
1098 0.000000
1099 0.000000
1100 0.000000
1101 0.000000
1102 0.000000
1103 0.000000
1104 0.000000
1105 0.000000
1106 0.000000
1107 0.000000
1108 0.000000
1109 0.000000
1110 0.000000
1111 0.000000
1112 0.000000
1113 0.000000
1114 0.000000
1115 0.000000
1116 0.000000
1117 0.000000
1118 0.000000
1119 0.000000
1120 0.000000
1121 0.000000
1122 0.000000
1123 0.000000
1124 0.000000
1125 0.000000
1126 0.000000
1127 0.000000
1128 0.000000
1129 0.000000
1130 0.000000
1131 0.000000
1132 0.000000
1133 0.000000
1134 0.000000
1135 0.000000
1136 0.000000
1137 0.000000
1138 0.000000
1139 0.000000
1140 0.000000
1141 0.000000
1142 0.000000
1143 0.000000
1144 0.000000
1145 0.000000
1146 0.000000
1147 0.000000
1148 0.000000
1149 0.000000
1150 0.000000
1151 0.000000
1152 0.000000
1153 0.000000
1154 0.000000
1155 0.000000
1156 0.000000
1157 0.000000
1158 0.000000
1159 0.000000
1160 0.000000
1161 0.000000
1162 0.000000
1163 0.000000
1164 0.000000
1165 0.000000
1166 0.000000
1167 0.000000
1168 0.000000
1169 0.000000
1170 0.000000
1171 0.000000
1172 0.000000
1173 0.000000
1174 0.000000
1175 0.000000
1176 0.000000
1177 0.000000
1178 0.000000
1179 0.000000
1180 0.000000
1181 0.000000
1182 0.000000
1183 0.000000
1184 0.000000
1185 0.000000
1186 0.000000
1187 0.000000
1188 0.000000
1189 0.000000
1190 0.000000
1191 0.000000
1192 0.000000
1193 0.000000
1194 0.000000
1195 0.000000
1196 0.000000
1197 0.000000
1198 0.000000
1199 0.000000
1200 0.000000
1201 0.000000
1202 0.000000
1203 0.000000
1204 0.000000
1205 0.000000
1206 0.000000
1207 0.000000
1208 0.000000
1209 0.000000
1210 0.000000
1211 0.000000
1212 0.000000
1213 0.000000
1214 0.000000
1215 0.000000
1216 0.000000
1217 0.000000
1218 0.000000
1219 0.000000
1220 0.000000
1221 0.000000
1222 0.000000
1223 0.000000
1224 0.000000
1225 0.000000
1226 0.000000
1227 0.000000
1228 0.000000
1229 0.000000
1230 0.000000
1231 0.000000
1232 0.000000
1233 0.000000
1234 0.000000
1235 0.000000
1236 0.000000
1237 0.000000
1238 0.000000
1239 0.000000
1240 0.000000
1241 0.000000
1242 0.000000
1243 0.000000
1244 0.000000
1245 0.000000
1246 0.000000
1247 0.000000
1248 0.000000
1249 0.000000
1250 0.000000
1251 0.000000
1252 0.000000
1253 0.000000
1254 0.000000
1255 0.000000
1256 0.000000
1257 0.000000
1258 0.000000
1259 0.000000
1260 0.000000
1261 0.000000
1262 0.000000
1263 0.000000
1264 0.000000
1265 0.000000
1266 0.000000
1267 0.000000
1268 0.000000
1269 0.000000
1270 0.000000
1271 0.000000
1272 0.000000
1273 0.000000
1274 0.000000
1275 0.000000
1276 0.000000
1277 0.000000
1278 0.000000
1279 0.000000
1280 0.000000
1281 0.000000
1282 0.000000
1283 0.000000
1284 0.000000
1285 0.000000
1286 0.000000
1287 0.000000
1288 0.000000
1289 0.000000
1290 0.000000
1291 0.000000
1292 0.000000
1293 0.000000
1294 0.000000
1295 0.000000
1296 0.000000
1297 0.000000
1298 0.000000
1299 0.000000
1300 0.000000
1301 0.000000
1302 0.000000
1303 0.000000
1304 0.000000
1305 0.000000
1306 0.000000
1307 0.000000
1308 0.000000
1309 0.000000
1310 0.000000
1311 0.000000
1312 0.000000
1313 0.000000
1314 0.000000
1315 0.000000
1316 0.000000
1317 0.000000
1318 0.000000
1319 0.000000
1320 0.000000
1321 0.000000
1322 0.000000
1323 0.000000
1324 0.000000
1325 0.000000
1326 0.000000
1327 0.000000
1328 0.000000
1329 0.000000
1330 0.000000
1331 0.000000
1332 0.000000
1333 0.000000
1334 0.000000
1335 0.000000
1336 0.000000
1337 0.000000
1338 0.000000
1339 0.000000
1340 0.000000
1341 0.000000
1342 0.000000
1343 0.000000
1344 0.000000
1345 0.000000
1346 0.000000
1347 0.000000
1348 0.000000
1349 0.000000
1350 0.000000
1351 0.000000
1352 0.000000
1353 0.000000
1354 0.000000
1355 0.000000
1356 0.000000
1357 0.000000
1358 0.000000
1359 0.000000
1360 0.000000
1361 0.000000
1362 0.000000
1363 0.000000
1364 0.000000
1365 0.000000
1366 0.000000
1367 0.000000
1368 0.000000
1369 0.000000
1370 0.000000
1371 0.000000
1372 0.000000
1373 0.000000
1374 0.000000
1375 0.000000
1376 0.000000
1377 0.000000
1378 0.000000
1379 0.000000
1380 0.000000
1381 0.000000
1382 0.000000
1383 0.000000
1384 0.000000
1385 0.000000
1386 0.000000
1387 0.000000
1388 0.000000
1389 0.000000
1390 0.000000
1391 0.000000
1392 0.000000
1393 0.000000
1394 0.000000
1395 0.000000
1396 0.000000
1397 0.000000
1398 0.000000
1399 0.000000
1400 0.000000
1401 0.000000
1402 0.000000
1403 0.000000
1404 0.000000
1405 0.000000
1406 0.000000
1407 0.000000
1408 0.000000
1409 0.000000
1410 0.000000
1411 0.000000
1412 0.000000
1413 0.000000
1414 0.000000
1415 0.000000
1416 0.000000
1417 0.000000
1418 0.000000
1419 0.000000
1420 0.000000
1421 0.000000
1422 0.000000
1423 0.000000
1424 0.000000
1425 0.000000
1426 0.000000
1427 0.000000
1428 0.000000
1429 0.000000
1430 0.000000
1431 0.000000
1432 0.000000
1433 0.000000
1434 0.000000
1435 0.000000
1436 0.000000
1437 0.000000
1438 0.000000
1439 0.000000
1440 0.000000
1441 0.000000
1442 0.000000
1443 0.000000
1444 0.000000
1445 0.000000
1446 0.000000
1447 0.000000
1448 0.000000
1449 0.000000
1450 0.000000
1451 0.000000
1452 0.000000
1453 0.000000
1454 0.000000
1455 0.000000
1456 0.000000
1457 0.000000
1458 0.000000
1459 0.000000
1460 0.000000
1461 0.000000
1462 0.000000
1463 0.000000
1464 0.000000
1465 0.000000
1466 0.000000
1467 0.000000
1468 0.000000
1469 0.000000
1470 0.000000
1471 0.000000
1472 0.000000
1473 0.000000
1474 0.000000
1475 0.000000
1476 0.000000
1477 0.000000
1478 0.000000
1479 0.000000
1480 0.000000
1481 0.000000
1482 0.000000
1483 0.000000
1484 0.000000
1485 0.000000
1486 0.000000
1487 0.000000
1488 0.000000
1489 0.000000
1490 0.000000
1491 0.000000
1492 0.000000
1493 0.000000
1494 0.000000
1495 0.000000
1496 0.000000
1497 0.000000
1498 0.000000
1499 0.000000
1500 0.000000
1501 0.000000
1502 0.000000
1503 0.000000
1504 0.000000
1505 0.000000
1506 0.000000
1507 0.000000
1508 0.000000
1509 0.000000
1510 0.000000
1511 0.000000
1512 0.000000
1513 0.000000
1514 0.000000
1515 0.000000
1516 0.000000
1517 0.000000
1518 0.000000
1519 0.000000
1520 0.000000
1521 0.000000
1522 0.000000
1523 0.000000
1524 0.000000
1525 0.000000
1526 0.000000
1527 0.000000
1528 0.000000
1529 0.000000
1530 0.000000
1531 0.000000
1532 0.000000
1533 0.000000
1534 0.000000
1535 0.000000
1536 0.000000
1537 0.000000
1538 0.000000
1539 0.000000
1540 0.000000
1541 0.000000
1542 0.000000
1543 0.000000
1544 0.000000
1545 0.000000
1546 0.000000
1547 0.000000
1548 0.000000
1549 0.000000
1550 0.000000
1551 0.000000
1552 0.000000
1553 0.000000
1554 0.000000
1555 0.000000
1556 0.000000
1557 0.000000
1558 0.000000
1559 0.000000
1560 0.000000
1561 0.000000
1562 0.000000
1563 0.000000
1564 0.000000
1565 0.000000
1566 0.000000
1567 0.000000
1568 0.000000
1569 0.000000
1570 0.000000
1571 0.000000
1572 0.000000
1573 0.000000
1574 0.000000
1575 0.000000
1576 0.000000
1577 0.000000
1578 0.000000
1579 0.000000
1580 0.000000
1581 0.000000
1582 0.000000
1583 0.000000
1584 0.000000
1585 0.000000
1586 0.000000
1587 0.000000
1588 0.000000
1589 0.000000
1590 0.000000
1591 0.000000
1592 0.000000
1593 0.000000
1594 0.000000
1595 0.000000
1596 0.000000
1597 0.000000
1598 0.000000
1599 0.000000
1600 0.000000
1601 0.000000
1602 0.000000
1603 0.000000
1604 0.000000
1605 0.000000
1606 0.000000
1607 0.000000
1608 0.000000
1609 0.000000
1610 0.000000
1611 0.000000
1612 0.000000
1613 0.000000
1614 0.000000
1615 0.000000
1616 0.000000
1617 0.000000
1618 0.000000
1619 0.000000
1620 0.000000
1621 0.000000
1622 0.000000
1623 0.000000
1624 0.000000
1625 0.000000
1626 0.000000
1627 0.000000
1628 0.000000
1629 0.000000
1630 0.000000
1631 0.000000
1632 0.000000
1633 0.000000
1634 0.000000
1635 0.000000
1636 0.000000
1637 0.000000
1638 0.000000
1639 0.000000
1640 0.000000
1641 0.000000
1642 0.000000
1643 0.000000
1644 0.000000
1645 0.000000
1646 0.000000
1647 0.000000
1648 0.000000
1649 0.000000
1650 0.000000
1651 0.000000
1652 0.000000
1653 0.000000
1654 0.000000
1655 0.000000
1656 0.000000
1657 0.000000
1658 0.000000
1659 0.000000
1660 0.000000
1661 0.000000
1662 0.000000
1663 0.000000
1664 0.000000
1665 0.000000
1666 0.000000
1667 0.000000
1668 0.000000
1669 0.000000
1670 0.000000
1671 0.000000
1672 0.000000
1673 0.000000
1674 0.000000
1675 0.000000
1676 0.000000
1677 0.000000
1678 0.000000
1679 0.000000
1680 0.000000
1681 0.000000
1682 0.000000
1683 0.000000
1684 0.000000
1685 0.000000
1686 0.000000
1687 0.000000
1688 0.000000
1689 0.000000
1690 0.000000
1691 0.000000
1692 0.000000
1693 0.000000
1694 0.000000
1695 0.000000
1696 0.000000
1697 0.000000
1698 0.000000
1699 0.000000
1700 0.000000
1701 0.000000
1702 0.000000
1703 0.000000
1704 0.000000
1705 0.000000
1706 0.000000
1707 0.000000
1708 0.000000
1709 0.000000
1710 0.000000
1711 0.000000
1712 0.000000
1713 0.000000
1714 0.000000
1715 0.000000
1716 0.000000
1717 0.000000
1718 0.000000
1719 0.000000
1720 0.000000
1721 0.000000
1722 0.000000
1723 0.000000
1724 0.000000
1725 0.000000
1726 0.000000
1727 0.000000
1728 0.000000
1729 0.000000
1730 0.000000
1731 0.000000
1732 0.000000
1733 0.000000
1734 0.000000
1735 0.000000
1736 0.000000
1737 0.000000
1738 0.000000
1739 0.000000
1740 0.000000
1741 0.000000
1742 0.000000
1743 0.000000
1744 0.000000
1745 0.000000
1746 0.000000
1747 0.000000
1748 0.000000
1749 0.000000
1750 0.000000
1751 0.000000
1752 0.000000
1753 0.000000
1754 0.000000
1755 0.000000
1756 0.000000
1757 0.000000
1758 0.000000
1759 0.000000
1760 0.000000
1761 0.000000
1762 0.000000
1763 0.000000
1764 0.000000
1765 0.000000
1766 0.000000
1767 0.000000
1768 0.000000
1769 0.000000
1770 0.000000
1771 0.000000
1772 0.000000
1773 0.000000
1774 0.000000
1775 0.000000
1776 0.000000
1777 0.000000
1778 0.000000
1779 0.000000
1780 0.000000
1781 0.000000
1782 0.000000
1783 0.000000
1784 0.000000
1785 0.000000
1786 0.000000
1787 0.000000
1788 0.000000
1789 0.000000
1790 0.000000
1791 0.000000
1792 0.000000
1793 0.000000
1794 0.000000
1795 0.000000
1796 0.000000
1797 0.000000
1798 0.000000
1799 0.000000
1800 0.000000
1801 0.000000
1802 0.000000
1803 0.000000
1804 0.000000
1805 0.000000
1806 0.000000
1807 0.000000
1808 0.000000
1809 0.000000
1810 0.000000
1811 0.000000
1812 0.000000
1813 0.000000
1814 0.000000
1815 0.000000
1816 0.000000
1817 0.000000
1818 0.000000
1819 0.000000
1820 0.000000
1821 0.000000
1822 0.000000
1823 0.000000
1824 0.000000
1825 0.000000
1826 0.000000
1827 0.000000
1828 0.000000
1829 0.000000
1830 0.000000
1831 0.000000
1832 0.000000
1833 0.000000
1834 0.000000
1835 0.000000
1836 0.000000
1837 0.000000
1838 0.000000
1839 0.000000
1840 0.000000
1841 0.000000
1842 0.000000
1843 0.000000
1844 0.000000
1845 0.000000
1846 0.000000
1847 0.000000
1848 0.000000
1849 0.000000
1850 0.000000
1851 0.000000
1852 0.000000
1853 0.000000
1854 0.000000
1855 0.000000
1856 0.000000
1857 0.000000
1858 0.000000
1859 0.000000
1860 0.000000
1861 0.000000
1862 0.000000
1863 0.000000
1864 0.000000
1865 0.000000
1866 0.000000
1867 0.000000
1868 0.000000
1869 0.000000
1870 0.000000
1871 0.000000
1872 0.000000
1873 0.000000
1874 0.000000
1875 0.000000
1876 0.000000
1877 0.000000
1878 0.000000
1879 0.000000
1880 0.000000
1881 0.000000
1882 0.000000
1883 0.000000
1884 0.000000
1885 0.000000
1886 0.000000
1887 0.000000
1888 0.000000
1889 0.000000
1890 0.000000
1891 0.000000
1892 0.000000
1893 0.000000
1894 0.000000
1895 0.000000
1896 0.000000
1897 0.000000
1898 0.000000
1899 0.000000
1900 0.000000
1901 0.000000
1902 0.000000
1903 0.000000
1904 0.000000
1905 0.000000
1906 0.000000
1907 0.000000
1908 0.000000
1909 0.000000
1910 0.000000
1911 0.000000
1912 0.000000
1913 0.000000
1914 0.000000
1915 0.000000
1916 0.000000
1917 0.000000
1918 0.000000
1919 0.000000
1920 0.000000
1921 0.000000
1922 0.000000
1923 0.000000
1924 0.000000
1925 0.000000
1926 0.000000
1927 0.000000
1928 0.000000
1929 0.000000
1930 0.000000
1931 0.000000
1932 0.000000
1933 0.000000
1934 0.000000
1935 0.000000
1936 0.000000
1937 0.000000
1938 0.000000
1939 0.000000
1940 0.000000
1941 0.000000
1942 0.000000
1943 0.000000
1944 0.000000
1945 0.000000
1946 0.000000
1947 0.000000
1948 0.000000
1949 0.000000
1950 0.000000
1951 0.000000
1952 0.000000
1953 0.000000
1954 0.000000
1955 0.000000
1956 0.000000
1957 0.000000
1958 0.000000
1959 0.000000
1960 0.000000
1961 0.000000
1962 0.000000
1963 0.000000
1964 0.000000
1965 0.000000
1966 0.000000
1967 0.000000
1968 0.000000
1969 0.000000
1970 0.000000
1971 0.000000
1972 0.000000
1973 0.000000
1974 0.000000
1975 0.000000
1976 0.000000
1977 0.000000
1978 0.000000
1979 0.000000
1980 0.000000
1981 0.000000
1982 0.000000
1983 0.000000
1984 0.000000
1985 0.000000
1986 0.000000
1987 0.000000
1988 0.000000
1989 0.000000
1990 0.000000
1991 0.000000
1992 0.000000
1993 0.000000
1994 0.000000
1995 0.000000
1996 0.000000
1997 0.000000
1998 0.000000
1999 0.000000
2000 0.000000
2001 0.000000
2002 0.000000
2003 0.000000
2004 0.000000
2005 0.000000
2006 0.000000
2007 0.000000
2008 0.000000
2009 0.000000
2010 0.000000
2011 0.000000
2012 0.000000
2013 0.000000
2014 0.000000
2015 0.000000
2016 0.000000
2017 0.000000
2018 0.000000
2019 0.000000
2020 0.000000
2021 0.000000
2022 0.000000
2023 0.000000
2024 0.000000
2025 0.000000
2026 0.000000
2027 0.000000
2028 0.000000
2029 0.000000
2030 0.000000
2031 0.000000
2032 0.000000
2033 0.000000
2034 0.000000
2035 0.000000
2036 0.000000
2037 0.000000
2038 0.000000
2039 0.000000
2040 0.000000
2041 0.000000
2042 0.000000
2043 0.000000
2044 0.000000
2045 0.000000
2046 0.000000
2047 0.000000
2048 0.000000
2049 0.000000
2050 0.000000
2051 0.000000
2052 0.000000
2053 0.000000
2054 0.000000
2055 0.000000
2056 0.000000
2057 0.000000
2058 0.000000
2059 0.000000
2060 0.000000
2061 0.000000
2062 0.000000
2063 0.000000
2064 0.000000
2065 0.000000
2066 0.000000
2067 0.000000
2068 0.000000
2069 0.000000
2070 0.000000
2071 0.000000
2072 0.000000
2073 0.000000
2074 0.000000
2075 0.000000
2076 0.000000
2077 0.000000
2078 0.000000
2079 0.000000
2080 0.000000
2081 0.000000
2082 0.000000
2083 0.000000
2084 0.000000
2085 0.000000
2086 0.000000
2087 0.000000
2088 0.000000
2089 0.000000
2090 0.000000
2091 0.000000
2092 0.000000
2093 0.000000
2094 0.000000
2095 0.000000
2096 0.000000
2097 0.000000
2098 0.000000
2099 0.000000
2100 0.000000
2101 0.000000
2102 0.000000
2103 0.000000
2104 0.000000
2105 0.000000
2106 0.000000
2107 0.000000
2108 0.000000
2109 0.000000
2110 0.000000
2111 0.000000
2112 0.000000
2113 0.000000
2114 0.000000
2115 0.000000
2116 0.000000
2117 0.000000
2118 0.000000
2119 0.000000
2120 0.000000
2121 0.000000
2122 0.000000
2123 0.000000
2124 0.000000
2125 0.000000
2126 0.000000
2127 0.000000
2128 0.000000
2129 0.000000
2130 0.000000
2131 0.000000
2132 0.000000
2133 0.000000
2134 0.000000
2135 0.000000
2136 0.000000
2137 0.000000
2138 0.000000
2139 0.000000
2140 0.000000
2141 0.000000
2142 0.000000
2143 0.000000
2144 0.000000
2145 0.000000
2146 0.000000
2147 0.000000
2148 0.000000
2149 0.000000
2150 0.000000
2151 0.000000
2152 0.000000
2153 0.000000
2154 0.000000
2155 0.000000
2156 0.000000
2157 0.000000
2158 0.000000
2159 0.000000
2160 0.000000
2161 0.000000
2162 0.000000
2163 0.000000
2164 0.000000
2165 0.000000
2166 0.000000
2167 0.000000
2168 0.000000
2169 0.000000
2170 0.000000
2171 0.000000
2172 0.000000
2173 0.000000
2174 0.000000
2175 0.000000
2176 0.000000
2177 0.000000
2178 0.000000
2179 0.000000
2180 0.000000
2181 0.000000
2182 0.000000
2183 0.000000
2184 0.000000
2185 0.000000
2186 0.000000
2187 0.000000
2188 0.000000
2189 0.000000
2190 0.000000
2191 0.000000
2192 0.000000
2193 0.000000
2194 0.000000
2195 0.000000
2196 0.000000
2197 0.000000
2198 0.000000
2199 0.000000
2200 0.000000
2201 0.000000
2202 0.000000
2203 0.000000
2204 0.000000
2205 0.000000
2206 0.000000
2207 0.000000
2208 0.000000
2209 0.000000
2210 0.000000
2211 0.000000
2212 0.000000
2213 0.000000
2214 0.000000
2215 0.000000
2216 0.000000
2217 0.000000
2218 0.000000
2219 0.000000
2220 0.000000
2221 0.000000
2222 0.000000
2223 0.000000
2224 0.000000
2225 0.000000
2226 0.000000
2227 0.000000
2228 0.000000
2229 0.000000
2230 0.000000
2231 0.000000
2232 0.000000
2233 0.000000
2234 0.000000
2235 0.000000
2236 0.000000
2237 0.000000
2238 0.000000
2239 0.000000
2240 0.000000
2241 0.000000
2242 0.000000
2243 0.000000
2244 0.000000
2245 0.000000
2246 0.000000
2247 0.000000
2248 0.000000
2249 0.000000
2250 0.000000
2251 0.000000
2252 0.000000
2253 0.000000
2254 0.000000
2255 0.000000
2256 0.000000
2257 0.000000
2258 0.000000
2259 0.000000
2260 0.000000
2261 0.000000
2262 0.000000
2263 0.000000
2264 0.000000
2265 0.000000
2266 0.000000
2267 0.000000
2268 0.000000
2269 0.000000
2270 0.000000
2271 0.000000
2272 0.000000
2273 0.000000
2274 0.000000
2275 0.000000
2276 0.000000
2277 0.000000
2278 0.000000
2279 0.000000
2280 0.000000
2281 0.000000
2282 0.000000
2283 0.000000
2284 0.000000
2285 0.000000
2286 0.000000
2287 0.000000
2288 0.000000
2289 0.000000
2290 0.000000
2291 0.000000
2292 0.000000
2293 0.000000
2294 0.000000
2295 0.000000
2296 0.000000
2297 0.000000
2298 0.000000
2299 0.000000
2300 0.000000
2301 0.000000
2302 0.000000
2303 0.000000
2304 0.000000
2305 0.000000
2306 0.000000
2307 0.000000
2308 0.000000
2309 0.000000
2310 0.000000
2311 0.000000
2312 0.000000
2313 0.000000
2314 0.000000
2315 0.000000
2316 0.000000
2317 0.000000
2318 0.000000
2319 0.000000
2320 0.000000
2321 0.000000
2322 0.000000
2323 0.000000
2324 0.000000
2325 0.000000
2326 0.000000
2327 0.000000
2328 0.000000
2329 0.000000
2330 0.000000
2331 0.000000
2332 0.000000
2333 0.000000
2334 0.000000
2335 0.000000
2336 0.000000
2337 0.000000
2338 0.000000
2339 0.000000
2340 0.000000
2341 0.000000
2342 0.000000
2343 0.000000
2344 0.000000
2345 0.000000
2346 0.000000
2347 0.000000
2348 0.000000
2349 0.000000
2350 0.000000
2351 0.000000
2352 0.000000
2353 0.000000
2354 0.000000
2355 0.000000
2356 0.000000
2357 0.000000
2358 0.000000
2359 0.000000
2360 0.000000
2361 0.000000
2362 0.000000
2363 0.000000
2364 0.000000
2365 0.000000
2366 0.000000
2367 0.000000
2368 0.000000
2369 0.000000
2370 0.000000
2371 0.000000
2372 0.000000
2373 0.000000
2374 0.000000
2375 0.000000
2376 0.000000
2377 0.000000
2378 0.000000
2379 0.000000
2380 0.000000
2381 0.000000
2382 0.000000
2383 0.000000
2384 0.000000
2385 0.000000
2386 0.000000
2387 0.000000
2388 0.000000
2389 0.000000
2390 0.000000
2391 0.000000
2392 0.000000
2393 0.000000
2394 0.000000
2395 0.000000
2396 0.000000
2397 0.000000
2398 0.000000
2399 0.000000
2400 0.000000
2401 0.000000
2402 0.000000
2403 0.000000
2404 0.000000
2405 0.000000
2406 0.000000
2407 0.000000
2408 0.000000
2409 0.000000
2410 0.000000
2411 0.000000
2412 0.000000
2413 0.000000
2414 0.000000
2415 0.000000
2416 0.000000
2417 0.000000
2418 0.000000
2419 0.000000
2420 0.000000
2421 0.000000
2422 0.000000
2423 0.000000
2424 0.000000
2425 0.000000
2426 0.000000
2427 0.000000
2428 0.000000
2429 0.000000
2430 0.000000
2431 0.000000
2432 0.000000
2433 0.000000
2434 0.000000
2435 0.000000
2436 0.000000
2437 0.000000
2438 0.000000
2439 0.000000
2440 0.000000
2441 0.000000
2442 0.000000
2443 0.000000
2444 0.000000
2445 0.000000
2446 0.000000
2447 0.000000
2448 0.000000
2449 0.000000
2450 0.000000
2451 0.000000
2452 0.000000
2453 0.000000
2454 0.000000
2455 0.000000
2456 0.000000
2457 0.000000
2458 0.000000
2459 0.000000
2460 0.000000
2461 0.000000
2462 0.000000
2463 0.000000
2464 0.000000
2465 0.000000
2466 0.000000
2467 0.000000
2468 0.000000
2469 0.000000
2470 0.000000
2471 0.000000
2472 0.000000
2473 0.000000
2474 0.000000
2475 0.000000
2476 0.000000
2477 0.000000
2478 0.000000
2479 0.000000
2480 0.000000
2481 0.000000
2482 0.000000
2483 0.000000
2484 0.000000
2485 0.000000
2486 0.000000
2487 0.000000
2488 0.000000
2489 0.000000
