1 2 -0.007507
1 3 -0.003590
1 4 -0.010192
1 5 -0.008646
1 6 -0.012078
1 7 -0.007323
1 8 -0.004491
1 9 -0.010179
1 10 -0.015650
1 11 -0.012315
1 12 -0.007802
1 13 -0.008802
1 14 -0.011842
1 15 -0.011037
1 16 -0.012275
1 17 -0.016674
1 18 -0.010043
1 19 -0.016164
1 20 -0.015600
1 21 -0.011296
1 22 -0.008289
2 3 -0.003414
2 4 -0.004574
2 5 -0.005720
2 6 -0.006859
2 7 -0.007188
2 8 -0.009330
2 9 -0.006734
2 10 -0.006897
2 11 -0.006928
2 12 -0.008389
2 13 -0.008232
2 14 -0.009818
2 15 -0.009382
2 16 -0.009590
2 17 -0.012734
2 18 -0.008985
2 19 -0.010666
2 20 -0.015431
2 21 -0.007361
2 22 -0.008311
3 4 -0.005819
3 5 -0.007241
3 6 -0.001690
3 7 -0.001633
3 8 -0.006895
3 9 -0.008773
3 10 -0.005706
3 11 -0.005741
3 12 -0.008848
3 13 -0.007498
3 14 -0.010248
3 15 -0.014148
3 16 -0.011261
3 17 -0.010979
3 18 -0.006171
3 19 -0.007018
3 20 -0.008068
3 21 -0.005937
3 22 -0.008050
4 5 -0.004069
4 6 -0.006714
4 7 -0.006859
4 8 -0.007403
4 9 -0.008830
4 10 -0.005650
4 11 -0.005719
4 12 -0.006528
4 13 -0.007354
4 14 -0.015478
4 15 -0.004431
4 16 -0.006514
4 17 -0.017678
4 18 -0.011733
4 19 -0.012138
4 20 -0.010532
4 21 -0.014071
4 22 -0.010146
5 6 -0.007032
5 7 -0.000795
5 8 0.000843
5 9 -0.009125
5 10 -0.003416
5 11 -0.009791
5 12 -0.006828
5 13 -0.005626
5 14 -0.012142
5 15 -0.010342
5 16 -0.010910
5 17 -0.013501
5 18 -0.010598
5 19 -0.009963
5 20 -0.010761
5 21 -0.007924
5 22 -0.010653
6 7 -0.013147
6 8 -0.009022
6 9 -0.007581
6 10 -0.005817
6 11 -0.012613
6 12 -0.010361
6 13 -0.007725
6 14 -0.012475
6 15 -0.007416
6 16 -0.009846
6 17 -0.011127
6 18 -0.002178
6 19 -0.016703
6 20 -0.009832
6 21 -0.009877
6 22 -0.015446
7 8 -0.006977
7 9 -0.013249
7 10 -0.013618
7 11 -0.008845
7 12 -0.009652
7 13 -0.008208
7 14 -0.009825
7 15 -0.012387
7 16 -0.012430
7 17 -0.017149
7 18 -0.006789
7 19 -0.014653
7 20 -0.012312
7 21 -0.008822
7 22 -0.006499
8 9 -0.010478
8 10 -0.009044
8 11 -0.009068
8 12 -0.011455
8 13 -0.000532
8 14 -0.010940
8 15 -0.014031
8 16 -0.011691
8 17 -0.017621
8 18 -0.009021
8 19 -0.015615
8 20 -0.014006
8 21 -0.005019
8 22 -0.020181
9 10 -0.013288
9 11 -0.007618
9 12 -0.012408
9 13 -0.004078
9 14 -0.011239
9 15 -0.008797
9 16 -0.012883
9 17 -0.017715
9 18 -0.015545
9 19 -0.023438
9 20 -0.015165
9 21 -0.016180
9 22 -0.007264
10 11 -0.007993
10 12 -0.004953
10 13 -0.010823
10 14 -0.008826
10 15 -0.013497
10 16 -0.008786
10 17 -0.014225
10 18 -0.010132
10 19 -0.017417
10 20 -0.013944
10 21 -0.007377
10 22 -0.008697
11 12 -0.009840
11 13 -0.002021
11 14 -0.010344
11 15 -0.013023
11 16 -0.006360
11 17 -0.011478
11 18 -0.007317
11 19 -0.014306
11 20 -0.010323
11 21 -0.008342
11 22 -0.013249
12 13 -0.006413
12 14 -0.009916
12 15 -0.008214
12 16 -0.012617
12 17 -0.015154
12 18 -0.014392
12 19 -0.016241
12 20 -0.013465
12 21 -0.008433
12 22 -0.009641
13 14 -0.015841
13 15 -0.006244
13 16 -0.009931
13 17 -0.015238
13 18 -0.005761
13 19 -0.021522
13 20 -0.008278
13 21 -0.002380
13 22 -0.014172
14 15 -0.008717
14 16 -0.013003
14 17 -0.023237
14 18 -0.013700
14 19 -0.023705
14 20 -0.014650
14 21 -0.010648
14 22 -0.012042
15 16 -0.015274
15 17 -0.020518
15 18 -0.006719
15 19 -0.021484
15 20 -0.016441
15 21 -0.008413
15 22 -0.016733
16 17 -0.015990
16 18 -0.019850
16 19 -0.022671
16 20 -0.021175
16 21 -0.013602
16 22 -0.015155
17 18 -0.020294
17 19 -0.020223
17 20 -0.017174
17 21 -0.026563
17 22 -0.019112
18 19 -0.019790
18 20 -0.016018
18 21 -0.015274
18 22 -0.013738
19 20 -0.018658
19 21 -0.019721
19 22 -0.026385
20 21 -0.017152
20 22 -0.012595
21 22 -0.013766
